    53    11     2     1     2     0     0     0     0     0     0     0     1     0     0     0     1     0     0     0     0     0     0     0     0     0     0     3
    10    60     0     1     0     0     1     0     1     0     0     0     1     0     0     0     0     0     0     0     0     0     0     0     0     0     0     0
     1     0    57     5     3     0     0     0     0     0     0     3     1     0     0     1     1     0     0     0     0     0     0     1     0     0     1     0
     0     0    15    52     1     1     0     0     0     0     1     1     1     0     0     0     1     0     0     0     0     0     0     0     0     0     0     1
     1     0     1     1    46     2     9     0     1     0     2     1     1     0     0     0     1     0     1     0     0     0     1     0     0     1     0     5
     1     2     0     0     0    58     0     1     0     0     2     0     0     0     4     0     0     0     0     2     0     0     1     1     0     2     0     0
     1     0     0     1    10     1    42     0     1     1     1     1     0     1     2     0     5     0     0     0     0     0     0     0     1     3     0     3
     2     1     1     2     0     0     0    64     3     0     0     0     1     0     0     0     0     0     0     0     0     0     0     0     0     0     0     0
     1     4     0     0     1     0     0     6    60     0     0     0     0     0     0     0     0     0     0     0     0     1     0     0     1     0     0     0
     0     0     3     0     1     0     0     0     0    52     3    10     0     0     0     0     1     0     0     0     0     0     0     0     0     3     0     1
     0     0     1     3     4     5     0     0     0     7    46     0     2     1     0     0     2     0     0     0     0     0     0     0     0     0     1     2
     2     0     2     6     1     0     0     0     0     4     0    52     0     0     0     0     2     0     0     0     0     0     0     0     0     2     0     3
     0     0     0     1     0     2     0     0     0     0     1     0    64     2     0     1     0     0     0     1     0     0     0     1     0     1     0     0
     0     0     0     0     0     0     1     0     0     0     0     0     5    62     1     0     1     0     0     0     2     0     0     1     0     1     0     0
     0     0     0     0     0     0     0     0     0     0     0     0     1     0    59     5     2     0     1     0     0     2     0     0     0     2     0     2
     0     0     1     0     0     0     0     0     0     0     0     0     0     0     7    56     0     0     1     1     0     1     5     0     0     0     1     1
     0     0     0     0     6     0     1     0     0     0     1     2     1     1     6     0    42     1     2     0     0     3     0     0     0     2     0     6
     0     0     0     1     0     0     0     0     0     0     0     0     0     0     0     0     0    68     0     0     0     1     0     0     0     0     1     3
     0     1     0     0     1     0     0     1     0     0     0     0     0     1     0     0     2     1    60     1     0     0     0     1     0     1     1     3
     0     0     0     1     0     2     0     0     0     0     0     0     0     0     1     0     3     0     1    64     0     0     0     0     0     0     0     2
     0     0     0     0     1     1     0     1     0     0     0     0     0     1     0     0     1     0     0    10    59     0     0     0     0     0     0     0
     0     0     0     0     2     1     1     0     0     0     0     0     1     0     9     3     3     0     0     0     0    41    10     1     0     2     0     0
     0     0     0     0     0     0     0     0     0     0     0     0     1     0     1    10     0     0     0     0     0     8    50     3     0     0     0     1
     0     0     1     1     0     0     0     0     1     0     0     0     1     0     1     2     1     0     2     0     0     3     0    58     0     1     1     1
     0     0     0     0     0     0     0     0     0     0     0     0     1     0     0     0     0     0     0     1     0     0     0     0    62     3     6     1
     0     0     1     0     0     1     2     0     0     0     1     0     0     1     0     0     2     0     0     0     0     0     0     1     1    60     1     3
     1     0     0     0     0     0     0     2     0     1     0     0     0     0     1     1     0     0     3     0     0     0     0     0     2     0    59     4
     2     0     0     0     2     0     0     0     0     1     0     0     1     0     1     0     5     2     3     0     0     0     1     0     1     1     5    49


