2 0
3 0
4 0
5 0
6 0
7 0
8 0
9 0
10 0
11 0
12 0
13 0
14 0
15 0
16 0
17 0
18 0
19 0
20 0
21 0
22 0
23 0
24 0
25 0
26 0
27 0
28 0
29 0
30 0
31 0
32 2
33 2
34 2
35 2
36 2
37 2
38 11
39 2
40 2
41 2
42 2
43 2
44 2
45 2
46 2
47 2
48 2
49 22
50 2
51 2
52 0
53 0
54 0
55 0
56 0
57 0
58 0
59 0
60 0
61 0
62 2
63 2
64 2
65 2
66 2
67 1
68 1
69 2
70 1
71 1
72 1
73 1
74 1
75 1
76 1
77 1
78 1
79 1
80 1
81 1
82 16
83 14
84 9
85 9
86 2
87 6
88 9
89 25
90 9
91 16
92 1
93 1
94 1
95 1
96 1
97 8
98 1
99 0
100 2
101 2
102 2
103 2
104 2
105 2
106 2
107 2
108 2
109 2
110 2
111 2
112 2
113 2
114 2
115 2
116 2
117 2
118 2
119 2
120 2
121 2
122 2
123 2
124 2
125 2
126 2
127 2
128 2
129 2
130 2
131 2
132 2
133 2
134 2
135 2
136 2
137 2
138 2
139 2
140 2
141 2
142 2
143 2
144 2
145 2
146 2
147 2
148 2
149 2
150 2
151 2
152 23
153 2
154 2
155 2
156 3
157 3
158 3
159 3
160 3
161 3
162 3
163 3
164 3
165 3
166 3
167 3
168 3
169 3
170 3
171 3
172 3
173 3
174 3
175 3
176 3
177 3
178 3
179 3
180 3
181 3
182 2
183 2
184 2
185 9
186 2
187 2
188 3
189 2
190 2
191 2
192 4
193 4
194 4
195 4
196 4
197 4
198 4
199 4
200 4
201 4
202 4
203 4
204 4
205 4
206 4
207 4
208 4
209 4
210 4
211 4
212 17
213 10
214 17
215 17
216 9
217 17
218 9
219 9
220 9
221 9
222 4
223 4
224 4
225 4
226 4
227 4
228 4
229 4
230 4
231 0
232 0
233 0
234 0
235 5
236 5
237 5
238 5
239 5
240 5
241 5
242 5
243 5
244 5
245 5
246 5
247 5
248 5
249 5
250 5
251 5
252 5
253 5
254 5
255 5
256 5
257 5
258 5
259 5
260 5
261 5
262 5
263 5
264 5
265 5
266 5
267 5
268 5
269 5
270 5
271 5
272 5
273 5
274 5
275 5
276 5
277 5
278 1
279 1
280 5
281 5
282 5
283 5
284 25
285 25
286 12
287 6
288 6
289 12
290 4
291 4
292 4
293 4
294 4
295 4
296 4
297 4
298 4
299 4
300 6
301 4
302 4
303 4
304 4
305 4
306 4
307 4
308 4
309 4
310 4
311 4
312 15
313 16
314 4
315 6
316 6
317 6
318 6
319 0
320 6
321 4
322 9
323 0
324 3
325 3
326 2
327 2
328 2
329 2
330 1
331 1
332 4
333 6
334 6
335 6
336 14
337 4
338 6
339 7
340 7
341 7
342 2
343 2
344 2
345 2
346 2
347 2
348 2
349 2
350 2
351 2
352 7
353 7
354 7
355 7
356 7
357 7
358 7
359 18
360 7
361 18
362 7
363 7
364 7
365 7
366 7
367 7
368 7
369 7
370 7
371 7
372 7
373 8
374 8
375 8
376 8
377 8
378 8
379 8
380 8
381 8
382 8
383 8
384 8
385 8
386 8
387 8
388 8
389 8
390 8
391 8
392 8
393 8
394 8
395 8
396 8
397 8
398 8
399 8
400 8
401 8
402 8
403 8
404 8
405 8
406 8
407 8
408 8
409 8
410 8
411 8
412 9
413 9
414 9
415 9
416 9
417 9
418 9
419 9
420 9
421 9
422 9
423 9
424 9
425 9
426 9
427 9
428 0
429 9
430 0
431 9
432 9
433 9
434 9
435 9
436 9
437 9
438 9
439 9
440 9
441 9
442 3
443 3
444 3
445 3
446 10
447 10
448 10
449 10
450 10
451 10
452 10
453 10
454 10
455 10
456 10
457 10
458 10
459 10
460 10
461 10
462 10
463 10
464 10
465 10
466 10
467 10
468 10
469 10
470 10
471 10
472 10
473 10
474 10
475 0
476 11
477 11
478 11
479 11
480 11
481 11
482 11
483 11
484 11
485 11
486 11
487 11
488 11
489 11
490 11
491 11
492 11
493 11
494 11
495 9
496 11
497 11
498 11
499 11
500 11
501 11
502 11
503 11
504 11
505 11
506 11
507 11
508 11
509 16
510 0
511 0
512 2
513 7
514 16
515 2
516 0
517 3
518 0
519 0
520 0
521 1
522 0
523 0
524 0
525 0
526 0
527 0
528 0
529 0
530 0
531 0
532 0
533 0
534 2
535 2
536 2
537 0
538 0
539 0
540 12
541 12
542 0
543 21
544 2
545 -1
546 13
547 11
548 27
549 -1
550 16
551 27
552 12
553 12
554 12
555 12
556 12
557 12
558 12
559 12
560 18
561 12
562 12
563 12
564 12
565 12
566 12
567 12
568 12
569 12
570 12
571 12
572 12
573 12
574 14
575 12
576 12
577 12
578 12
579 12
580 12
581 12
582 12
583 12
584 12
585 12
586 12
587 12
588 12
589 12
590 12
591 12
592 12
593 12
594 12
595 12
596 12
597 12
598 12
599 12
600 12
601 12
602 12
603 12
604 12
605 12
606 12
607 12
608 12
609 12
610 12
611 12
612 13
613 13
614 13
615 13
616 13
617 13
618 13
619 13
620 13
621 13
622 13
623 13
624 13
625 13
626 13
627 13
628 13
629 13
630 13
631 13
632 13
633 13
634 13
635 13
636 13
637 13
638 13
639 13
640 13
641 13
642 27
643 27
644 16
645 1
646 10
647 16
648 27
649 11
650 11
651 11
652 13
653 13
654 13
655 13
656 13
657 13
658 13
659 13
660 13
661 13
662 13
663 13
664 13
665 13
666 13
667 13
668 13
669 13
670 13
671 13
672 13
673 13
674 13
675 13
676 13
677 13
678 13
679 13
680 13
681 13
682 13
683 13
684 13
685 13
686 13
687 13
688 13
689 13
690 13
691 13
692 13
693 13
694 13
695 13
696 13
697 13
698 13
699 13
700 13
701 13
702 13
703 13
704 13
705 13
706 14
707 14
708 14
709 14
710 14
711 14
712 14
713 14
714 14
715 14
716 14
717 14
718 14
719 14
720 14
721 14
722 14
723 14
724 14
725 14
726 14
727 18
728 14
729 15
730 14
731 14
732 14
733 15
734 14
735 14
736 14
737 15
738 14
739 14
740 15
741 14
742 14
743 14
744 14
745 15
746 15
747 15
748 15
749 13
750 15
751 15
752 19
753 15
754 15
755 15
756 19
757 15
758 15
759 15
760 15
761 15
762 2
763 3
764 4
765 2
766 10
767 3
768 2
769 3
770 3
771 11
772 19
773 15
774 15
775 19
776 15
777 15
778 15
779 15
780 19
781 15
782 15
783 15
784 15
785 15
786 15
787 15
788 15
789 15
790 15
791 15
792 15
793 15
794 15
795 15
796 15
797 15
798 15
799 15
800 15
801 15
802 15
803 15
804 14
805 16
806 16
807 16
808 16
809 2
810 2
811 16
812 2
813 2
814 2
815 16
816 2
817 16
818 16
819 16
820 16
821 16
822 16
823 16
824 16
825 16
826 16
827 16
828 16
829 16
830 16
831 16
832 0
833 0
834 16
835 16
836 27
837 1
838 16
839 0
840 0
841 27
842 16
843 16
844 16
845 0
846 17
847 17
848 17
849 17
850 17
851 17
852 17
853 17
854 17
855 17
856 17
857 17
858 17
859 17
860 17
861 17
862 -1
863 17
864 17
865 17
866 17
867 17
868 17
869 17
870 17
871 17
872 4
873 17
874 4
875 4
876 4
877 18
878 18
879 18
880 18
881 18
882 18
883 18
884 18
885 18
886 18
887 18
888 18
889 18
890 18
891 18
892 18
893 18
894 18
895 18
896 18
897 18
898 18
899 18
900 18
901 18
902 18
903 18
904 18
905 18
906 18
907 18
908 18
909 18
910 16
911 18
912 15
913 3
914 -1
915 -1
916 24
917 0
918 24
919 0
920 0
921 24
922 19
923 19
924 19
925 19
926 19
927 19
928 19
929 19
930 19
931 19
932 19
933 19
934 19
935 19
936 19
937 19
938 19
939 19
940 19
941 19
942 2
943 2
944 3
945 16
946 2
947 2
948 20
949 2
950 2
951 2
952 2
953 2
954 20
955 20
956 20
957 -1
958 -1
959 -1
960 20
961 20
962 20
963 20
964 20
965 20
966 20
967 20
968 20
969 20
970 20
971 20
972 20
973 20
974 20
975 20
976 20
977 20
978 20
979 20
980 20
981 20
982 19
983 12
984 15
985 14
986 21
987 21
988 15
989 21
990 16
991 21
992 21
993 15
994 15
995 14
996 21
997 15
998 15
999 12
1000 21
1001 21
1002 15
1003 21
1004 21
1005 15
1006 14
1007 12
1008 15
1009 14
1010 21
1011 15
1012 16
1013 21
1014 15
1015 21
1016 16
1017 14
1018 14
1019 14
1020 14
1021 14
1022 22
1023 22
1024 22
1025 15
1026 22
1027 22
1028 15
1029 22
1030 22
1031 22
1032 22
1033 15
1034 22
1035 22
1036 22
1037 22
1038 22
1039 22
1040 22
1041 16
1042 22
1043 22
1044 22
1045 15
1046 22
1047 22
1048 22
1049 22
1050 22
1051 19
1052 10
1053 15
1054 27
1055 2
1056 21
1057 16
1058 2
1059 23
1060 23
1061 12
1062 23
1063 23
1064 15
1065 23
1066 23
1067 23
1068 23
1069 23
1070 23
1071 23
1072 23
1073 23
1074 23
1075 14
1076 23
1077 23
1078 23
1079 23
1080 23
1081 23
1082 23
1083 23
1084 15
1085 23
1086 23
1087 23
1088 23
1089 23
1090 23
1091 -1
1092 -1
1093 -1
1094 24
1095 24
1096 24
1097 24
1098 24
1099 24
1100 24
1101 24
1102 24
1103 24
1104 24
1105 24
1106 24
1107 24
1108 24
1109 24
1110 24
1111 24
1112 24
1113 24
1114 24
1115 24
1116 24
1117 24
1118 24
1119 24
1120 24
1121 24
1122 24
1123 24
1124 24
1125 24
1126 24
1127 24
1128 24
1129 24
1130 24
1131 24
1132 24
1133 24
1134 24
1135 24
1136 24
1137 24
1138 24
1139 24
1140 5
1141 25
1142 25
1143 25
1144 25
1145 25
1146 25
1147 25
1148 25
1149 25
1150 25
1151 25
1152 25
1153 25
1154 25
1155 25
1156 25
1157 25
1158 25
1159 25
1160 25
1161 25
1162 3
1163 22
1164 13
1165 4
1166 23
1167 0
1168 14
1169 23
1170 0
1171 2
1172 25
1173 25
1174 25
1175 25
1176 25
1177 25
1178 25
1179 25
1180 25
1181 25
1182 25
1183 25
1184 25
1185 25
1186 25
1187 0
1188 0
1189 26
1190 27
1191 26
1192 26
1193 26
1194 13
1195 26
1196 26
1197 26
1198 5
1199 24
1200 26
1201 26
1202 26
1203 26
1204 26
1205 27
1206 26
1207 1
1208 23
1209 23
1210 23
1211 23
1212 0
1213 14
1214 14
1215 14
1216 1
1217 1
1218 27
1219 1
1220 1
1221 1
1222 27
1223 11
1224 16
1225 4
1226 24
1227 24
1228 25
1229 25
1230 25
1231 25
1232 18
1233 2
1234 2
1235 2
1236 2
1237 15
1238 6
1239 24
1240 24
1241 12
1242 4
1243 2
1244 2
1245 5
1246 15
1247 15
1248 15
1249 15
1250 14
1251 14
1252 25
1253 5
1254 13
1255 18
1256 13
1257 16
1258 14
1259 -1
1260 -1
1261 -1
1262 -1
1263 -1
1264 -1
1265 -1
1266 -1
1267 -1
1268 -1
1269 -1
1270 -1
1271 -1
1272 16
1273 27
1274 27
1275 15
1276 27
1277 25
1278 0
1279 26
1280 27
1281 27
1282 27
1283 27
1284 6
1285 27
1286 27
1287 18
1288 18
1289 26
1290 18
1291 4
1292 4
1293 26
1294 18
1295 0
1296 26
1297 26
1298 16
1299 27
1300 27
1301 27
1302 27
1303 27
1304 27
1305 27
1306 27
1307 27
1308 27
1309 27
1310 27
1311 27
1312 27
1313 27
1314 27
1315 14
1316 16
1317 27
1318 16
1319 27
1320 27
1321 10
1322 3
1323 27
1324 27
1325 27
1326 27
1327 27
1328 27
1329 27
1330 27
1331 27
1332 3
1333 27
1334 18
1335 27
1336 27
1337 27
1338 16
1339 -1
1340 16
1341 27
1342 27
1343 -1
1344 27
1345 27
1346 27
1347 27
1348 -1
1349 27
1350 27
1351 27
1352 27
1353 -1
1354 27
1355 27
1356 27
1357 11
1358 16
1359 11
1360 3
1361 -1
1362 16
1363 18
1364 18
1365 9
1366 8
1367 8
1368 8
1369 8
1370 8
1371 26
1372 8
1373 8
1374 8
1375 8
1376 8
1377 8
1378 8
1379 8
1380 8
1381 13
1382 13
1383 24
1384 13
1385 13
1386 -1
1387 -1
1388 -1
1389 -1
1390 -1
1391 11
1392 -1
1393 -1
1394 -1
1395 -1
1396 1
1397 1
1398 11
1399 1
1400 11
1401 1
1402 -1
1403 -1
1404 -1
1405 -1
1406 27
1407 27
1408 18
1409 18
1410 2
1411 2
1412 2
1413 2
1414 2
1415 2
1416 2
1417 26
1418 2
1419 2
1420 0
1421 1
1422 25
1423 26
1424 26
1425 26
1426 26
1427 26
1428 26
1429 26
1430 26
1431 18
1432 27
1433 26
1434 26
1435 24
1436 26
1437 26
1438 26
1439 26
1440 26
1441 26
1442 14
1443 1
1444 26
1445 6
1446 27
1447 4
1448 27
1449 23
1450 27
1451 22
1452 15
1453 12
1454 2
1455 0
1456 9
1457 13
1458 2
1459 18
1460 6
1461 2
1462 26
1463 26
1464 26
1465 26
1466 26
1467 26
1468 26
1469 26
1470 26
1471 26
1472 26
1473 26
1474 26
1475 26
1476 26
1477 26
1478 26
1479 26
1480 26
1481 26
1482 26
1483 26
1484 26
1485 26
1486 26
1487 26
1488 26
1489 26
1490 26
1491 26
1492 26
1493 26
1494 26
1495 26
1496 26
1497 26
1498 26
1499 26
1500 26
1501 25
1502 25
1503 25
1504 25
1505 25
1506 25
1507 25
1508 25
1509 25
1510 25
1511 25
1512 27
1513 27
1514 27
1515 27
1516 27
1517 27
1518 27
1519 27
1520 27
1521 18
1522 27
1523 25
1524 18
1525 27
1526 27
1527 18
1528 27
1529 18
1530 27
1531 27
1532 27
1533 27
1534 18
1535 27
1536 27
1537 27
1538 18
1539 18
1540 27
1541 27
1542 18
1543 18
1544 18
1545 27
1546 18
1547 18
1548 27
1549 18
1550 18
1551 27
1552 18
1553 27
1554 27
1555 18
1556 27
1557 27
1558 18
1559 27
1560 27
1561 27
1562 18
1563 18
1564 18
1565 18
1566 18
1567 27
1568 27
1569 27
1570 27
1571 27
1572 18
1573 18
1574 27
1575 27
1576 18
1577 18
1578 27
1579 16
1580 18
1581 27
1582 18
1583 18
1584 18
1585 18
1586 18
1587 18
1588 18
1589 27
1590 18
1591 18
1592 27
1593 27
1594 27
1595 27
1596 27
1597 27
1598 18
1599 18
1600 27
1601 18
1602 18
1603 18
1604 27
1605 27
1606 27
1607 27
1608 27
1609 18
1610 27
1611 27
1612 27
1613 27
1614 27
1615 27
1616 27
1617 27
1618 27
1619 27
1620 27
1621 27
1622 18
1623 27
1624 18
1625 18
1626 18
1627 27
1628 27
1629 27
1630 27
1631 18
1632 18
1633 18
1634 18
1635 18
1636 18
1637 18
1638 18
1639 18
1640 18
1641 18
1642 27
1643 18
1644 27
1645 27
1646 27
1647 27
1648 27
1649 9
1650 17
1651 17
1652 9
1653 17
1654 17
1655 27
1656 27
1657 18
1658 27
1659 27
1660 27
1661 18
1662 27
1663 18
1664 27
1665 18
1666 27
1667 27
1668 27
1669 27
1670 27
1671 27
1672 27
1673 27
1674 27
1675 27
1676 27
1677 9
1678 27
1679 18
1680 27
1681 18
1682 18
1683 27
1684 27
1685 27
1686 27
1687 18
1688 27
1689 27
1690 27
1691 27
1692 18
1693 18
1694 18
1695 27
1696 27
1697 27
1698 18
1699 18
1700 18
1701 18
1702 10
1703 27
1704 18
1705 5
1706 18
1707 18
1708 5
1709 27
1710 5
1711 5
1712 18
1713 5
1714 18
1715 14
1716 25
1717 25
1718 25
1719 14
1720 13
1721 13
1722 5
1723 9
1724 5
1725 9
1726 25
1727 16
1728 13
1729 25
1730 18
1731 25
1732 27
1733 27
1734 27
1735 27
1736 27
1737 27
1738 2
1739 27
1740 2
1741 27
1742 17
1743 27
1744 17
1745 27
1746 27
