2 0
3 0
4 0
5 0
6 0
7 0
8 0
9 0
10 0
11 0
12 0
13 0
14 0
15 0
16 0
17 0
18 0
19 0
20 0
21 0
22 0
23 0
24 0
25 0
26 0
27 0
28 0
29 0
30 0
31 0
32 0
33 0
34 0
35 0
36 0
37 0
38 0
39 0
40 0
41 1
42 1
43 1
44 1
45 1
46 1
47 1
48 1
49 1
50 1
51 1
52 1
53 1
54 1
55 1
56 1
57 1
58 1
59 1
60 1
61 1
62 2
63 2
64 2
65 2
66 2
67 2
68 2
69 2
70 2
71 2
72 2
73 2
74 2
75 2
76 2
77 2
78 2
79 2
80 2
81 2
82 2
83 2
84 2
85 2
86 2
87 2
88 2
89 2
90 2
91 2
92 2
93 2
94 2
95 2
96 2
97 2
98 2
99 2
100 2
101 2
102 2
103 2
104 2
105 2
106 3
107 3
108 3
109 3
110 3
111 3
112 3
113 3
114 3
115 3
116 3
117 3
118 3
119 3
120 3
121 3
122 3
123 3
124 3
125 3
126 3
127 3
128 3
129 3
130 3
131 3
132 4
133 4
134 4
135 4
136 4
137 6
138 14
139 4
140 4
141 4
142 14
143 4
144 4
145 4
146 4
147 4
148 4
149 4
150 4
151 4
152 4
153 4
154 4
155 4
156 4
157 4
158 4
159 4
160 10
161 10
162 10
163 10
164 10
165 19
166 19
167 5
168 5
169 5
170 5
171 5
172 5
173 5
174 5
175 5
176 5
177 5
178 5
179 5
180 5
181 5
182 5
183 5
184 5
185 5
186 22
187 22
188 21
189 22
190 14
191 5
192 5
193 5
194 5
195 5
196 5
197 5
198 5
199 5
200 5
201 5
202 5
203 5
204 5
205 5
206 5
207 5
208 5
209 5
210 5
211 5
212 5
213 5
214 5
215 5
216 5
217 5
218 5
219 5
220 5
221 5
222 5
223 5
224 5
225 5
226 5
227 5
228 5
229 5
230 5
231 6
232 6
233 6
234 4
235 4
236 4
237 4
238 4
239 4
240 6
241 4
242 6
243 4
244 6
245 6
246 6
247 6
248 6
249 6
250 6
251 6
252 6
253 6
254 6
255 6
256 6
257 6
258 6
259 6
260 6
261 6
262 10
263 10
264 19
265 2
266 8
267 7
268 7
269 7
270 7
271 7
272 7
273 7
274 7
275 7
276 7
277 7
278 7
279 7
280 7
281 7
282 7
283 7
284 7
285 7
286 7
287 7
288 7
289 7
290 7
291 7
292 7
293 7
294 7
295 7
296 7
297 7
298 7
299 7
300 21
301 8
302 8
303 8
304 8
305 8
306 8
307 8
308 8
309 8
310 8
311 8
312 8
313 8
314 8
315 8
316 8
317 8
318 8
319 8
320 8
321 8
322 8
323 8
324 8
325 8
326 8
327 8
328 8
329 8
330 8
331 22
332 8
333 8
334 8
335 8
336 8
337 8
338 8
339 8
340 7
341 2
342 3
343 9
344 9
345 9
346 11
347 9
348 11
349 9
350 9
351 0
352 9
353 22
354 9
355 2
356 2
357 9
358 9
359 9
360 2
361 0
362 9
363 9
364 9
365 9
366 9
367 9
368 9
369 9
370 9
371 9
372 9
373 9
374 9
375 9
376 9
377 10
378 10
379 10
380 10
381 10
382 10
383 10
384 10
385 10
386 10
387 10
388 10
389 10
390 10
391 10
392 10
393 10
394 10
395 10
396 10
397 10
398 10
399 10
400 10
401 10
402 10
403 10
404 10
405 10
406 10
407 9
408 9
409 11
410 11
411 11
412 10
413 10
414 10
415 11
416 11
417 11
418 11
419 11
420 11
421 11
422 11
423 11
424 11
425 11
426 11
427 11
428 11
429 11
430 11
431 11
432 11
433 11
434 11
435 11
436 11
437 11
438 11
439 11
440 11
441 11
442 11
443 7
444 22
445 22
446 11
447 11
448 11
449 23
450 7
451 1
452 11
453 11
454 3
455 0
456 0
457 0
458 0
459 0
460 0
461 0
462 0
463 0
464 0
465 12
466 15
467 12
468 12
469 12
470 12
471 12
472 12
473 12
474 23
475 14
476 15
477 12
478 12
479 12
480 12
481 12
482 12
483 12
484 12
485 12
486 12
487 12
488 12
489 12
490 12
491 12
492 12
493 12
494 12
495 12
496 12
497 12
498 12
499 12
500 12
501 12
502 12
503 12
504 12
505 12
506 12
507 12
508 12
509 12
510 12
511 12
512 12
513 12
514 12
515 12
516 12
517 12
518 12
519 12
520 12
521 12
522 12
523 12
524 12
525 12
526 12
527 12
528 12
529 12
530 12
531 12
532 12
533 12
534 12
535 13
536 13
537 13
538 13
539 13
540 13
541 13
542 13
543 13
544 13
545 13
546 13
547 13
548 13
549 13
550 13
551 13
552 13
553 13
554 13
555 13
556 13
557 13
558 13
559 13
560 13
561 13
562 13
563 13
564 13
565 13
566 13
567 13
568 13
569 13
570 13
571 12
572 15
573 14
574 14
575 14
576 14
577 14
578 14
579 14
580 14
581 14
582 14
583 14
584 14
585 14
586 14
587 14
588 14
589 14
590 14
591 14
592 14
593 14
594 14
595 14
596 14
597 14
598 14
599 14
600 14
601 14
602 14
603 14
604 14
605 14
606 14
607 14
608 14
609 14
610 14
611 14
612 14
613 14
614 14
615 14
616 14
617 14
618 14
619 14
620 14
621 14
622 14
623 14
624 14
625 14
626 14
627 14
628 14
629 14
630 14
631 14
632 14
633 14
634 14
635 14
636 14
637 14
638 14
639 14
640 15
641 15
642 15
643 15
644 15
645 15
646 15
647 15
648 15
649 15
650 15
651 15
652 15
653 15
654 15
655 15
656 15
657 15
658 15
659 15
660 14
661 14
662 15
663 15
664 15
665 15
666 15
667 15
668 15
669 15
670 15
671 15
672 15
673 15
674 15
675 26
676 15
677 25
678 19
679 15
680 5
681 15
682 15
683 15
684 24
685 5
686 15
687 15
688 15
689 15
690 15
691 15
692 15
693 15
694 15
695 15
696 15
697 15
698 15
699 15
700 15
701 15
702 15
703 15
704 15
705 26
706 15
707 15
708 15
709 15
710 15
711 15
712 15
713 15
714 15
715 15
716 15
717 15
718 15
719 15
720 15
721 15
722 15
723 15
724 15
725 15
726 15
727 15
728 15
729 15
730 15
731 15
732 15
733 15
734 15
735 15
736 15
737 15
738 15
739 15
740 15
741 15
742 15
743 15
744 15
745 15
746 15
747 15
748 15
749 15
750 15
751 15
752 15
753 15
754 15
755 15
756 15
757 15
758 15
759 15
760 15
761 24
762 15
763 15
764 15
765 15
766 15
767 15
768 15
769 15
770 15
771 15
772 24
773 15
774 15
775 15
776 15
777 15
778 15
779 15
780 15
781 14
782 15
783 15
784 15
785 15
786 15
787 15
788 15
789 15
790 15
791 16
792 16
793 16
794 2
795 2
796 2
797 2
798 2
799 16
800 2
801 16
802 16
803 16
804 16
805 16
806 16
807 16
808 16
809 16
810 16
811 16
812 16
813 16
814 16
815 16
816 16
817 16
818 16
819 16
820 16
821 16
822 16
823 16
824 16
825 16
826 16
827 16
828 16
829 16
830 16
831 16
832 0
833 0
834 23
835 2
836 2
837 23
838 15
839 1
840 23
841 1
842 17
843 17
844 17
845 17
846 17
847 17
848 17
849 17
850 17
851 17
852 17
853 17
854 17
855 17
856 17
857 17
858 17
859 17
860 17
861 17
862 17
863 17
864 17
865 17
866 17
867 17
868 17
869 17
870 17
871 17
872 18
873 18
874 18
875 18
876 18
877 18
878 18
879 18
880 18
881 18
882 18
883 18
884 18
885 18
886 18
887 18
888 18
889 18
890 18
891 18
892 18
893 18
894 18
895 18
896 18
897 18
898 18
899 18
900 18
901 18
902 7
903 2
904 2
905 7
906 7
907 2
908 2
909 7
910 2
911 7
912 18
913 27
914 4
915 7
916 19
917 19
918 19
919 19
920 19
921 19
922 19
923 19
924 19
925 19
926 19
927 19
928 19
929 19
930 19
931 19
932 19
933 19
934 19
935 19
936 19
937 19
938 19
939 19
940 19
941 19
942 19
943 19
944 19
945 19
946 19
947 20
948 20
949 20
950 20
951 20
952 20
953 20
954 20
955 20
956 20
957 20
958 20
959 20
960 20
961 20
962 20
963 20
964 20
965 20
966 20
967 20
968 20
969 20
970 20
971 20
972 20
973 20
974 20
975 4
976 14
977 21
978 21
979 15
980 23
981 21
982 21
983 21
984 21
985 21
986 21
987 21
988 21
989 21
990 21
991 21
992 21
993 21
994 21
995 21
996 21
997 21
998 21
999 21
1000 21
1001 21
1002 21
1003 21
1004 21
1005 22
1006 22
1007 22
1008 22
1009 22
1010 22
1011 22
1012 22
1013 22
1014 22
1015 22
1016 22
1017 22
1018 22
1019 22
1020 22
1021 22
1022 22
1023 22
1024 22
1025 22
1026 22
1027 22
1028 22
1029 22
1030 22
1031 22
1032 22
1033 22
1034 22
1035 22
1036 22
1037 22
1038 21
1039 16
1040 23
1041 23
1042 23
1043 23
1044 23
1045 23
1046 23
1047 23
1048 23
1049 23
1050 23
1051 23
1052 23
1053 23
1054 23
1055 23
1056 23
1057 23
1058 23
1059 23
1060 23
1061 15
1062 15
1063 23
1064 23
1065 23
1066 23
1067 23
1068 23
1069 23
1070 23
1071 23
1072 23
1073 23
1074 23
1075 14
1076 15
1077 15
1078 24
1079 24
1080 24
1081 24
1082 24
1083 24
1084 24
1085 24
1086 24
1087 24
1088 24
1089 24
1090 24
1091 24
1092 24
1093 24
1094 24
1095 24
1096 24
1097 24
1098 24
1099 24
1100 24
1101 24
1102 24
1103 24
1104 24
1105 24
1106 24
1107 24
1108 24
1109 24
1110 24
1111 24
1112 25
1113 25
1114 25
1115 25
1116 25
1117 25
1118 25
1119 24
1120 24
1121 24
1122 25
1123 25
1124 25
1125 25
1126 25
1127 24
1128 25
1129 25
1130 25
1131 25
1132 25
1133 25
1134 25
1135 24
1136 25
1137 25
1138 25
1139 5
1140 18
1141 5
1142 4
1143 25
1144 18
1145 26
1146 18
1147 26
1148 26
1149 26
1150 26
1151 26
1152 26
1153 25
1154 26
1155 25
1156 25
1157 25
1158 26
1159 26
1160 26
1161 26
1162 26
1163 26
1164 26
1165 26
1166 26
1167 26
1168 26
1169 26
1170 26
1171 26
1172 26
1173 26
1174 26
1175 26
1176 26
1177 26
1178 26
1179 26
1180 27
1181 27
1182 18
1183 27
1184 27
1185 27
1186 27
1187 27
1188 27
1189 27
1190 27
1191 -1
1192 25
1193 25
1194 27
1195 27
1196 18
1197 27
1198 27
1199 18
1200 18
1201 27
1202 9
1203 27
1204 27
1205 27
1206 27
1207 27
1208 18
1209 27
1210 27
1211 27
1212 9
1213 9
1214 9
1215 27
1216 9
1217 27
1218 27
1219 27
1220 18
1221 9
1222 9
1223 18
1224 9
1225 18
1226 9
1227 9
1228 9
1229 9
1230 27
1231 27
1232 27
1233 27
1234 18
1235 27
1236 27
1237 0
1238 27
1239 27
1240 27
1241 27
1242 27
1243 18
1244 27
1245 27
1246 27
1247 27
1248 27
1249 26
1250 18
1251 18
1252 18
1253 27
1254 18
1255 18
1256 27
1257 27
1258 18
1259 18
1260 27
1261 27
1262 18
1263 18
1264 9
1265 9
1266 9
1267 9
1268 9
1269 9
1270 27
1271 9
1272 9
1273 27
1274 27
1275 27
1276 27
1277 27
1278 9
1279 27
1280 27
1281 9
1282 27
1283 27
1284 27
1285 27
1286 9
1287 18
1288 27
1289 9
1290 27
1291 27
1292 27
1293 27
1294 18
1295 18
1296 18
1297 27
1298 9
1299 18
1300 27
1301 27
1302 2
1303 2
1304 23
1305 7
1306 15
1307 15
1308 2
1309 15
1310 15
1311 9
1312 27
1313 27
1314 27
1315 18
1316 27
1317 27
1318 27
1319 27
1320 27
1321 27
1322 27
1323 27
1324 27
1325 27
1326 27
1327 27
1328 27
1329 27
1330 18
1331 27
1332 9
1333 27
1334 17
1335 17
1336 17
1337 27
1338 18
1339 17
1340 17
1341 27
1342 27
1343 9
1344 18
1345 9
1346 18
1347 18
1348 27
1349 27
1350 27
1351 27
1352 27
1353 27
1354 9
1355 27
1356 27
1357 9
1358 9
1359 27
1360 18
1361 27
1362 17
1363 27
1364 9
1365 2
1366 10
1367 0
1368 10
1369 27
1370 27
1371 18
1372 9
1373 27
1374 16
1375 27
1376 27
1377 25
1378 15
1379 25
1380 25
1381 18
1382 27
1383 27
1384 27
1385 27
1386 27
1387 27
1388 18
1389 27
1390 18
1391 27
1392 27
1393 27
1394 27
1395 27
1396 27
1397 25
1398 25
1399 18
1400 25
1401 25
1402 25
1403 25
1404 25
1405 25
1406 5
1407 25
1408 25
1409 25
1410 25
1411 25
1412 25
1413 25
1414 15
1415 25
1416 25
1417 25
1418 25
1419 25
1420 18
1421 25
1422 27
1423 10
1424 24
1425 18
1426 18
1427 18
1428 18
1429 27
1430 18
1431 18
1432 27
1433 18
1434 27
1435 18
1436 27
1437 18
1438 18
1439 27
1440 18
1441 18
1442 18
1443 27
1444 5
1445 27
1446 27
1447 27
1448 25
1449 18
1450 27
1451 27
1452 27
1453 25
1454 25
1455 18
1456 18
1457 25
1458 25
1459 27
