2 -1
3 -1
4 -1
5 -1
6 -1
7 -1
8 -1
9 -1
10 -1
11 -1
12 0
13 0
14 0
15 0
16 0
17 0
18 0
19 0
20 0
21 0
22 3
23 16
24 11
25 12
26 16
27 4
28 6
29 4
30 4
31 4
32 0
33 0
34 0
35 0
36 0
37 0
38 0
39 0
40 0
41 0
42 26
43 26
44 26
45 26
46 26
47 26
48 26
49 26
50 26
51 26
52 0
53 0
54 0
55 0
56 0
57 0
58 0
59 0
60 0
61 0
62 0
63 0
64 0
65 0
66 0
67 1
68 1
69 1
70 1
71 1
72 1
73 1
74 1
75 1
76 1
77 1
78 1
79 1
80 1
81 1
82 1
83 1
84 1
85 1
86 1
87 1
88 1
89 1
90 1
91 1
92 8
93 2
94 2
95 2
96 2
97 2
98 2
99 2
100 2
101 2
102 2
103 2
104 2
105 2
106 2
107 2
108 2
109 2
110 2
111 2
112 2
113 2
114 2
115 2
116 2
117 2
118 2
119 2
120 2
121 3
122 3
123 3
124 3
125 3
126 3
127 3
128 3
129 3
130 3
131 3
132 3
133 2
134 3
135 14
136 15
137 14
138 3
139 3
140 0
141 3
142 2
143 2
144 3
145 10
146 23
147 1
148 2
149 6
150 27
151 6
152 4
153 4
154 4
155 4
156 4
157 4
158 14
159 4
160 4
161 4
162 10
163 17
164 22
165 10
166 10
167 10
168 17
169 22
170 10
171 9
172 4
173 4
174 4
175 4
176 4
177 4
178 4
179 4
180 4
181 4
182 18
183 4
184 4
185 18
186 0
187 2
188 4
189 4
190 3
191 0
192 9
193 9
194 19
195 19
196 5
197 5
198 5
199 5
200 5
201 5
202 2
203 2
204 2
205 9
206 2
207 27
208 9
209 2
210 2
211 2
212 5
213 5
214 5
215 5
216 5
217 5
218 5
219 5
220 5
221 5
222 22
223 5
224 22
225 22
226 5
227 5
228 5
229 5
230 5
231 23
232 25
233 12
234 6
235 4
236 4
237 4
238 4
239 6
240 4
241 4
242 4
243 22
244 4
245 4
246 6
247 6
248 4
249 0
250 4
251 4
252 6
253 4
254 6
255 6
256 4
257 6
258 6
259 6
260 6
261 4
262 6
263 6
264 6
265 6
266 4
267 4
268 6
269 6
270 4
271 6
272 6
273 12
274 1
275 7
276 7
277 7
278 7
279 7
280 7
281 7
282 7
283 7
284 7
285 7
286 7
287 7
288 7
289 7
290 7
291 7
292 7
293 7
294 7
295 7
296 7
297 7
298 7
299 7
300 7
301 7
302 7
303 7
304 7
305 7
306 7
307 7
308 7
309 7
310 7
311 7
312 8
313 8
314 8
315 8
316 8
317 8
318 8
319 8
320 8
321 8
322 8
323 8
324 8
325 8
326 8
327 8
328 8
329 8
330 8
331 8
332 8
333 8
334 8
335 8
336 8
337 8
338 8
339 8
340 8
341 8
342 8
343 8
344 8
345 8
346 8
347 8
348 8
349 8
350 8
351 8
352 9
353 9
354 9
355 9
356 9
357 9
358 9
359 0
360 9
361 9
362 9
363 9
364 9
365 0
366 9
367 0
368 0
369 9
370 9
371 9
372 9
373 9
374 9
375 11
376 0
377 9
378 0
379 9
380 9
381 10
382 10
383 10
384 10
385 10
386 10
387 10
388 10
389 10
390 10
391 10
392 10
393 10
394 10
395 10
396 10
397 10
398 10
399 10
400 10
401 10
402 10
403 10
404 10
405 10
406 9
407 11
408 0
409 11
410 11
411 11
412 11
413 11
414 11
415 11
416 11
417 9
418 11
419 11
420 11
421 11
422 9
423 11
424 11
425 11
426 11
427 11
428 11
429 11
430 11
431 11
432 11
433 2
434 1
435 1
436 1
437 1
438 0
439 0
440 0
441 0
442 0
443 0
444 0
445 0
446 0
447 0
448 0
449 0
450 0
451 0
452 0
453 0
454 0
455 0
456 0
457 0
458 13
459 7
460 7
461 12
462 12
463 12
464 12
465 12
466 12
467 12
468 12
469 12
470 12
471 12
472 12
473 12
474 12
475 12
476 12
477 12
478 12
479 12
480 12
481 12
482 12
483 12
484 12
485 12
486 12
487 12
488 12
489 12
490 12
491 12
492 12
493 12
494 12
495 12
496 12
497 12
498 12
499 12
500 12
501 12
502 12
503 2
504 15
505 12
506 22
507 4
508 22
509 12
510 22
511 1
512 12
513 12
514 12
515 12
516 12
517 12
518 12
519 24
520 13
521 13
522 13
523 13
524 13
525 13
526 13
527 13
528 13
529 13
530 13
531 13
532 13
533 13
534 13
535 13
536 13
537 13
538 13
539 13
540 13
541 13
542 13
543 13
544 13
545 19
546 14
547 14
548 14
549 14
550 14
551 14
552 14
553 14
554 14
555 14
556 14
557 14
558 14
559 14
560 14
561 14
562 14
563 14
564 14
565 14
566 14
567 14
568 14
569 14
570 14
571 14
572 15
573 15
574 15
575 15
576 15
577 15
578 15
579 13
580 15
581 15
582 15
583 15
584 15
585 15
586 15
587 15
588 15
589 15
590 15
591 15
592 15
593 15
594 15
595 15
596 15
597 15
598 15
599 15
600 15
601 15
602 15
603 15
604 15
605 15
606 15
607 15
608 14
609 19
610 16
611 16
612 2
613 27
614 27
615 27
616 2
617 27
618 27
619 2
620 27
621 27
622 16
623 16
624 16
625 16
626 16
627 16
628 16
629 16
630 16
631 16
632 16
633 16
634 16
635 16
636 16
637 18
638 17
639 17
640 17
641 17
642 17
643 17
644 17
645 17
646 17
647 17
648 17
649 17
650 17
651 17
652 17
653 17
654 17
655 17
656 17
657 17
658 17
659 17
660 17
661 17
662 17
663 17
664 17
665 17
666 17
667 17
668 17
669 17
670 17
671 17
672 17
673 17
674 18
675 18
676 18
677 18
678 18
679 18
680 18
681 18
682 18
683 18
684 18
685 18
686 18
687 18
688 18
689 26
690 0
691 26
692 18
693 18
694 18
695 18
696 18
697 18
698 18
699 18
700 18
701 17
702 2
703 15
704 19
705 19
706 19
707 19
708 19
709 19
710 19
711 19
712 19
713 19
714 19
715 19
716 19
717 19
718 19
719 19
720 19
721 19
722 19
723 19
724 19
725 19
726 19
727 19
728 19
729 19
730 19
731 19
732 19
733 19
734 13
735 20
736 20
737 20
738 20
739 20
740 20
741 20
742 20
743 20
744 20
745 20
746 20
747 20
748 20
749 20
750 20
751 20
752 19
753 19
754 19
755 23
756 23
757 14
758 21
759 21
760 21
761 21
762 15
763 21
764 21
765 14
766 21
767 21
768 15
769 21
770 21
771 21
772 21
773 21
774 21
775 21
776 21
777 15
778 21
779 21
780 21
781 23
782 21
783 21
784 15
785 21
786 21
787 21
788 21
789 21
790 4
791 27
792 27
793 15
794 15
795 15
796 23
797 16
798 15
799 23
800 19
801 19
802 15
803 15
804 15
805 15
806 15
807 22
808 15
809 15
810 14
811 15
812 22
813 15
814 15
815 22
816 22
817 22
818 22
819 22
820 22
821 15
822 22
823 22
824 15
825 22
826 15
827 22
828 19
829 15
830 14
831 23
832 23
833 23
834 23
835 23
836 23
837 23
838 23
839 23
840 23
841 23
842 23
843 23
844 23
845 23
846 23
847 23
848 23
849 23
850 23
851 23
852 23
853 23
854 23
855 23
856 23
857 15
858 15
859 15
860 15
861 26
862 24
863 24
864 24
865 23
866 2
867 24
868 15
869 23
870 15
871 24
872 2
873 2
874 7
875 14
876 24
877 24
878 2
879 1
880 7
881 7
882 24
883 24
884 24
885 24
886 24
887 24
888 24
889 24
890 24
891 24
892 24
893 25
894 25
895 25
896 25
897 25
898 25
899 25
900 25
901 25
902 25
903 25
904 25
905 25
906 25
907 25
908 25
909 25
910 25
911 25
912 25
913 25
914 25
915 25
916 25
917 25
918 25
919 25
920 25
921 25
922 25
923 25
924 0
925 26
926 26
927 26
928 26
929 26
930 26
931 26
932 26
933 26
934 26
935 26
936 26
937 26
938 26
939 26
940 26
941 26
942 26
943 26
944 26
945 26
946 26
947 26
948 26
949 26
950 26
951 26
952 26
953 26
954 26
955 26
956 26
957 26
958 26
959 26
960 26
961 26
962 26
963 26
964 26
965 26
966 26
967 26
968 26
969 26
970 26
971 27
972 10
973 9
974 25
975 25
976 25
977 25
978 25
979 25
980 25
981 25
982 25
983 25
984 25
985 25
986 25
987 25
988 17
989 27
990 27
991 18
992 27
993 18
994 27
995 27
996 18
997 27
998 27
999 27
1000 27
1001 27
1002 27
1003 18
1004 18
1005 27
1006 27
1007 27
1008 18
1009 27
1010 27
1011 27
1012 27
1013 18
1014 27
1015 27
1016 27
1017 27
1018 27
1019 27
1020 5
1021 27
1022 18
1023 19
1024 5
1025 5
1026 25
1027 24
1028 25
1029 25
1030 25
1031 5
1032 15
1033 15
1034 14
1035 22
1036 27
1037 14
1038 26
1039 2
1040 2
1041 22
1042 5
1043 5
1044 5
1045 10
1046 27
1047 18
1048 5
1049 27
1050 18
1051 3
1052 18
1053 27
1054 27
1055 18
1056 14
1057 14
1058 25
1059 14
1060 25
1061 25
1062 19
1063 15
1064 15
1065 5
1066 18
1067 27
1068 27
1069 11
1070 27
1071 27
1072 27
1073 27
1074 27
1075 27
1076 25
1077 27
1078 27
1079 16
1080 27
1081 27
1082 27
1083 2
1084 17
1085 27
1086 27
1087 2
1088 27
1089 2
1090 2
1091 9
1092 2
1093 27
1094 27
1095 27
1096 2
1097 0
1098 2
1099 27
1100 9
1101 27
1102 27
1103 27
1104 27
1105 18
1106 27
1107 27
1108 27
1109 27
1110 27
1111 18
1112 18
1113 27
1114 27
1115 27
1116 27
1117 27
1118 27
1119 27
1120 27
1121 27
1122 27
1123 27
1124 27
1125 27
1126 27
1127 27
1128 18
1129 27
1130 27
1131 18
1132 5
1133 27
1134 26
1135 27
1136 24
1137 24
1138 18
1139 14
1140 5
1141 27
1142 14
1143 5
1144 27
1145 5
1146 27
1147 5
1148 25
1149 24
1150 25
1151 5
1152 24
1153 25
1154 25
1155 24
1156 24
1157 24
1158 25
1159 24
1160 25
1161 25
1162 25
1163 25
1164 25
1165 5
1166 25
1167 24
1168 25
1169 25
1170 24
1171 24
1172 24
1173 25
1174 5
1175 5
1176 24
1177 5
1178 27
1179 5
1180 5
1181 5
1182 5
1183 5
1184 24
1185 24
1186 5
1187 25
1188 25
1189 26
1190 26
1191 5
1192 25
1193 25
1194 25
1195 25
1196 25
1197 25
1198 25
1199 25
1200 25
1201 25
1202 18
1203 19
