2 -1
3 -1
4 -1
5 -1
6 -1
7 -1
8 -1
9 -1
10 -1
11 -1
12 0
13 0
14 0
15 26
16 0
17 0
18 0
19 0
20 0
21 0
22 0
23 0
24 0
25 0
26 0
27 0
28 0
29 0
30 0
31 0
32 0
33 0
34 0
35 0
36 0
37 0
38 0
39 0
40 0
41 0
42 0
43 0
44 0
45 0
46 0
47 0
48 0
49 0
50 0
51 0
52 0
53 0
54 0
55 0
56 0
57 0
58 1
59 1
60 1
61 1
62 1
63 1
64 1
65 1
66 1
67 1
68 1
69 1
70 1
71 1
72 1
73 1
74 1
75 1
76 1
77 1
78 1
79 1
80 1
81 1
82 1
83 1
84 1
85 1
86 1
87 1
88 1
89 1
90 1
91 1
92 1
93 2
94 2
95 2
96 2
97 2
98 2
99 2
100 2
101 2
102 2
103 2
104 2
105 2
106 2
107 2
108 2
109 2
110 2
111 2
112 2
113 2
114 2
115 2
116 2
117 2
118 2
119 2
120 2
121 2
122 2
123 2
124 2
125 2
126 2
127 2
128 2
129 2
130 2
131 2
132 2
133 2
134 2
135 2
136 3
137 2
138 2
139 2
140 2
141 2
142 2
143 3
144 2
145 2
146 2
147 2
148 2
149 2
150 2
151 2
152 2
153 2
154 2
155 2
156 2
157 2
158 2
159 2
160 2
161 2
162 2
163 2
164 2
165 2
166 2
167 2
168 2
169 2
170 2
171 2
172 2
173 16
174 2
175 2
176 2
177 2
178 2
179 2
180 2
181 2
182 2
183 2
184 2
185 2
186 2
187 2
188 2
189 2
190 2
191 2
192 2
193 2
194 2
195 2
196 2
197 2
198 2
199 2
200 2
201 2
202 2
203 2
204 2
205 2
206 2
207 2
208 2
209 2
210 2
211 2
212 2
213 2
214 2
215 2
216 2
217 2
218 2
219 2
220 2
221 2
222 2
223 2
224 2
225 2
226 2
227 2
228 2
229 2
230 2
231 3
232 2
233 3
234 3
235 3
236 3
237 3
238 2
239 3
240 3
241 3
242 3
243 3
244 3
245 3
246 3
247 3
248 3
249 3
250 3
251 3
252 3
253 3
254 3
255 3
256 3
257 3
258 3
259 3
260 3
261 3
262 3
263 3
264 3
265 3
266 3
267 3
268 3
269 3
270 3
271 3
272 3
273 3
274 3
275 3
276 3
277 3
278 3
279 3
280 3
281 3
282 22
283 9
284 10
285 22
286 22
287 15
288 4
289 15
290 4
291 16
292 4
293 4
294 4
295 4
296 4
297 4
298 4
299 4
300 4
301 4
302 4
303 4
304 4
305 4
306 4
307 4
308 4
309 4
310 3
311 4
312 4
313 4
314 4
315 4
316 4
317 4
318 4
319 4
320 4
321 4
322 26
323 2
324 22
325 26
326 26
327 26
328 26
329 26
330 18
331 0
332 0
333 5
334 5
335 5
336 5
337 5
338 5
339 5
340 5
341 5
342 5
343 5
344 5
345 5
346 5
347 5
348 5
349 5
350 5
351 5
352 5
353 5
354 5
355 5
356 5
357 5
358 5
359 5
360 5
361 5
362 5
363 5
364 5
365 5
366 5
367 5
368 5
369 5
370 5
371 5
372 5
373 5
374 22
375 22
376 22
377 22
378 22
379 22
380 22
381 5
382 5
383 6
384 27
385 18
386 5
387 10
388 2
389 5
390 22
391 2
392 4
393 10
394 14
395 14
396 4
397 16
398 6
399 4
400 16
401 16
402 6
403 26
404 18
405 18
406 18
407 4
408 6
409 6
410 23
411 4
412 16
413 27
414 19
415 16
416 27
417 4
418 4
419 6
420 6
421 6
422 6
423 6
424 6
425 6
426 4
427 6
428 4
429 6
430 6
431 4
432 4
433 4
434 4
435 4
436 6
437 6
438 4
439 4
440 16
441 6
442 6
443 4
444 6
445 6
446 4
447 6
448 6
449 4
450 4
451 4
452 4
453 4
454 4
455 4
456 6
457 4
458 6
459 6
460 4
461 4
462 6
463 4
464 6
465 6
466 6
467 4
468 3
469 6
470 6
471 4
472 2
473 2
474 2
475 2
476 2
477 2
478 2
479 2
480 2
481 2
482 2
483 2
484 2
485 2
486 2
487 2
488 2
489 2
490 2
491 2
492 2
493 2
494 2
495 2
496 2
497 2
498 2
499 2
500 2
501 2
502 2
503 2
504 2
505 2
506 2
507 2
508 2
509 2
510 2
511 2
512 2
513 2
514 2
515 2
516 2
517 2
518 2
519 2
520 10
521 2
522 6
523 6
524 6
525 6
526 6
527 6
528 6
529 4
530 6
531 6
532 6
533 6
534 6
535 4
536 4
537 26
538 6
539 18
540 6
541 6
542 6
543 6
544 6
545 6
546 6
547 6
548 6
549 4
550 4
551 6
552 7
553 23
554 7
555 2
556 7
557 7
558 12
559 2
560 7
561 7
562 6
563 6
564 6
565 6
566 6
567 6
568 6
569 6
570 6
571 6
572 6
573 6
574 6
575 6
576 6
577 6
578 6
579 6
580 6
581 6
582 4
583 6
584 6
585 6
586 6
587 19
588 4
589 6
590 6
591 6
592 6
593 6
594 6
595 6
596 6
597 19
598 6
599 4
600 3
601 5
602 13
603 8
604 4
605 7
606 7
607 7
608 7
609 7
610 7
611 7
612 1
613 7
614 7
615 7
616 7
617 1
618 7
619 7
620 7
621 7
622 7
623 7
624 7
625 7
626 7
627 7
628 7
629 7
630 7
631 0
632 7
633 7
634 7
635 7
636 7
637 1
638 7
639 1
640 7
641 7
642 7
643 7
644 7
645 7
646 7
647 7
648 7
649 7
650 7
651 7
652 7
653 7
654 7
655 7
656 7
657 7
658 8
659 8
660 8
661 8
662 8
663 8
664 8
665 8
666 8
667 8
668 8
669 8
670 8
671 8
672 8
673 8
674 8
675 8
676 8
677 8
678 8
679 8
680 8
681 8
682 1
683 8
684 8
685 0
686 14
687 1
688 1
689 8
690 8
691 8
692 1
693 1
694 8
695 2
696 8
697 1
698 1
699 15
700 1
701 8
702 8
703 8
704 8
705 8
706 8
707 8
708 8
709 8
710 8
711 8
712 8
713 8
714 8
715 8
716 8
717 8
718 8
719 8
720 8
721 8
722 8
723 8
724 8
725 8
726 8
727 8
728 8
729 8
730 8
731 8
732 8
733 8
734 8
735 8
736 8
737 8
738 8
739 8
740 8
741 8
742 8
743 8
744 8
745 8
746 8
747 8
748 8
749 8
750 8
751 8
752 8
753 8
754 8
755 8
756 8
757 8
758 8
759 8
760 8
761 8
762 8
763 8
764 8
765 8
766 8
767 8
768 8
769 8
770 8
771 8
772 2
773 2
774 9
775 9
776 9
777 9
778 9
779 9
780 1
781 11
782 2
783 11
784 1
785 9
786 9
787 11
788 9
789 11
790 11
791 9
792 23
793 2
794 2
795 7
796 9
797 2
798 2
799 2
800 2
801 2
802 9
803 9
804 9
805 9
806 9
807 9
808 9
809 9
810 9
811 9
812 11
813 11
814 11
815 11
816 9
817 11
818 9
819 2
820 11
821 2
822 11
823 2
824 11
825 11
826 11
827 2
828 11
829 3
830 11
831 11
832 11
833 9
834 11
835 9
836 11
837 11
838 9
839 9
840 11
841 9
842 9
843 9
844 11
845 11
846 3
847 11
848 11
849 11
850 11
851 2
852 2
853 3
854 3
855 2
856 10
857 10
858 10
859 10
860 10
861 10
862 10
863 10
864 10
865 10
866 10
867 9
868 9
869 9
870 9
871 10
872 10
873 10
874 10
875 9
876 9
877 10
878 9
879 10
880 10
881 10
882 5
883 9
884 1
885 11
886 11
887 11
888 11
889 11
890 2
891 11
892 11
893 11
894 11
895 11
896 9
897 11
898 11
899 11
900 11
901 11
902 11
903 11
904 9
905 11
906 11
907 9
908 11
909 11
910 11
911 11
912 11
913 11
914 11
915 11
916 11
917 11
918 11
919 11
920 11
921 11
922 11
923 11
924 11
925 11
926 11
927 18
928 0
929 0
930 0
931 18
932 6
933 17
934 4
935 0
936 0
937 0
938 0
939 26
940 26
941 26
942 26
943 26
944 0
945 0
946 0
947 0
948 26
949 5
950 5
951 26
952 26
953 5
954 5
955 15
956 6
957 17
958 5
959 5
960 5
961 20
962 15
963 15
964 15
965 15
966 19
967 15
968 12
969 20
970 12
971 15
972 15
973 15
974 26
975 14
976 14
977 14
978 5
979 23
980 23
981 14
982 14
983 14
984 14
985 14
986 14
987 23
988 14
989 26
990 4
991 12
992 12
993 12
994 12
995 12
996 12
997 12
998 12
999 12
1000 12
1001 12
1002 14
1003 12
1004 12
1005 12
1006 12
1007 12
1008 12
1009 14
1010 12
1011 12
1012 12
1013 12
1014 12
1015 12
1016 12
1017 12
1018 12
1019 12
1020 12
1021 12
1022 12
1023 12
1024 12
1025 12
1026 12
1027 12
1028 12
1029 12
1030 12
1031 12
1032 12
1033 12
1034 12
1035 12
1036 12
1037 12
1038 12
1039 12
1040 12
1041 12
1042 12
1043 12
1044 12
1045 12
1046 12
1047 12
1048 12
1049 12
1050 12
1051 12
1052 12
1053 12
1054 12
1055 14
1056 12
1057 12
1058 12
1059 12
1060 12
1061 12
1062 12
1063 12
1064 12
1065 12
1066 13
1067 13
1068 13
1069 13
1070 13
1071 13
1072 13
1073 13
1074 13
1075 13
1076 13
1077 13
1078 13
1079 13
1080 13
1081 13
1082 11
1083 12
1084 13
1085 12
1086 12
1087 12
1088 12
1089 12
1090 13
1091 15
1092 27
1093 27
1094 27
1095 27
1096 -1
1097 14
1098 -1
1099 -1
1100 27
1101 27
1102 16
1103 -1
1104 26
1105 27
1106 27
1107 14
1108 16
1109 27
1110 27
1111 27
1112 27
1113 -1
1114 16
1115 16
1116 27
1117 26
1118 4
1119 -1
1120 27
1121 16
1122 9
1123 27
1124 16
1125 26
1126 16
1127 27
1128 0
1129 16
1130 -1
1131 26
1132 2
1133 2
1134 27
1135 2
1136 2
1137 2
1138 2
1139 2
1140 2
1141 2
1142 -1
1143 -1
1144 -1
1145 -1
1146 -1
1147 -1
1148 -1
1149 -1
1150 16
1151 -1
1152 -1
1153 27
1154 15
1155 15
1156 15
1157 15
1158 15
1159 15
1160 15
1161 15
1162 15
1163 14
1164 15
1165 15
1166 15
1167 15
1168 15
1169 15
1170 15
1171 15
1172 15
1173 15
1174 16
1175 15
1176 15
1177 27
1178 27
1179 15
1180 -1
1181 11
1182 15
1183 16
1184 16
1185 16
1186 15
1187 16
1188 16
1189 16
1190 16
1191 16
1192 16
1193 27
1194 16
1195 13
1196 16
1197 13
1198 16
1199 16
1200 13
1201 27
1202 27
1203 16
1204 16
1205 27
1206 13
1207 13
1208 21
1209 13
1210 14
1211 14
1212 27
1213 11
1214 11
1215 27
1216 27
1217 14
1218 -1
1219 22
1220 9
1221 27
1222 16
1223 16
1224 16
1225 16
1226 16
1227 14
1228 14
1229 21
1230 16
1231 16
1232 13
1233 16
1234 16
1235 16
1236 16
1237 13
1238 14
1239 16
1240 16
1241 16
1242 13
1243 17
1244 17
1245 17
1246 27
1247 17
1248 17
1249 17
1250 17
1251 17
1252 17
1253 17
1254 17
1255 17
1256 17
1257 17
1258 17
1259 17
1260 17
1261 17
1262 17
1263 17
1264 17
1265 17
1266 17
1267 16
1268 17
1269 17
1270 17
1271 17
1272 16
1273 17
1274 17
1275 17
1276 17
1277 17
1278 17
1279 17
1280 17
1281 17
1282 17
1283 17
1284 17
1285 17
1286 17
1287 17
1288 17
1289 17
1290 16
1291 17
1292 17
1293 17
1294 16
1295 17
1296 15
1297 15
1298 15
1299 16
1300 16
1301 16
1302 15
1303 16
1304 15
1305 16
1306 16
1307 13
1308 15
1309 16
1310 15
1311 18
1312 15
1313 15
1314 18
1315 15
1316 18
1317 4
1318 15
1319 15
1320 18
1321 15
1322 18
1323 18
1324 18
1325 18
1326 18
1327 4
1328 15
1329 18
1330 15
1331 18
1332 27
1333 18
1334 1
1335 18
1336 18
1337 27
1338 18
1339 16
1340 18
1341 15
1342 15
1343 18
1344 18
1345 15
1346 18
1347 18
1348 18
1349 18
1350 15
1351 27
1352 26
1353 26
1354 0
1355 15
1356 16
1357 18
1358 18
1359 16
1360 18
1361 18
1362 18
1363 0
1364 18
1365 18
1366 0
1367 17
1368 4
1369 19
1370 16
1371 -1
1372 19
1373 19
1374 19
1375 19
1376 19
1377 19
1378 19
1379 19
1380 19
1381 19
1382 19
1383 19
1384 14
1385 14
1386 14
1387 4
1388 -1
1389 -1
1390 -1
1391 -1
1392 19
1393 19
1394 2
1395 19
1396 19
1397 19
1398 20
1399 20
1400 20
1401 20
1402 -1
1403 20
1404 20
1405 27
1406 -1
1407 27
1408 26
1409 26
1410 -1
1411 16
1412 20
1413 20
1414 20
1415 20
1416 20
1417 20
1418 27
1419 20
1420 20
1421 20
1422 20
1423 20
1424 -1
1425 20
1426 20
1427 -1
1428 -1
1429 -1
1430 27
1431 27
1432 26
1433 26
1434 -1
1435 16
1436 -1
1437 -1
1438 -1
1439 27
1440 27
1441 27
1442 -1
1443 11
1444 27
1445 -1
1446 2
1447 16
1448 -1
1449 -1
1450 -1
1451 -1
1452 -1
1453 11
1454 11
1455 -1
1456 -1
1457 -1
1458 27
1459 27
1460 27
1461 27
1462 27
1463 11
1464 11
1465 4
1466 11
1467 -1
1468 4
1469 26
1470 -1
1471 27
1472 18
1473 2
1474 2
1475 0
1476 4
1477 15
1478 14
1479 4
1480 2
1481 22
1482 -1
1483 -1
1484 26
1485 26
1486 26
1487 26
1488 27
1489 26
1490 -1
1491 21
1492 21
1493 14
1494 21
1495 21
1496 15
1497 21
1498 15
1499 21
1500 21
1501 21
1502 21
1503 15
1504 21
1505 21
1506 21
1507 21
1508 21
1509 21
1510 21
1511 21
1512 21
1513 15
1514 21
1515 21
1516 15
1517 21
1518 15
1519 14
1520 15
1521 21
1522 21
1523 14
1524 14
1525 14
1526 4
1527 27
1528 11
1529 27
1530 27
1531 11
1532 22
1533 22
1534 26
1535 22
1536 22
1537 22
1538 22
1539 22
1540 22
1541 27
1542 -1
1543 26
1544 27
1545 22
1546 22
1547 22
1548 15
1549 15
1550 22
1551 22
1552 15
1553 15
1554 15
1555 22
1556 22
1557 22
1558 22
1559 15
1560 22
1561 15
1562 22
1563 22
1564 21
1565 22
1566 22
1567 22
1568 22
1569 22
1570 22
1571 15
1572 22
1573 21
1574 11
1575 22
1576 22
1577 15
1578 22
1579 27
1580 22
1581 21
1582 22
1583 22
1584 22
1585 15
1586 22
1587 22
1588 22
1589 22
1590 22
1591 22
1592 15
1593 21
1594 14
1595 14
1596 23
1597 23
1598 23
1599 23
1600 23
1601 23
1602 14
1603 23
1604 23
1605 23
1606 15
1607 23
1608 15
1609 23
1610 23
1611 23
1612 23
1613 23
1614 23
1615 23
1616 15
1617 15
1618 23
1619 15
1620 15
1621 15
1622 14
1623 14
1624 15
1625 15
1626 15
1627 15
1628 14
1629 13
1630 24
1631 25
1632 27
1633 18
1634 24
1635 9
1636 1
1637 18
1638 2
1639 2
1640 18
1641 2
1642 10
1643 25
1644 10
1645 2
1646 2
1647 2
1648 2
1649 10
1650 2
1651 2
1652 24
1653 24
1654 24
1655 24
1656 24
1657 24
1658 24
1659 25
1660 25
1661 24
1662 24
1663 25
1664 24
1665 25
1666 25
1667 25
1668 24
1669 24
1670 24
1671 24
1672 24
1673 24
1674 24
1675 24
1676 24
1677 24
1678 25
1679 24
1680 24
1681 24
1682 24
1683 25
1684 25
1685 24
1686 24
1687 25
1688 24
1689 24
1690 25
1691 25
1692 26
1693 25
1694 26
1695 14
1696 25
1697 25
1698 25
1699 25
1700 25
1701 25
1702 25
1703 25
1704 25
1705 25
1706 25
1707 25
1708 25
1709 25
1710 25
1711 25
1712 25
1713 25
1714 25
1715 25
1716 25
1717 25
1718 25
1719 25
1720 25
1721 25
1722 27
1723 5
1724 15
1725 26
1726 16
1727 26
1728 25
1729 26
1730 25
1731 26
1732 26
1733 26
1734 26
1735 26
1736 26
1737 26
1738 26
1739 26
1740 26
1741 26
1742 26
1743 26
1744 26
1745 25
1746 25
1747 25
1748 21
1749 25
1750 15
1751 26
1752 24
1753 6
1754 26
1755 26
1756 24
1757 26
1758 26
1759 26
1760 26
1761 26
1762 26
1763 26
1764 26
1765 26
1766 26
1767 26
1768 26
1769 26
1770 26
1771 2
1772 26
1773 4
1774 24
1775 15
1776 25
1777 2
1778 2
1779 1
1780 6
1781 6
1782 15
1783 27
1784 2
1785 5
1786 2
1787 2
1788 15
1789 2
1790 15
1791 14
1792 2
1793 2
1794 2
1795 2
1796 2
1797 2
1798 26
1799 2
1800 4
1801 2
1802 9
1803 26
1804 14
1805 2
1806 26
1807 26
1808 4
1809 26
1810 26
1811 26
1812 26
1813 26
1814 26
1815 26
1816 26
1817 26
1818 26
1819 26
1820 26
1821 26
1822 26
1823 26
1824 26
1825 26
1826 26
1827 26
1828 26
1829 26
1830 26
1831 26
1832 2
1833 9
1834 2
1835 2
1836 2
1837 2
1838 2
1839 2
1840 2
1841 2
1842 26
1843 27
1844 18
1845 27
1846 16
1847 16
1848 18
1849 27
1850 18
1851 18
1852 18
1853 5
1854 27
1855 18
1856 18
1857 18
1858 18
1859 18
1860 5
1861 27
1862 18
1863 18
1864 18
1865 27
1866 18
1867 18
1868 18
1869 21
1870 22
1871 21
1872 25
1873 18
1874 18
1875 18
1876 18
1877 18
1878 18
1879 16
1880 18
1881 18
1882 2
1883 27
1884 0
1885 27
1886 27
1887 2
1888 16
1889 2
1890 11
1891 4
1892 27
1893 2
1894 27
1895 18
1896 18
1897 18
1898 2
1899 18
1900 18
1901 18
1902 17
1903 -1
1904 27
1905 27
1906 27
1907 18
