2 0
3 0
4 0
5 0
6 0
7 0
8 0
9 0
10 0
11 0
12 0
13 0
14 0
15 0
16 0
17 0
18 0
19 0
20 0
21 0
22 0
23 0
24 0
25 0
26 0
27 1
28 1
29 0
30 0
31 0
32 0
33 0
34 0
35 0
36 0
37 0
38 0
39 0
40 0
41 0
42 0
43 0
44 0
45 0
46 0
47 0
48 0
49 0
50 0
51 0
52 0
53 0
54 0
55 0
56 0
57 0
58 0
59 0
60 0
61 0
62 0
63 0
64 0
65 0
66 1
67 1
68 1
69 1
70 1
71 1
72 1
73 1
74 1
75 1
76 1
77 1
78 1
79 1
80 1
81 1
82 1
83 1
84 1
85 1
86 1
87 1
88 1
89 1
90 1
91 1
92 1
93 1
94 1
95 1
96 1
97 2
98 2
99 2
100 2
101 2
102 2
103 2
104 2
105 2
106 2
107 2
108 2
109 2
110 2
111 2
112 3
113 2
114 2
115 2
116 2
117 3
118 3
119 3
120 2
121 3
122 2
123 3
124 2
125 2
126 2
127 3
128 10
129 2
130 9
131 2
132 3
133 3
134 3
135 3
136 2
137 3
138 2
139 2
140 2
141 2
142 2
143 2
144 2
145 2
146 2
147 2
148 2
149 2
150 2
151 2
152 2
153 2
154 2
155 2
156 2
157 2
158 2
159 2
160 2
161 2
162 2
163 2
164 2
165 2
166 2
167 2
168 2
169 2
170 2
171 2
172 2
173 2
174 2
175 2
176 2
177 2
178 2
179 2
180 2
181 2
182 2
183 2
184 2
185 2
186 2
187 2
188 2
189 2
190 2
191 2
192 2
193 2
194 2
195 2
196 2
197 2
198 2
199 2
200 2
201 2
202 2
203 2
204 2
205 2
206 2
207 2
208 2
209 2
210 2
211 2
212 2
213 2
214 2
215 2
216 2
217 2
218 2
219 2
220 2
221 2
222 27
223 2
224 2
225 2
226 2
227 2
228 3
229 2
230 2
231 3
232 6
233 3
234 2
235 4
236 2
237 9
238 3
239 2
240 4
241 16
242 2
243 4
244 4
245 2
246 4
247 2
248 3
249 4
250 1
251 3
252 10
253 5
254 9
255 3
256 4
257 4
258 4
259 10
260 4
261 6
262 4
263 3
264 5
265 4
266 4
267 4
268 5
269 5
270 4
271 4
272 3
273 2
274 9
275 3
276 2
277 2
278 2
279 2
280 2
281 2
282 2
283 2
284 2
285 2
286 2
287 2
288 2
289 2
290 3
291 3
292 3
293 3
294 3
295 3
296 3
297 2
298 3
299 2
300 3
301 3
302 3
303 3
304 3
305 3
306 2
307 2
308 3
309 3
310 3
311 3
312 3
313 3
314 3
315 3
316 3
317 3
318 3
319 3
320 3
321 3
322 3
323 3
324 2
325 3
326 2
327 2
328 2
329 2
330 2
331 2
332 2
333 2
334 3
335 2
336 3
337 3
338 2
339 3
340 3
341 2
342 2
343 9
344 2
345 4
346 4
347 4
348 5
349 4
350 14
351 23
352 4
353 15
354 4
355 4
356 4
357 4
358 4
359 4
360 4
361 4
362 4
363 4
364 4
365 4
366 4
367 4
368 4
369 4
370 4
371 4
372 4
373 4
374 4
375 4
376 4
377 4
378 4
379 4
380 4
381 4
382 4
383 4
384 4
385 4
386 4
387 4
388 4
389 4
390 4
391 4
392 4
393 4
394 4
395 4
396 4
397 4
398 4
399 4
400 4
401 4
402 4
403 4
404 4
405 4
406 4
407 4
408 4
409 4
410 4
411 4
412 19
413 15
414 5
415 5
416 5
417 5
418 5
419 5
420 5
421 5
422 5
423 5
424 5
425 5
426 5
427 5
428 5
429 5
430 5
431 5
432 5
433 5
434 5
435 5
436 5
437 5
438 5
439 5
440 5
441 5
442 5
443 5
444 5
445 22
446 5
447 5
448 5
449 5
450 5
451 5
452 5
453 5
454 5
455 5
456 5
457 5
458 5
459 5
460 5
461 5
462 5
463 5
464 5
465 5
466 5
467 5
468 5
469 5
470 5
471 12
472 25
473 5
474 5
475 25
476 22
477 18
478 18
479 18
480 15
481 15
482 14
483 18
484 16
485 5
486 24
487 15
488 5
489 5
490 14
491 6
492 5
493 15
494 14
495 16
496 14
497 14
498 14
499 14
500 14
501 14
502 14
503 14
504 14
505 14
506 14
507 14
508 14
509 14
510 14
511 14
512 6
513 6
514 5
515 16
516 6
517 14
518 14
519 15
520 6
521 5
522 26
523 2
524 2
525 2
526 2
527 2
528 2
529 2
530 2
531 2
532 2
533 2
534 2
535 2
536 2
537 2
538 2
539 6
540 5
541 6
542 6
543 6
544 6
545 5
546 6
547 5
548 2
549 0
550 18
551 5
552 6
553 6
554 6
555 6
556 6
557 15
558 15
559 15
560 6
561 14
562 5
563 5
564 5
565 11
566 5
567 5
568 5
569 5
570 5
571 5
572 5
573 5
574 5
575 5
576 5
577 6
578 5
579 5
580 5
581 5
582 5
583 5
584 5
585 5
586 5
587 5
588 5
589 25
590 5
591 5
592 5
593 16
594 16
595 16
596 16
597 3
598 16
599 3
600 16
601 16
602 16
603 16
604 16
605 16
606 16
607 16
608 16
609 16
610 16
611 16
612 1
613 0
614 1
615 11
616 0
617 2
618 3
619 11
620 2
621 11
622 11
623 16
624 3
625 16
626 16
627 0
628 16
629 16
630 16
631 16
632 3
633 26
634 26
635 26
636 26
637 26
638 26
639 26
640 26
641 26
642 26
643 26
644 26
645 16
646 16
647 3
648 11
649 3
650 16
651 16
652 16
653 16
654 6
655 6
656 27
657 4
658 4
659 6
660 6
661 6
662 6
663 6
664 23
665 5
666 6
667 5
668 16
669 16
670 18
671 16
672 6
673 6
674 6
675 6
676 6
677 5
678 5
679 5
680 5
681 5
682 5
683 6
684 18
685 6
686 5
687 6
688 4
689 4
690 6
691 6
692 4
693 6
694 6
695 5
696 4
697 4
698 6
699 6
700 4
701 4
702 6
703 4
704 4
705 6
706 6
707 4
708 5
709 4
710 6
711 5
712 6
713 5
714 6
715 4
716 5
717 6
718 6
719 5
720 5
721 4
722 6
723 5
724 6
725 6
726 6
727 6
728 6
729 5
730 6
731 6
732 6
733 6
734 6
735 5
736 6
737 6
738 4
739 6
740 5
741 6
742 4
743 4
744 4
745 5
746 4
747 4
748 6
749 6
750 6
751 6
752 4
753 6
754 1
755 11
756 0
757 7
758 7
759 7
760 7
761 7
762 7
763 7
764 7
765 7
766 7
767 7
768 7
769 7
770 7
771 7
772 7
773 7
774 7
775 7
776 7
777 7
778 7
779 7
780 7
781 7
782 7
783 7
784 7
785 7
786 7
787 7
788 7
789 7
790 7
791 7
792 7
793 7
794 7
795 7
796 7
797 7
798 7
799 7
800 7
801 7
802 7
803 7
804 7
805 7
806 7
807 7
808 7
809 7
810 7
811 7
812 7
813 7
814 7
815 7
816 7
817 7
818 7
819 7
820 7
821 7
822 7
823 7
824 7
825 7
826 7
827 7
828 7
829 7
830 7
831 7
832 7
833 7
834 7
835 7
836 7
837 7
838 7
839 7
840 7
841 7
842 7
843 7
844 7
845 7
846 7
847 7
848 8
849 8
850 8
851 8
852 8
853 8
854 8
855 8
856 8
857 8
858 8
859 8
860 8
861 8
862 8
863 8
864 8
865 8
866 8
867 8
868 8
869 8
870 8
871 8
872 8
873 8
874 8
875 8
876 7
877 8
878 8
879 8
880 8
881 8
882 1
883 2
884 3
885 2
886 5
887 18
888 10
889 10
890 10
891 10
892 10
893 10
894 27
895 10
896 10
897 10
898 10
899 10
900 10
901 10
902 10
903 10
904 27
905 10
906 10
907 10
908 9
909 9
910 10
911 9
912 10
913 10
914 2
915 2
916 2
917 2
918 2
919 2
920 2
921 2
922 2
923 2
924 2
925 2
926 2
927 0
928 10
929 5
930 10
931 10
932 10
933 27
934 18
935 9
936 10
937 9
938 9
939 2
940 9
941 9
942 9
943 11
944 9
945 9
946 9
947 9
948 2
949 9
950 9
951 9
952 9
953 9
954 9
955 9
956 9
957 9
958 9
959 9
960 9
961 9
962 9
963 9
964 9
965 9
966 9
967 9
968 9
969 9
970 9
971 9
972 9
973 9
974 9
975 9
976 9
977 9
978 9
979 9
980 9
981 9
982 9
983 9
984 9
985 9
986 9
987 9
988 2
989 9
990 9
991 9
992 9
993 9
994 9
995 9
996 9
997 9
998 9
999 9
1000 9
1001 2
1002 2
1003 9
1004 2
1005 3
1006 2
1007 2
1008 3
1009 3
1010 9
1011 9
1012 2
1013 2
1014 2
1015 9
1016 9
1017 9
1018 9
1019 10
1020 10
1021 10
1022 10
1023 10
1024 10
1025 10
1026 10
1027 10
1028 10
1029 5
1030 10
1031 10
1032 10
1033 10
1034 5
1035 10
1036 10
1037 10
1038 10
1039 10
1040 10
1041 10
1042 10
1043 10
1044 10
1045 10
1046 10
1047 10
1048 10
1049 10
1050 10
1051 10
1052 10
1053 10
1054 10
1055 9
1056 11
1057 2
1058 11
1059 11
1060 11
1061 11
1062 9
1063 11
1064 11
1065 11
1066 11
1067 9
1068 2
1069 2
1070 2
1071 2
1072 2
1073 2
1074 2
1075 2
1076 2
1077 0
1078 2
1079 2
1080 0
1081 2
1082 2
1083 2
1084 2
1085 2
1086 3
1087 2
1088 2
1089 2
1090 2
1091 2
1092 2
1093 11
1094 11
1095 11
1096 11
1097 2
1098 11
1099 11
1100 11
1101 11
1102 11
1103 11
1104 11
1105 11
1106 11
1107 11
1108 9
1109 2
1110 11
1111 11
1112 11
1113 11
1114 11
1115 2
1116 11
1117 11
1118 9
1119 2
1120 9
1121 11
1122 2
1123 0
1124 0
1125 0
1126 0
1127 0
1128 0
1129 0
1130 0
1131 0
1132 0
1133 0
1134 9
1135 6
1136 6
1137 14
1138 14
1139 14
1140 14
1141 14
1142 5
1143 5
1144 5
1145 5
1146 25
1147 6
1148 12
1149 12
1150 12
1151 12
1152 12
1153 12
1154 12
1155 12
1156 12
1157 12
1158 13
1159 13
1160 13
1161 13
1162 12
1163 12
1164 12
1165 12
1166 12
1167 12
1168 12
1169 12
1170 12
1171 12
1172 12
1173 12
1174 12
1175 12
1176 12
1177 13
1178 12
1179 13
1180 12
1181 12
1182 12
1183 13
1184 12
1185 12
1186 12
1187 12
1188 12
1189 21
1190 19
1191 12
1192 12
1193 12
1194 12
1195 12
1196 12
1197 12
1198 12
1199 12
1200 12
1201 12
1202 12
1203 12
1204 12
1205 12
1206 12
1207 12
1208 12
1209 12
1210 12
1211 12
1212 12
1213 12
1214 12
1215 12
1216 12
1217 12
1218 12
1219 12
1220 12
1221 12
1222 12
1223 12
1224 12
1225 12
1226 12
1227 12
1228 12
1229 12
1230 12
1231 12
1232 12
1233 12
1234 12
1235 12
1236 12
1237 12
1238 12
1239 12
1240 12
1241 12
1242 12
1243 12
1244 12
1245 12
1246 12
1247 12
1248 12
1249 12
1250 12
1251 12
1252 13
1253 13
1254 13
1255 20
1256 13
1257 13
1258 13
1259 13
1260 13
1261 13
1262 13
1263 13
1264 13
1265 13
1266 13
1267 13
1268 13
1269 13
1270 13
1271 13
1272 13
1273 13
1274 13
1275 13
1276 13
1277 13
1278 13
1279 13
1280 13
1281 13
1282 13
1283 13
1284 13
1285 13
1286 13
1287 13
1288 12
1289 15
1290 24
1291 24
1292 24
1293 24
1294 24
1295 15
1296 16
1297 16
1298 16
1299 16
1300 14
1301 14
1302 14
1303 14
1304 14
1305 14
1306 14
1307 14
1308 14
1309 14
1310 14
1311 14
1312 14
1313 14
1314 14
1315 14
1316 14
1317 14
1318 14
1319 14
1320 14
1321 14
1322 14
1323 14
1324 14
1325 14
1326 14
1327 14
1328 14
1329 14
1330 14
1331 14
1332 14
1333 14
1334 14
1335 14
1336 14
1337 14
1338 14
1339 14
1340 14
1341 14
1342 14
1343 14
1344 14
1345 14
1346 14
1347 14
1348 14
1349 14
1350 14
1351 14
1352 14
1353 14
1354 14
1355 14
1356 14
1357 14
1358 14
1359 14
1360 14
1361 15
1362 14
1363 15
1364 15
1365 19
1366 15
1367 15
1368 10
1369 2
1370 17
1371 10
1372 5
1373 10
1374 17
1375 10
1376 2
1377 2
1378 15
1379 2
1380 4
1381 15
1382 15
1383 15
1384 15
1385 15
1386 15
1387 15
1388 15
1389 15
1390 15
1391 15
1392 15
1393 15
1394 15
1395 15
1396 15
1397 15
1398 15
1399 5
1400 2
1401 15
1402 10
1403 15
1404 15
1405 10
1406 10
1407 15
1408 2
1409 3
1410 17
1411 17
1412 15
1413 17
1414 15
1415 15
1416 15
1417 15
1418 15
1419 15
1420 15
1421 15
1422 15
1423 15
1424 15
1425 15
1426 15
1427 15
1428 15
1429 15
1430 15
1431 15
1432 15
1433 15
1434 15
1435 15
1436 15
1437 15
1438 15
1439 15
1440 15
1441 15
1442 15
1443 15
1444 15
1445 15
1446 15
1447 15
1448 15
1449 15
1450 15
1451 15
1452 15
1453 15
1454 15
1455 15
1456 15
1457 15
1458 15
1459 15
1460 14
1461 16
1462 19
1463 19
1464 16
1465 16
1466 19
1467 19
1468 19
1469 16
1470 19
1471 19
1472 16
1473 16
1474 16
1475 9
1476 10
1477 16
1478 21
1479 9
1480 16
1481 16
1482 10
1483 16
1484 16
1485 16
1486 16
1487 16
1488 16
1489 16
1490 16
1491 16
1492 16
1493 16
1494 16
1495 16
1496 16
1497 16
1498 16
1499 16
1500 16
1501 16
1502 16
1503 16
1504 16
1505 16
1506 16
1507 10
1508 27
1509 17
1510 17
1511 17
1512 17
1513 3
1514 3
1515 3
1516 3
1517 2
1518 3
1519 3
1520 2
1521 2
1522 17
1523 17
1524 17
1525 17
1526 17
1527 17
1528 17
1529 17
1530 17
1531 17
1532 17
1533 17
1534 17
1535 17
1536 17
1537 17
1538 17
1539 17
1540 17
1541 17
1542 17
1543 17
1544 17
1545 17
1546 17
1547 17
1548 17
1549 17
1550 17
1551 17
1552 17
1553 17
1554 17
1555 17
1556 17
1557 17
1558 17
1559 17
1560 17
1561 17
1562 17
1563 17
1564 17
1565 17
1566 17
1567 17
1568 17
1569 17
1570 17
1571 17
1572 17
1573 17
1574 17
1575 17
1576 17
1577 17
1578 17
1579 17
1580 2
1581 18
1582 1
1583 2
1584 18
1585 18
1586 18
1587 18
1588 18
1589 2
1590 18
1591 18
1592 18
1593 18
1594 16
1595 18
1596 16
1597 18
1598 18
1599 16
1600 16
1601 16
1602 18
1603 18
1604 18
1605 18
1606 18
1607 18
1608 18
1609 18
1610 0
1611 23
1612 23
1613 16
1614 7
1615 16
1616 12
1617 18
1618 18
1619 18
1620 18
1621 18
1622 18
1623 18
1624 18
1625 18
1626 18
1627 18
1628 18
1629 18
1630 18
1631 18
1632 18
1633 18
1634 18
1635 18
1636 18
1637 18
1638 18
1639 17
1640 17
1641 18
1642 18
1643 18
1644 18
1645 18
1646 18
1647 18
1648 17
1649 17
1650 18
1651 18
1652 18
1653 18
1654 17
1655 18
1656 18
1657 18
1658 18
1659 18
1660 18
1661 18
1662 17
1663 18
1664 18
1665 18
1666 18
1667 18
1668 18
1669 18
1670 18
1671 18
1672 18
1673 18
1674 18
1675 18
1676 18
1677 18
1678 18
1679 18
1680 18
1681 17
1682 18
1683 18
1684 4
1685 12
1686 19
1687 15
1688 15
1689 15
1690 15
1691 15
1692 15
1693 15
1694 19
1695 16
1696 7
1697 7
1698 17
1699 17
1700 7
1701 17
1702 7
1703 16
1704 19
1705 19
1706 19
1707 19
1708 19
1709 19
1710 19
1711 19
1712 19
1713 19
1714 19
1715 19
1716 19
1717 19
1718 19
1719 19
1720 19
1721 19
1722 19
1723 19
1724 19
1725 19
1726 19
1727 19
1728 19
1729 19
1730 19
1731 19
1732 19
1733 19
1734 19
1735 19
1736 19
1737 19
1738 19
1739 19
1740 19
1741 19
1742 19
1743 19
1744 19
1745 19
1746 19
1747 19
1748 19
1749 19
1750 19
1751 19
1752 19
1753 19
1754 19
1755 19
1756 19
1757 19
1758 19
1759 19
1760 19
1761 19
1762 19
1763 19
1764 19
1765 19
1766 19
1767 19
1768 19
1769 19
1770 20
1771 20
1772 20
1773 20
1774 20
1775 20
1776 20
1777 20
1778 20
1779 20
1780 20
1781 20
1782 20
1783 20
1784 20
1785 20
1786 20
1787 20
1788 20
1789 20
1790 20
1791 20
1792 20
1793 20
1794 20
1795 20
1796 20
1797 20
1798 20
1799 20
1800 20
1801 20
1802 19
1803 7
1804 16
1805 21
1806 21
1807 21
1808 21
1809 21
1810 21
1811 21
1812 21
1813 21
1814 21
1815 21
1816 21
1817 21
1818 21
1819 21
1820 14
1821 14
1822 14
1823 21
1824 14
1825 14
1826 14
1827 21
1828 21
1829 15
1830 14
1831 15
1832 15
1833 14
1834 14
1835 15
1836 15
1837 21
1838 14
1839 14
1840 14
1841 14
1842 14
1843 15
1844 19
1845 21
1846 21
1847 21
1848 21
1849 21
1850 21
1851 21
1852 15
1853 21
1854 14
1855 14
1856 14
1857 14
1858 14
1859 14
1860 14
1861 14
1862 21
1863 21
1864 19
1865 19
1866 19
1867 21
1868 22
1869 21
1870 21
1871 21
1872 22
1873 21
1874 22
1875 22
1876 22
1877 22
1878 22
1879 22
1880 22
1881 22
1882 22
1883 22
1884 22
1885 22
1886 22
1887 22
1888 21
1889 22
1890 21
1891 21
1892 22
1893 21
1894 22
1895 23
1896 22
1897 21
1898 21
1899 21
1900 21
1901 21
1902 21
1903 21
1904 21
1905 21
1906 21
1907 21
1908 21
1909 21
1910 21
1911 21
1912 21
1913 21
1914 21
1915 21
1916 21
1917 21
1918 21
1919 21
1920 26
1921 26
1922 26
1923 26
1924 26
1925 26
1926 21
1927 21
1928 21
1929 21
1930 21
1931 21
1932 21
1933 21
1934 22
1935 21
1936 22
1937 22
1938 21
1939 4
1940 22
1941 22
1942 21
1943 21
1944 22
1945 21
1946 21
1947 21
1948 21
1949 22
1950 21
1951 21
1952 22
1953 22
1954 4
1955 21
1956 21
1957 21
1958 21
1959 21
1960 21
1961 22
1962 21
1963 22
1964 22
1965 22
1966 22
1967 22
1968 22
1969 22
1970 22
1971 22
1972 22
1973 22
1974 22
1975 22
1976 22
1977 22
1978 22
1979 22
1980 22
1981 22
1982 22
1983 22
1984 22
1985 22
1986 22
1987 22
1988 22
1989 22
1990 22
1991 22
1992 22
1993 22
1994 22
1995 22
1996 22
1997 22
1998 22
1999 22
2000 22
2001 22
2002 22
2003 22
2004 22
2005 22
2006 22
2007 22
2008 22
2009 22
2010 22
2011 22
2012 18
2013 22
2014 23
2015 23
2016 0
2017 23
2018 16
2019 21
2020 23
2021 21
2022 22
2023 23
2024 23
2025 23
2026 23
2027 23
2028 23
2029 23
2030 21
2031 21
2032 21
2033 23
2034 23
2035 23
2036 21
2037 23
2038 23
2039 23
2040 23
2041 23
2042 21
2043 21
2044 21
2045 21
2046 23
2047 21
2048 21
2049 23
2050 21
2051 23
2052 23
2053 23
2054 23
2055 14
2056 14
2057 15
2058 23
2059 15
2060 15
2061 15
2062 23
2063 23
2064 14
2065 23
2066 15
2067 15
2068 -1
2069 -1
2070 -1
2071 24
2072 24
2073 24
2074 24
2075 24
2076 24
2077 24
2078 24
2079 24
2080 24
2081 27
2082 24
2083 27
2084 27
2085 26
2086 24
2087 24
2088 24
2089 24
2090 24
2091 24
2092 24
2093 24
2094 24
2095 24
2096 24
2097 24
2098 24
2099 24
2100 24
2101 24
2102 24
2103 24
2104 24
2105 24
2106 24
2107 24
2108 24
2109 24
2110 24
2111 24
2112 24
2113 24
2114 24
2115 24
2116 24
2117 24
2118 24
2119 24
2120 24
2121 24
2122 24
2123 24
2124 25
2125 25
2126 25
2127 25
2128 25
2129 25
2130 25
2131 25
2132 25
2133 25
2134 25
2135 25
2136 25
2137 25
2138 25
2139 25
2140 25
2141 25
2142 25
2143 25
2144 25
2145 25
2146 25
2147 25
2148 25
2149 25
2150 25
2151 25
2152 25
2153 25
2154 25
2155 25
2156 25
2157 25
2158 25
2159 25
2160 25
2161 25
2162 25
2163 25
2164 25
2165 25
2166 25
2167 25
2168 25
2169 25
2170 25
2171 25
2172 25
2173 25
2174 25
2175 25
2176 25
2177 25
2178 25
2179 25
2180 25
2181 25
2182 25
2183 25
2184 25
2185 25
2186 25
2187 25
2188 25
2189 25
2190 25
2191 25
2192 25
2193 25
2194 25
2195 25
2196 25
2197 25
2198 25
2199 25
2200 25
2201 25
2202 25
2203 25
2204 25
2205 25
2206 25
2207 25
2208 25
2209 25
2210 25
2211 25
2212 25
2213 25
2214 25
2215 25
2216 25
2217 25
2218 25
2219 25
2220 24
2221 24
2222 24
2223 24
2224 24
2225 24
2226 26
2227 26
2228 26
2229 26
2230 26
2231 26
2232 26
2233 26
2234 26
2235 26
2236 26
2237 26
2238 26
2239 26
2240 26
2241 26
2242 26
2243 26
2244 26
2245 26
2246 26
2247 26
2248 26
2249 26
2250 26
2251 26
2252 26
2253 26
2254 26
2255 26
2256 26
2257 26
2258 26
2259 26
2260 26
2261 26
2262 26
2263 26
2264 26
2265 26
2266 26
2267 26
2268 26
2269 26
2270 26
2271 26
2272 26
2273 26
2274 26
2275 26
2276 26
2277 26
2278 26
2279 26
2280 26
2281 26
2282 26
2283 26
2284 26
2285 26
2286 26
2287 26
2288 26
2289 26
2290 26
2291 26
2292 26
2293 26
2294 26
2295 26
2296 26
2297 26
2298 26
2299 26
2300 26
2301 26
2302 26
2303 26
2304 26
2305 26
2306 26
2307 26
2308 26
2309 26
2310 26
2311 26
2312 26
2313 26
2314 26
2315 26
2316 26
2317 27
2318 27
2319 27
2320 27
2321 27
2322 27
2323 27
2324 27
2325 27
2326 27
2327 27
2328 27
2329 27
2330 27
2331 27
2332 27
2333 27
2334 27
2335 27
2336 27
2337 27
2338 27
2339 27
2340 27
2341 27
