2 0
3 0
4 0
5 0
6 0
7 0
8 0
9 2
10 0
11 2
12 0
13 0
14 3
15 0
16 0
17 0
18 0
19 0
20 3
21 0
22 3
23 0
24 0
25 0
26 0
27 0
28 0
29 0
30 0
31 0
32 0
33 1
34 1
35 0
36 1
37 0
38 1
39 0
40 0
41 0
42 0
43 0
44 0
45 0
46 0
47 0
48 0
49 0
50 18
51 0
52 0
53 0
54 0
55 0
56 0
57 0
58 0
59 0
60 0
61 0
62 0
63 0
64 0
65 0
66 0
67 0
68 0
69 0
70 0
71 0
72 27
73 0
74 0
75 0
76 0
77 0
78 0
79 0
80 27
81 1
82 1
83 1
84 0
85 2
86 2
87 2
88 2
89 2
90 2
91 2
92 2
93 2
94 2
95 2
96 0
97 3
98 26
99 0
100 26
101 0
102 0
103 0
104 0
105 0
106 0
107 0
108 0
109 0
110 0
111 0
112 0
113 0
114 0
115 0
116 0
117 0
118 0
119 0
120 0
121 0
122 0
123 0
124 0
125 0
126 0
127 0
128 0
129 0
130 0
131 0
132 0
133 0
134 0
135 0
136 0
137 0
138 0
139 0
140 0
141 0
142 0
143 0
144 1
145 1
146 1
147 1
148 1
149 1
150 1
151 1
152 1
153 1
154 1
155 1
156 1
157 1
158 1
159 1
160 1
161 1
162 1
163 1
164 1
165 1
166 1
167 1
168 1
169 2
170 3
171 2
172 2
173 2
174 3
175 3
176 2
177 3
178 2
179 2
180 2
181 2
182 2
183 2
184 2
185 2
186 2
187 2
188 2
189 2
190 2
191 2
192 2
193 2
194 2
195 2
196 2
197 2
198 2
199 2
200 2
201 2
202 2
203 2
204 2
205 2
206 2
207 2
208 2
209 2
210 2
211 2
212 2
213 2
214 2
215 3
216 3
217 3
218 3
219 2
220 2
221 3
222 3
223 3
224 3
225 3
226 3
227 3
228 3
229 3
230 3
231 3
232 3
233 3
234 3
235 3
236 3
237 3
238 3
239 3
240 3
241 3
242 3
243 3
244 3
245 3
246 3
247 3
248 3
249 3
250 3
251 3
252 3
253 3
254 3
255 3
256 3
257 3
258 3
259 3
260 3
261 3
262 3
263 3
264 2
265 2
266 4
267 4
268 4
269 4
270 4
271 4
272 4
273 4
274 4
275 4
276 4
277 4
278 4
279 4
280 4
281 4
282 4
283 4
284 4
285 4
286 4
287 4
288 4
289 4
290 4
291 4
292 4
293 4
294 4
295 4
296 4
297 5
298 5
299 5
300 5
301 5
302 5
303 5
304 5
305 5
306 5
307 5
308 5
309 5
310 5
311 5
312 5
313 5
314 5
315 5
316 5
317 5
318 5
319 5
320 5
321 5
322 5
323 5
324 5
325 5
326 5
327 5
328 5
329 5
330 5
331 14
332 14
333 14
334 5
335 14
336 15
337 15
338 15
339 15
340 6
341 6
342 6
343 6
344 6
345 6
346 6
347 6
348 5
349 6
350 15
351 6
352 6
353 6
354 5
355 6
356 6
357 6
358 6
359 6
360 6
361 6
362 6
363 15
364 5
365 6
366 6
367 6
368 13
369 13
370 13
371 6
372 6
373 5
374 6
375 6
376 13
377 6
378 6
379 6
380 6
381 13
382 6
383 6
384 6
385 6
386 6
387 13
388 6
389 6
390 6
391 13
392 6
393 6
394 6
395 6
396 6
397 4
398 6
399 6
400 6
401 6
402 4
403 6
404 6
405 6
406 6
407 6
408 6
409 6
410 6
411 3
412 1
413 7
414 7
415 7
416 7
417 7
418 7
419 7
420 7
421 7
422 7
423 7
424 7
425 7
426 7
427 7
428 7
429 7
430 7
431 7
432 7
433 7
434 7
435 7
436 7
437 7
438 7
439 7
440 7
441 7
442 7
443 7
444 7
445 7
446 7
447 7
448 7
449 7
450 7
451 7
452 7
453 7
454 7
455 7
456 7
457 7
458 7
459 7
460 7
461 7
462 7
463 7
464 7
465 7
466 7
467 7
468 7
469 7
470 7
471 7
472 7
473 7
474 7
475 7
476 7
477 7
478 7
479 7
480 7
481 8
482 8
483 8
484 8
485 8
486 8
487 8
488 8
489 8
490 8
491 8
492 8
493 8
494 8
495 8
496 8
497 8
498 8
499 8
500 8
501 8
502 8
503 8
504 8
505 8
506 11
507 11
508 9
509 9
510 9
511 9
512 9
513 9
514 9
515 9
516 9
517 9
518 9
519 9
520 9
521 2
522 2
523 2
524 2
525 9
526 9
527 3
528 2
529 2
530 9
531 2
532 9
533 3
534 10
535 10
536 10
537 10
538 9
539 10
540 10
541 10
542 10
543 10
544 10
545 10
546 10
547 10
548 10
549 10
550 9
551 9
552 10
553 10
554 10
555 10
556 10
557 10
558 10
559 10
560 10
561 9
562 9
563 9
564 9
565 9
566 9
567 9
568 9
569 9
570 11
571 11
572 9
573 9
574 9
575 11
576 11
577 11
578 11
579 9
580 11
581 9
582 11
583 11
584 11
585 9
586 11
587 9
588 9
589 11
590 11
591 11
592 11
593 11
594 11
595 9
596 11
597 9
598 11
599 11
600 11
601 11
602 11
603 11
604 11
605 11
606 11
607 11
608 11
609 11
610 11
611 2
612 11
613 11
614 11
615 11
616 11
617 11
618 11
619 11
620 2
621 2
622 0
623 0
624 0
625 0
626 0
627 0
628 0
629 3
630 0
631 11
632 20
633 11
634 0
635 10
636 0
637 18
638 26
639 12
640 12
641 12
642 12
643 12
644 12
645 12
646 12
647 12
648 12
649 12
650 12
651 12
652 12
653 12
654 12
655 12
656 12
657 12
658 12
659 12
660 12
661 12
662 12
663 12
664 12
665 12
666 12
667 12
668 12
669 12
670 12
671 12
672 12
673 12
674 12
675 12
676 12
677 12
678 12
679 12
680 12
681 12
682 12
683 12
684 13
685 13
686 13
687 13
688 13
689 13
690 13
691 13
692 13
693 13
694 13
695 13
696 13
697 13
698 13
699 13
700 13
701 13
702 13
703 13
704 13
705 13
706 13
707 13
708 13
709 13
710 13
711 13
712 13
713 13
714 13
715 13
716 13
717 15
718 14
719 14
720 15
721 15
722 15
723 15
724 15
725 15
726 15
727 15
728 14
729 14
730 14
731 14
732 14
733 14
734 14
735 14
736 14
737 14
738 14
739 14
740 14
741 14
742 14
743 14
744 14
745 14
746 14
747 14
748 14
749 14
750 14
751 14
752 14
753 14
754 14
755 14
756 15
757 15
758 15
759 15
760 15
761 15
762 15
763 15
764 15
765 15
766 15
767 15
768 15
769 15
770 15
771 15
772 15
773 15
774 15
775 15
776 15
777 15
778 15
779 15
780 15
781 15
782 15
783 21
784 18
785 2
786 2
787 2
788 2
789 2
790 2
791 2
792 2
793 16
794 13
795 16
796 16
797 16
798 16
799 16
800 16
801 16
802 16
803 16
804 6
805 13
806 16
807 16
808 16
809 16
810 16
811 6
812 16
813 16
814 16
815 16
816 16
817 16
818 16
819 21
820 17
821 17
822 17
823 17
824 17
825 17
826 17
827 17
828 17
829 17
830 17
831 17
832 17
833 17
834 17
835 17
836 17
837 17
838 17
839 17
840 17
841 17
842 17
843 17
844 17
845 17
846 17
847 17
848 3
849 2
850 18
851 18
852 18
853 18
854 18
855 18
856 18
857 18
858 18
859 18
860 18
861 18
862 18
863 18
864 18
865 18
866 18
867 18
868 18
869 18
870 18
871 18
872 18
873 18
874 18
875 18
876 18
877 18
878 18
879 18
880 18
881 18
882 18
883 18
884 18
885 18
886 18
887 18
888 18
889 17
890 7
891 19
892 19
893 19
894 19
895 19
896 19
897 19
898 19
899 19
900 19
901 19
902 19
903 19
904 19
905 19
906 19
907 19
908 19
909 19
910 19
911 19
912 19
913 19
914 19
915 19
916 19
917 19
918 19
919 19
920 19
921 19
922 19
923 19
924 20
925 20
926 20
927 20
928 20
929 20
930 20
931 20
932 20
933 20
934 20
935 20
936 20
937 20
938 20
939 20
940 20
941 20
942 20
943 20
944 20
945 20
946 20
947 20
948 20
949 19
950 23
951 21
952 21
953 21
954 21
955 21
956 21
957 21
958 21
959 21
960 21
961 21
962 21
963 21
964 21
965 21
966 21
967 21
968 21
969 21
970 21
971 21
972 21
973 21
974 21
975 21
976 21
977 21
978 21
979 22
980 22
981 22
982 22
983 22
984 22
985 22
986 22
987 22
988 22
989 22
990 22
991 22
992 22
993 22
994 22
995 22
996 22
997 22
998 22
999 22
1000 22
1001 22
1002 22
1003 22
1004 22
1005 21
1006 21
1007 21
1008 23
1009 23
1010 23
1011 23
1012 23
1013 23
1014 23
1015 23
1016 23
1017 23
1018 23
1019 23
1020 23
1021 -1
1022 -1
1023 -1
1024 -1
1025 -1
1026 -1
1027 -1
1028 -1
1029 -1
1030 23
1031 23
1032 23
1033 23
1034 23
1035 23
1036 23
1037 23
1038 23
1039 23
1040 23
1041 23
1042 23
1043 14
1044 -1
1045 24
1046 27
1047 27
1048 24
1049 24
1050 24
1051 24
1052 24
1053 27
1054 24
1055 24
1056 24
1057 24
1058 24
1059 24
1060 24
1061 24
1062 24
1063 24
1064 24
1065 24
1066 24
1067 24
1068 24
1069 24
1070 24
1071 24
1072 24
1073 24
1074 24
1075 24
1076 24
1077 24
1078 24
1079 24
1080 24
1081 24
1082 24
1083 24
1084 24
1085 24
1086 25
1087 25
1088 25
1089 25
1090 25
1091 25
1092 25
1093 25
1094 25
1095 25
1096 25
1097 25
1098 25
1099 25
1100 25
1101 25
1102 25
1103 25
1104 25
1105 25
1106 25
1107 25
1108 25
1109 25
1110 25
1111 25
1112 25
1113 25
1114 25
1115 25
1116 25
1117 25
1118 25
1119 25
1120 25
1121 27
1122 27
1123 27
1124 27
1125 26
1126 26
1127 26
1128 26
1129 26
1130 26
1131 26
1132 26
1133 26
1134 26
1135 26
1136 26
1137 26
1138 26
1139 26
1140 26
1141 26
1142 26
1143 26
1144 26
1145 26
1146 26
1147 27
1148 27
1149 27
1150 27
1151 27
1152 27
1153 27
1154 27
1155 27
1156 27
1157 27
1158 27
1159 27
