2 -1
3 -1
4 -1
5 -1
6 -1
7 -1
8 -1
9 -1
10 -1
11 -1
12 16
13 16
14 16
15 18
16 16
17 16
18 0
19 16
20 16
21 0
22 18
23 16
24 16
25 18
26 16
27 16
28 16
29 16
30 18
31 16
32 16
33 6
34 18
35 18
36 4
37 11
38 4
39 15
40 7
41 16
42 16
43 17
44 7
45 11
46 0
47 17
48 17
49 0
50 16
51 16
52 0
53 27
54 18
55 0
56 16
57 15
58 0
59 11
60 27
61 16
62 0
63 0
64 0
65 16
66 11
67 0
68 0
69 0
70 0
71 18
72 16
73 11
74 17
75 11
76 16
77 0
78 16
79 25
80 16
81 11
82 18
83 11
84 11
85 16
86 0
87 0
88 0
89 0
90 0
91 0
92 0
93 0
94 0
95 11
96 0
97 0
98 0
99 0
100 0
101 0
102 16
103 16
104 0
105 16
106 1
107 1
108 1
109 1
110 1
111 1
112 16
113 16
114 16
115 1
116 16
117 16
118 1
119 16
120 1
121 16
122 0
123 27
124 16
125 1
126 0
127 18
128 16
129 11
130 1
131 1
132 0
133 1
134 18
135 16
136 11
137 0
138 18
139 1
140 18
141 0
142 1
143 1
144 16
145 7
146 11
147 18
148 11
149 6
150 16
151 16
152 16
153 16
154 16
155 21
156 6
157 11
158 11
159 18
160 16
161 18
162 14
163 2
164 2
165 12
166 12
167 18
168 13
169 13
170 21
171 12
172 21
173 10
174 14
175 16
176 16
177 18
178 16
179 6
180 16
181 16
182 16
183 0
184 16
185 16
186 26
187 16
188 16
189 2
190 0
191 2
192 0
193 0
194 16
195 0
196 16
197 0
198 9
199 0
200 2
201 26
202 10
203 9
204 10
205 9
206 11
207 10
208 2
209 2
210 2
211 2
212 0
213 16
214 16
215 16
216 16
217 16
218 11
219 2
220 16
221 16
222 0
223 10
224 0
225 0
226 9
227 16
228 2
229 0
230 10
231 0
232 11
233 16
234 16
235 16
236 16
237 16
238 11
239 18
240 9
241 18
242 2
243 2
244 16
245 16
246 2
247 11
248 2
249 1
250 0
251 11
252 0
253 1
254 0
255 11
256 2
257 0
258 2
259 1
260 1
261 11
262 1
263 2
264 16
265 1
266 3
267 16
268 11
269 2
270 2
271 11
272 0
273 1
274 3
275 1
276 16
277 1
278 11
279 0
280 1
281 16
282 16
283 16
284 1
285 0
286 0
287 2
288 2
289 1
290 0
291 1
292 16
293 16
294 2
295 2
296 9
297 16
298 2
299 2
300 1
301 2
302 18
303 4
304 16
305 24
306 2
307 0
308 1
309 11
310 2
311 18
312 2
313 2
314 2
315 2
316 2
317 16
318 2
319 2
320 2
321 3
322 2
323 16
324 16
325 16
326 16
327 16
328 3
329 16
330 16
331 3
332 3
333 2
334 2
335 2
336 2
337 3
338 6
339 2
340 2
341 2
342 2
343 2
344 2
345 2
346 2
347 2
348 3
349 2
350 2
351 11
352 2
353 2
354 2
355 2
356 2
357 2
358 3
359 2
360 2
361 3
362 3
363 3
364 3
365 10
366 3
367 10
368 10
369 10
370 10
371 10
372 10
373 10
374 3
375 3
376 10
377 10
378 10
379 10
380 10
381 10
382 10
383 10
384 10
385 10
386 10
387 10
388 10
389 10
390 10
391 10
392 10
393 10
394 10
395 10
396 4
397 16
398 16
399 16
400 14
401 14
402 14
403 16
404 14
405 14
406 14
407 14
408 14
409 14
410 14
411 4
412 14
413 14
414 14
415 14
416 14
417 14
418 14
419 4
420 4
421 4
422 6
423 4
424 16
425 6
426 4
427 4
428 14
429 15
430 6
431 4
432 14
433 4
434 10
435 4
436 5
437 5
438 10
439 5
440 4
441 4
442 5
443 5
444 5
445 10
446 5
447 5
448 5
449 5
450 5
451 5
452 5
453 5
454 5
455 5
456 5
457 5
458 5
459 5
460 5
461 5
462 5
463 5
464 5
465 5
466 5
467 5
468 5
469 5
470 5
471 5
472 5
473 5
474 5
475 5
476 5
477 5
478 5
479 5
480 5
481 5
482 5
483 5
484 5
485 5
486 5
487 5
488 5
489 7
490 5
491 4
492 5
493 5
494 5
495 5
496 5
497 5
498 5
499 5
500 5
501 5
502 5
503 5
504 5
505 5
506 5
507 5
508 5
509 0
510 5
511 5
512 5
513 5
514 5
515 5
516 5
517 5
518 5
519 5
520 5
521 5
522 5
523 5
524 5
525 5
526 4
527 2
528 0
529 16
530 27
531 18
532 27
533 27
534 27
535 16
536 27
537 25
538 5
539 11
540 27
541 16
542 16
543 16
544 16
545 27
546 16
547 6
548 27
549 16
550 11
551 18
552 11
553 9
554 27
555 27
556 27
557 16
558 11
559 10
560 27
561 0
562 18
563 18
564 18
565 18
566 18
567 18
568 18
569 18
570 18
571 18
572 27
573 11
574 4
575 4
576 6
577 2
578 27
579 16
580 16
581 16
582 18
583 18
584 18
585 18
586 16
587 16
588 4
589 16
590 4
591 11
592 16
593 11
594 18
595 11
596 4
597 11
598 11
599 11
600 16
601 27
602 6
603 18
604 11
605 5
606 4
607 5
608 5
609 11
610 11
611 16
612 16
613 27
614 2
615 27
616 16
617 16
618 16
619 27
620 4
621 16
622 14
623 21
624 16
625 6
626 6
627 16
628 6
629 16
630 4
631 16
632 4
633 4
634 4
635 6
636 6
637 6
638 4
639 6
640 4
641 4
642 4
643 4
644 6
645 4
646 6
647 4
648 4
649 4
650 4
651 4
652 23
653 11
654 4
655 18
656 6
657 3
658 4
659 4
660 6
661 6
662 6
663 6
664 4
665 6
666 6
667 6
668 16
669 16
670 18
671 4
672 4
673 6
674 6
675 6
676 16
677 16
678 6
679 6
680 4
681 16
682 6
683 6
684 6
685 6
686 6
687 6
688 16
689 6
690 26
691 8
692 8
693 8
694 8
695 8
696 8
697 8
698 8
699 8
700 8
701 8
702 8
703 8
704 8
705 8
706 8
707 8
708 8
709 8
710 8
711 8
712 8
713 8
714 8
715 8
716 8
717 8
718 7
719 8
720 8
721 8
722 8
723 8
724 8
725 8
726 8
727 8
728 8
729 8
730 1
731 8
732 8
733 8
734 8
735 8
736 8
737 8
738 8
739 8
740 8
741 8
742 8
743 8
744 8
745 8
746 8
747 8
748 8
749 8
750 8
751 8
752 8
753 8
754 8
755 8
756 8
757 8
758 7
759 1
760 1
761 7
762 2
763 27
764 2
765 2
766 2
767 2
768 2
769 3
770 27
771 3
772 7
773 1
774 7
775 7
776 7
777 7
778 7
779 7
780 7
781 7
782 7
783 7
784 7
785 7
786 7
787 7
788 7
789 7
790 7
791 7
792 18
793 17
794 2
795 0
796 2
797 2
798 2
799 4
800 2
801 25
802 7
803 7
804 7
805 7
806 7
807 7
808 7
809 7
810 7
811 7
812 8
813 0
814 8
815 7
816 2
817 7
818 7
819 9
820 8
821 7
822 1
823 1
824 8
825 8
826 8
827 8
828 8
829 8
830 8
831 8
832 8
833 8
834 8
835 8
836 8
837 8
838 8
839 8
840 8
841 8
842 8
843 8
844 8
845 8
846 8
847 8
848 8
849 8
850 8
851 8
852 8
853 8
854 8
855 8
856 8
857 8
858 8
859 8
860 8
861 8
862 8
863 8
864 8
865 8
866 8
867 8
868 8
869 8
870 8
871 8
872 8
873 8
874 8
875 8
876 8
877 8
878 8
879 8
880 8
881 8
882 7
883 0
884 9
885 9
886 9
887 9
888 9
889 9
890 9
891 9
892 9
893 9
894 9
895 9
896 9
897 9
898 9
899 2
900 9
901 9
902 9
903 9
904 9
905 9
906 9
907 9
908 9
909 9
910 9
911 9
912 9
913 9
914 9
915 9
916 9
917 9
918 9
919 9
920 9
921 11
922 9
923 9
924 9
925 9
926 9
927 9
928 9
929 6
930 9
931 9
932 9
933 9
934 9
935 9
936 9
937 9
938 9
939 9
940 9
941 9
942 9
943 9
944 9
945 9
946 9
947 10
948 10
949 9
950 9
951 9
952 10
953 0
954 10
955 9
956 9
957 9
958 9
959 9
960 9
961 9
962 10
963 10
964 9
965 9
966 9
967 10
968 10
969 9
970 9
971 10
972 10
973 10
974 9
975 10
976 10
977 9
978 10
979 9
980 10
981 9
982 10
983 9
984 10
985 10
986 9
987 10
988 9
989 9
990 3
991 0
992 0
993 1
994 3
995 1
996 1
997 1
998 0
999 0
1000 19
1001 0
1002 6
1003 6
1004 10
1005 19
1006 10
1007 5
1008 10
1009 19
1010 19
1011 0
1012 19
1013 1
1014 0
1015 19
1016 19
1017 0
1018 19
1019 19
1020 19
1021 1
1022 19
1023 19
1024 19
1025 19
1026 19
1027 19
1028 19
1029 19
1030 19
1031 19
1032 19
1033 19
1034 4
1035 19
1036 6
1037 5
1038 5
1039 5
1040 1
1041 5
1042 0
1043 1
1044 5
1045 5
1046 1
1047 5
1048 5
1049 5
1050 0
1051 1
1052 0
1053 0
1054 5
1055 5
1056 0
1057 0
1058 0
1059 5
1060 5
1061 5
1062 5
1063 5
1064 5
1065 19
1066 5
1067 5
1068 5
1069 3
1070 3
1071 1
1072 1
1073 3
1074 3
1075 3
1076 7
1077 5
1078 5
1079 3
1080 10
1081 3
1082 0
1083 3
1084 3
1085 3
1086 3
1087 3
1088 3
1089 3
1090 0
1091 0
1092 3
1093 7
1094 5
1095 0
1096 1
1097 5
1098 5
1099 5
1100 1
1101 5
1102 5
1103 5
1104 5
1105 5
1106 5
1107 19
1108 19
1109 5
1110 5
1111 1
1112 3
1113 19
1114 3
1115 0
1116 0
1117 3
1118 3
1119 3
1120 7
1121 3
1122 1
1123 5
1124 3
1125 6
1126 6
1127 6
1128 3
1129 9
1130 2
1131 11
1132 11
1133 9
1134 0
1135 9
1136 11
1137 9
1138 11
1139 7
1140 0
1141 11
1142 0
1143 11
1144 0
1145 9
1146 16
1147 0
1148 7
1149 0
1150 11
1151 11
1152 16
1153 7
1154 7
1155 0
1156 7
1157 9
1158 0
1159 9
1160 16
1161 9
1162 7
1163 11
1164 11
1165 9
1166 9
1167 0
1168 27
1169 9
1170 9
1171 7
1172 27
1173 9
1174 9
1175 9
1176 27
1177 27
1178 27
1179 0
1180 9
1181 9
1182 9
1183 2
1184 9
1185 9
1186 9
1187 27
1188 2
1189 27
1190 7
1191 11
1192 7
1193 27
1194 2
1195 2
1196 2
1197 11
1198 2
1199 11
1200 2
1201 11
1202 2
1203 2
1204 18
1205 16
1206 2
1207 0
1208 17
1209 17
1210 14
1211 17
1212 6
1213 6
1214 4
1215 6
1216 12
1217 16
1218 19
1219 12
1220 12
1221 12
1222 12
1223 12
1224 12
1225 18
1226 12
1227 12
1228 12
1229 15
1230 12
1231 12
1232 12
1233 16
1234 12
1235 4
1236 16
1237 12
1238 5
1239 25
1240 12
1241 27
1242 12
1243 12
1244 12
1245 12
1246 12
1247 12
1248 12
1249 12
1250 12
1251 12
1252 16
1253 16
1254 18
1255 6
1256 18
1257 16
1258 16
1259 18
1260 16
1261 16
1262 11
1263 11
1264 18
1265 16
1266 18
1267 11
1268 11
1269 11
1270 11
1271 18
1272 25
1273 15
1274 18
1275 18
1276 3
1277 3
1278 2
1279 11
1280 2
1281 11
1282 18
1283 16
1284 16
1285 16
1286 2
1287 18
1288 25
1289 11
1290 16
1291 6
1292 16
1293 16
1294 18
1295 17
1296 11
1297 16
1298 16
1299 9
1300 26
1301 15
1302 16
1303 16
1304 16
1305 16
1306 16
1307 16
1308 16
1309 16
1310 18
1311 18
1312 2
1313 27
1314 13
1315 2
1316 16
1317 2
1318 2
1319 16
1320 16
1321 27
1322 12
1323 2
1324 12
1325 2
1326 15
1327 15
1328 15
1329 15
1330 22
1331 15
1332 25
1333 15
1334 15
1335 15
1336 22
1337 15
1338 15
1339 22
1340 15
1341 22
1342 15
1343 15
1344 15
1345 15
1346 15
1347 14
1348 15
1349 15
1350 15
1351 15
1352 15
1353 12
1354 15
1355 15
1356 15
1357 15
1358 15
1359 15
1360 15
1361 15
1362 12
1363 12
1364 15
1365 15
1366 15
1367 12
1368 15
1369 15
1370 15
1371 16
1372 11
1373 0
1374 2
1375 22
1376 16
1377 16
1378 14
1379 16
1380 16
1381 18
1382 0
1383 11
1384 18
1385 11
1386 0
1387 11
1388 25
1389 0
1390 0
1391 2
1392 11
1393 18
1394 16
1395 16
1396 18
1397 18
1398 16
1399 16
1400 16
1401 15
1402 18
1403 16
1404 16
1405 11
1406 16
1407 16
1408 15
1409 12
1410 12
1411 12
1412 19
1413 19
1414 19
1415 12
1416 12
1417 12
1418 12
1419 12
1420 12
1421 12
1422 12
1423 12
1424 12
1425 12
1426 12
1427 12
1428 12
1429 12
1430 12
1431 12
1432 12
1433 12
1434 12
1435 12
1436 12
1437 12
1438 15
1439 12
1440 12
1441 12
1442 12
1443 12
1444 12
1445 12
1446 12
1447 12
1448 12
1449 12
1450 12
1451 12
1452 12
1453 12
1454 12
1455 14
1456 12
1457 16
1458 12
1459 12
1460 12
1461 12
1462 12
1463 12
1464 12
1465 12
1466 12
1467 12
1468 12
1469 12
1470 12
1471 12
1472 12
1473 12
1474 12
1475 12
1476 13
1477 13
1478 13
1479 13
1480 13
1481 13
1482 13
1483 13
1484 13
1485 13
1486 13
1487 13
1488 13
1489 13
1490 13
1491 13
1492 13
1493 13
1494 13
1495 13
1496 13
1497 13
1498 13
1499 13
1500 13
1501 13
1502 13
1503 13
1504 13
1505 13
1506 13
1507 13
1508 13
1509 13
1510 13
1511 13
1512 13
1513 13
1514 13
1515 13
1516 15
1517 14
1518 14
1519 14
1520 14
1521 14
1522 14
1523 14
1524 14
1525 14
1526 14
1527 14
1528 14
1529 14
1530 14
1531 14
1532 14
1533 14
1534 14
1535 14
1536 14
1537 14
1538 14
1539 14
1540 14
1541 14
1542 15
1543 14
1544 14
1545 14
1546 14
1547 14
1548 14
1549 14
1550 14
1551 14
1552 14
1553 14
1554 14
1555 14
1556 14
1557 14
1558 15
1559 15
1560 21
1561 22
1562 13
1563 22
1564 22
1565 22
1566 15
1567 22
1568 21
1569 15
1570 23
1571 9
1572 22
1573 15
1574 22
1575 15
1576 15
1577 15
1578 15
1579 15
1580 15
1581 15
1582 15
1583 15
1584 15
1585 15
1586 15
1587 15
1588 15
1589 15
1590 15
1591 15
1592 15
1593 15
1594 1
1595 16
1596 1
1597 16
1598 16
1599 16
1600 18
1601 1
1602 16
1603 16
1604 16
1605 16
1606 16
1607 16
1608 16
1609 18
1610 16
1611 1
1612 16
1613 16
1614 1
1615 1
1616 7
1617 16
1618 1
1619 16
1620 1
1621 1
1622 16
1623 16
1624 16
1625 16
1626 16
1627 16
1628 16
1629 1
1630 1
1631 1
1632 15
1633 22
1634 22
1635 15
1636 15
1637 15
1638 17
1639 17
1640 17
1641 17
1642 17
1643 17
1644 17
1645 17
1646 18
1647 17
1648 17
1649 17
1650 17
1651 17
1652 17
1653 17
1654 17
1655 17
1656 17
1657 17
1658 17
1659 17
1660 17
1661 17
1662 17
1663 17
1664 17
1665 17
1666 17
1667 17
1668 17
1669 17
1670 17
1671 17
1672 17
1673 17
1674 17
1675 17
1676 17
1677 17
1678 17
1679 17
1680 17
1681 17
1682 17
1683 17
1684 17
1685 17
1686 17
1687 17
1688 17
1689 17
1690 5
1691 17
1692 1
1693 12
1694 4
1695 18
1696 18
1697 16
1698 18
1699 18
1700 18
1701 18
1702 18
1703 18
1704 18
1705 18
1706 18
1707 18
1708 18
1709 18
1710 18
1711 18
1712 18
1713 18
1714 18
1715 18
1716 18
1717 18
1718 18
1719 18
1720 18
1721 18
1722 18
1723 18
1724 18
1725 18
1726 18
1727 18
1728 18
1729 18
1730 18
1731 18
1732 18
1733 18
1734 18
1735 18
1736 18
1737 18
1738 18
1739 18
1740 18
1741 18
1742 18
1743 18
1744 18
1745 18
1746 18
1747 18
1748 18
1749 18
1750 18
1751 18
1752 18
1753 18
1754 18
1755 18
1756 18
1757 18
1758 18
1759 18
1760 18
1761 18
1762 25
1763 18
1764 18
1765 18
1766 18
1767 18
1768 18
1769 4
1770 4
1771 27
1772 6
1773 4
1774 18
1775 1
1776 18
1777 27
1778 18
1779 18
1780 18
1781 18
1782 18
1783 18
1784 18
1785 18
1786 18
1787 18
1788 18
1789 18
1790 16
1791 18
1792 16
1793 18
1794 18
1795 18
1796 7
1797 20
1798 5
1799 14
1800 2
1801 11
1802 5
1803 10
1804 1
1805 17
1806 1
1807 0
1808 0
1809 0
1810 0
1811 0
1812 0
1813 0
1814 0
1815 1
1816 0
1817 1
1818 0
1819 1
1820 0
1821 10
1822 9
1823 18
1824 26
1825 2
1826 2
1827 2
1828 18
1829 18
1830 16
1831 16
1832 18
1833 18
1834 16
1835 5
1836 18
1837 18
1838 16
1839 18
1840 11
1841 11
1842 18
1843 18
1844 18
1845 18
1846 18
1847 18
1848 18
1849 18
1850 18
1851 18
1852 18
1853 18
1854 27
1855 27
1856 18
1857 18
1858 18
1859 27
1860 18
1861 18
1862 27
1863 18
1864 18
1865 27
1866 27
1867 18
1868 18
1869 27
1870 27
1871 7
1872 18
1873 27
1874 27
1875 18
1876 27
1877 27
1878 27
1879 0
1880 0
1881 18
1882 18
1883 18
1884 0
1885 18
1886 13
1887 20
1888 19
1889 19
1890 19
1891 19
1892 19
1893 19
1894 19
1895 19
1896 19
1897 19
1898 19
1899 19
1900 19
1901 19
1902 19
1903 19
1904 19
1905 19
1906 19
1907 19
1908 19
1909 19
1910 19
1911 19
1912 19
1913 19
1914 19
1915 19
1916 19
1917 19
1918 19
1919 19
1920 19
1921 19
1922 19
1923 19
1924 19
1925 19
1926 19
1927 19
1928 20
1929 20
1930 20
1931 20
1932 20
1933 20
1934 20
1935 20
1936 20
1937 20
1938 20
1939 20
1940 20
1941 20
1942 20
1943 20
1944 20
1945 20
1946 20
1947 20
1948 20
1949 20
1950 20
1951 20
1952 20
1953 20
1954 20
1955 20
1956 20
1957 20
1958 16
1959 20
1960 20
1961 19
1962 12
1963 12
1964 21
1965 21
1966 15
1967 21
1968 14
1969 22
1970 15
1971 15
1972 15
1973 15
1974 15
1975 15
1976 15
1977 15
1978 15
1979 15
1980 15
1981 22
1982 15
1983 15
1984 22
1985 15
1986 15
1987 21
1988 21
1989 21
1990 21
1991 15
1992 21
1993 21
1994 21
1995 21
1996 21
1997 21
1998 21
1999 21
2000 21
2001 21
2002 21
2003 21
2004 15
2005 19
2006 12
2007 15
2008 15
2009 15
2010 5
2011 15
2012 15
2013 15
2014 21
2015 15
2016 14
2017 21
2018 22
2019 22
2020 17
2021 17
2022 17
2023 22
2024 17
2025 22
2026 17
2027 22
2028 17
2029 22
2030 22
2031 17
2032 17
2033 22
2034 22
2035 17
2036 22
2037 22
2038 17
2039 22
2040 22
2041 22
2042 22
2043 22
2044 22
2045 22
2046 22
2047 22
2048 15
2049 22
2050 22
2051 22
2052 15
2053 15
2054 22
2055 22
2056 22
2057 22
2058 22
2059 15
2060 22
2061 22
2062 15
2063 15
2064 15
2065 15
2066 22
2067 15
2068 15
2069 15
2070 22
2071 22
2072 22
2073 22
2074 16
2075 11
2076 22
2077 16
2078 22
2079 22
2080 22
2081 22
2082 22
2083 22
2084 15
2085 22
2086 22
2087 22
2088 22
2089 22
2090 22
2091 22
2092 22
2093 22
2094 22
2095 22
2096 22
2097 22
2098 22
2099 22
2100 22
2101 22
2102 22
2103 22
2104 22
2105 22
2106 22
2107 22
2108 22
2109 22
2110 22
2111 21
2112 18
2113 23
2114 23
2115 16
2116 23
2117 23
2118 23
2119 23
2120 23
2121 23
2122 23
2123 23
2124 23
2125 23
2126 15
2127 23
2128 23
2129 23
2130 23
2131 23
2132 23
2133 23
2134 23
2135 23
2136 23
2137 23
2138 23
2139 23
2140 23
2141 23
2142 23
2143 23
2144 23
2145 15
2146 15
2147 23
2148 14
2149 23
2150 23
2151 15
2152 12
2153 15
2154 15
2155 15
2156 12
2157 14
2158 23
2159 14
2160 23
2161 23
2162 14
2163 15
2164 12
2165 23
2166 23
2167 15
2168 27
2169 27
2170 16
2171 16
2172 11
2173 18
2174 16
2175 2
2176 16
2177 26
2178 15
2179 23
2180 23
2181 23
2182 23
2183 24
2184 23
2185 23
2186 23
2187 23
2188 23
2189 23
2190 23
2191 23
2192 23
2193 23
2194 23
2195 23
2196 23
2197 23
2198 23
2199 23
2200 23
2201 23
2202 23
2203 24
2204 24
2205 24
2206 24
2207 24
2208 24
2209 24
2210 24
2211 24
2212 24
2213 24
2214 24
2215 24
2216 24
2217 24
2218 24
2219 24
2220 24
2221 24
2222 24
2223 24
2224 24
2225 24
2226 24
2227 24
2228 24
2229 24
2230 24
2231 24
2232 24
2233 24
2234 24
2235 24
2236 24
2237 24
2238 24
2239 24
2240 24
2241 24
2242 24
2243 24
2244 24
2245 24
2246 24
2247 24
2248 24
2249 24
2250 24
2251 24
2252 24
2253 25
2254 25
2255 25
2256 25
2257 25
2258 25
2259 25
2260 25
2261 25
2262 25
2263 25
2264 25
2265 25
2266 25
2267 25
2268 25
2269 25
2270 25
2271 25
2272 25
2273 25
2274 25
2275 25
2276 25
2277 25
2278 25
2279 25
2280 25
2281 25
2282 25
2283 25
2284 25
2285 25
2286 25
2287 25
2288 25
2289 25
2290 25
2291 25
2292 25
2293 25
2294 25
2295 27
2296 27
2297 26
2298 26
2299 26
2300 26
2301 26
2302 26
2303 26
2304 26
2305 26
2306 26
2307 26
2308 26
2309 26
2310 26
2311 26
2312 26
2313 26
2314 26
2315 26
2316 26
2317 26
2318 26
2319 26
2320 26
2321 26
2322 26
2323 26
2324 26
2325 26
2326 26
2327 26
2328 26
2329 26
2330 26
2331 27
2332 26
2333 27
2334 26
2335 26
2336 26
2337 26
2338 26
2339 26
2340 26
2341 26
2342 26
2343 26
2344 26
2345 26
2346 26
2347 26
2348 26
2349 26
2350 26
2351 26
2352 26
2353 26
2354 26
2355 26
2356 26
2357 26
2358 26
2359 26
2360 26
2361 26
2362 26
2363 26
2364 26
2365 26
2366 26
2367 26
2368 26
2369 26
2370 26
2371 26
2372 26
2373 26
2374 26
2375 26
2376 26
2377 26
2378 26
2379 26
2380 26
2381 26
2382 26
2383 24
2384 26
2385 26
2386 26
2387 24
2388 24
2389 26
2390 24
2391 24
2392 26
2393 26
2394 26
2395 26
2396 26
2397 26
2398 26
2399 26
2400 26
2401 26
2402 26
2403 26
2404 26
2405 26
2406 26
2407 18
2408 26
2409 26
2410 26
2411 27
2412 27
2413 27
2414 27
2415 27
2416 27
2417 27
2418 27
2419 27
2420 27
2421 27
2422 27
2423 27
2424 27
2425 27
2426 27
2427 27
2428 27
2429 27
