2 16
3 11
4 16
5 16
6 4
7 11
8 16
9 0
10 16
11 0
12 18
13 16
14 16
15 26
16 26
17 16
18 16
19 18
20 18
21 16
22 4
23 0
24 0
25 0
26 0
27 16
28 1
29 1
30 0
31 25
32 25
33 25
34 0
35 0
36 11
37 1
38 0
39 1
40 25
41 0
42 0
43 0
44 25
45 0
46 1
47 25
48 0
49 0
50 0
51 25
52 26
53 26
54 1
55 26
56 1
57 26
58 8
59 1
60 13
61 14
62 14
63 14
64 14
65 14
66 13
67 14
68 13
69 13
70 14
71 13
72 13
73 13
74 13
75 13
76 13
77 13
78 13
79 13
80 13
81 13
82 14
83 14
84 14
85 1
86 4
87 1
88 1
89 26
90 1
91 26
92 1
93 1
94 1
95 26
96 1
97 1
98 1
99 1
100 26
101 26
102 1
103 1
104 1
105 1
106 1
107 1
108 1
109 1
110 1
111 1
112 26
113 26
114 26
115 26
116 16
117 1
118 1
119 1
120 1
121 1
122 1
123 26
124 8
125 1
126 26
127 26
128 8
129 26
130 26
131 8
132 1
133 1
134 18
135 7
136 2
137 0
138 3
139 0
140 0
141 3
142 3
143 2
144 3
145 3
146 3
147 3
148 2
149 3
150 3
151 3
152 2
153 3
154 3
155 2
156 3
157 3
158 2
159 2
160 3
161 2
162 2
163 3
164 3
165 3
166 3
167 3
168 3
169 3
170 3
171 3
172 3
173 3
174 2
175 2
176 2
177 2
178 2
179 2
180 3
181 2
182 2
183 3
184 3
185 3
186 3
187 3
188 2
189 3
190 2
191 3
192 2
193 2
194 2
195 3
196 2
197 2
198 2
199 2
200 2
201 3
202 3
203 3
204 3
205 3
206 3
207 3
208 3
209 3
210 3
211 3
212 3
213 3
214 3
215 3
216 3
217 3
218 3
219 3
220 3
221 3
222 7
223 3
224 3
225 3
226 0
227 3
228 4
229 3
230 0
231 3
232 3
233 3
234 7
235 3
236 3
237 1
238 3
239 1
240 0
241 1
242 3
243 3
244 3
245 3
246 3
247 4
248 4
249 4
250 4
251 4
252 4
253 16
254 4
255 4
256 4
257 4
258 4
259 4
260 4
261 4
262 4
263 4
264 4
265 4
266 4
267 4
268 4
269 4
270 4
271 4
272 4
273 4
274 4
275 4
276 4
277 4
278 4
279 4
280 4
281 4
282 4
283 4
284 4
285 4
286 4
287 10
288 10
289 10
290 10
291 10
292 10
293 17
294 10
295 3
296 16
297 5
298 5
299 4
300 5
301 5
302 5
303 5
304 5
305 5
306 5
307 5
308 5
309 5
310 0
311 14
312 18
313 18
314 23
315 0
316 0
317 0
318 1
319 5
320 5
321 0
322 5
323 5
324 5
325 5
326 5
327 5
328 5
329 5
330 5
331 0
332 5
333 5
334 5
335 16
336 0
337 0
338 5
339 5
340 0
341 5
342 0
343 5
344 5
345 5
346 4
347 5
348 5
349 5
350 5
351 4
352 5
353 5
354 5
355 5
356 10
357 4
358 5
359 5
360 4
361 4
362 9
363 9
364 2
365 9
366 9
367 9
368 9
369 9
370 9
371 10
372 4
373 27
374 10
375 27
376 17
377 10
378 5
379 4
380 5
381 4
382 4
383 10
384 10
385 10
386 10
387 10
388 4
389 10
390 4
391 4
392 4
393 5
394 4
395 5
396 4
397 5
398 25
399 25
400 5
401 5
402 5
403 25
404 25
405 4
406 5
407 25
408 25
409 5
410 25
411 25
412 5
413 5
414 5
415 25
416 24
417 5
418 25
419 25
420 25
421 5
422 25
423 25
424 24
425 25
426 5
427 5
428 15
429 5
430 25
431 5
432 5
433 25
434 25
435 5
436 25
437 25
438 5
439 27
440 18
441 18
442 18
443 18
444 18
445 18
446 18
447 18
448 18
449 18
450 18
451 18
452 18
453 18
454 27
455 5
456 1
457 4
458 1
459 18
460 4
461 4
462 4
463 4
464 4
465 4
466 4
467 19
468 6
469 4
470 16
471 16
472 4
473 4
474 4
475 16
476 16
477 16
478 16
479 16
480 4
481 16
482 16
483 16
484 18
485 16
486 16
487 18
488 16
489 26
490 16
491 16
492 26
493 4
494 4
495 16
496 1
497 6
498 6
499 4
500 1
501 10
502 4
503 4
504 4
505 4
506 1
507 4
508 10
509 3
510 26
511 7
512 3
513 7
514 7
515 3
516 3
517 11
518 11
519 7
520 7
521 7
522 3
523 3
524 3
525 3
526 3
527 3
528 3
529 3
530 3
531 3
532 3
533 3
534 7
535 7
536 3
537 2
538 7
539 3
540 7
541 7
542 3
543 3
544 7
545 3
546 7
547 7
548 7
549 7
550 7
551 7
552 7
553 27
554 16
555 11
556 11
557 16
558 16
559 11
560 16
561 6
562 11
563 11
564 7
565 7
566 7
567 16
568 16
569 18
570 11
571 18
572 16
573 16
574 16
575 16
576 16
577 6
578 11
579 16
580 7
581 7
582 16
583 16
584 18
585 7
586 7
587 7
588 18
589 27
590 18
591 1
592 7
593 7
594 7
595 7
596 1
597 7
598 7
599 7
600 7
601 7
602 7
603 7
604 27
605 7
606 7
607 7
608 7
609 7
610 7
611 7
612 7
613 7
614 7
615 27
616 7
617 7
618 7
619 7
620 7
621 7
622 7
623 7
624 7
625 7
626 7
627 7
628 7
629 7
630 7
631 7
632 16
633 7
634 16
635 7
636 7
637 7
638 7
639 7
640 16
641 16
642 7
643 7
644 7
645 1
646 1
647 1
648 1
649 19
650 1
651 1
652 1
653 1
654 8
655 8
656 8
657 8
658 8
659 8
660 8
661 8
662 8
663 8
664 8
665 8
666 8
667 8
668 27
669 8
670 8
671 8
672 8
673 8
674 8
675 8
676 8
677 8
678 8
679 8
680 8
681 8
682 8
683 8
684 8
685 8
686 8
687 8
688 8
689 8
690 8
691 8
692 8
693 8
694 8
695 8
696 8
697 8
698 8
699 8
700 2
701 26
702 4
703 4
704 4
705 3
706 6
707 4
708 11
709 3
710 11
711 11
712 4
713 6
714 6
715 6
716 18
717 3
718 9
719 2
720 9
721 9
722 9
723 9
724 9
725 9
726 9
727 9
728 9
729 9
730 9
731 9
732 0
733 11
734 9
735 9
736 11
737 11
738 11
739 9
740 0
741 9
742 9
743 9
744 9
745 9
746 9
747 9
748 0
749 0
750 9
751 9
752 0
753 9
754 9
755 11
756 11
757 9
758 11
759 0
760 0
761 9
762 0
763 9
764 11
765 9
766 9
767 0
768 9
769 9
770 2
771 3
772 3
773 3
774 3
775 3
776 3
777 5
778 5
779 5
780 3
781 3
782 4
783 3
784 5
785 3
786 19
787 19
788 3
789 5
790 4
791 19
792 3
793 10
794 5
795 5
796 10
797 10
798 10
799 10
800 10
801 10
802 10
803 10
804 10
805 10
806 10
807 10
808 10
809 10
810 10
811 10
812 10
813 10
814 10
815 10
816 10
817 3
818 10
819 10
820 10
821 10
822 10
823 4
824 4
825 10
826 4
827 4
828 10
829 4
830 10
831 10
832 10
833 10
834 5
835 27
836 11
837 11
838 11
839 11
840 11
841 11
842 11
843 11
844 11
845 11
846 3
847 11
848 0
849 11
850 11
851 2
852 2
853 0
854 0
855 3
856 18
857 11
858 0
859 0
860 11
861 3
862 11
863 3
864 11
865 2
866 3
867 3
868 3
869 11
870 3
871 3
872 3
873 3
874 0
875 11
876 11
877 7
878 11
879 2
880 3
881 11
882 0
883 0
884 0
885 7
886 0
887 0
888 11
889 16
890 16
891 11
892 11
893 9
894 0
895 11
896 11
897 11
898 11
899 11
900 11
901 11
902 11
903 11
904 11
905 11
906 11
907 11
908 0
909 11
910 11
911 11
912 0
913 7
914 18
915 26
916 18
917 25
918 5
919 10
920 4
921 12
922 12
923 12
924 12
925 16
926 12
927 12
928 12
929 12
930 12
931 12
932 12
933 12
934 12
935 12
936 12
937 12
938 12
939 12
940 12
941 5
942 12
943 12
944 4
945 12
946 4
947 4
948 12
949 12
950 12
951 12
952 12
953 4
954 4
955 4
956 12
957 12
958 12
959 13
960 13
961 12
962 12
963 13
964 13
965 13
966 24
967 13
968 13
969 13
970 13
971 13
972 13
973 13
974 13
975 13
976 13
977 13
978 13
979 13
980 13
981 13
982 13
983 13
984 13
985 13
986 13
987 13
988 13
989 13
990 13
991 13
992 13
993 13
994 13
995 13
996 13
997 13
998 13
999 13
1000 13
1001 13
1002 13
1003 19
1004 14
1005 14
1006 14
1007 14
1008 14
1009 14
1010 14
1011 14
1012 14
1013 14
1014 14
1015 16
1016 16
1017 14
1018 16
1019 16
1020 16
1021 18
1022 16
1023 3
1024 16
1025 14
1026 14
1027 14
1028 14
1029 16
1030 14
1031 16
1032 14
1033 18
1034 16
1035 16
1036 25
1037 11
1038 16
1039 14
1040 14
1041 16
1042 16
1043 14
1044 14
1045 14
1046 14
1047 14
1048 15
1049 15
1050 15
1051 15
1052 15
1053 15
1054 15
1055 15
1056 16
1057 15
1058 15
1059 15
1060 15
1061 13
1062 15
1063 15
1064 15
1065 15
1066 15
1067 15
1068 15
1069 15
1070 15
1071 15
1072 15
1073 15
1074 15
1075 19
1076 15
1077 15
1078 15
1079 15
1080 15
1081 15
1082 15
1083 15
1084 15
1085 15
1086 15
1087 15
1088 15
1089 15
1090 15
1091 15
1092 15
1093 15
1094 15
1095 15
1096 15
1097 15
1098 15
1099 15
1100 15
1101 15
1102 15
1103 15
1104 15
1105 15
1106 15
1107 16
1108 16
1109 16
1110 16
1111 16
1112 16
1113 16
1114 16
1115 16
1116 16
1117 16
1118 16
1119 16
1120 16
1121 16
1122 16
1123 16
1124 16
1125 16
1126 16
1127 16
1128 16
1129 16
1130 16
1131 16
1132 16
1133 16
1134 16
1135 16
1136 16
1137 16
1138 16
1139 26
1140 16
1141 16
1142 16
1143 16
1144 16
1145 16
1146 22
1147 22
1148 17
1149 17
1150 17
1151 12
1152 17
1153 15
1154 17
1155 11
1156 18
1157 13
1158 16
1159 16
1160 17
1161 15
1162 17
1163 14
1164 14
1165 13
1166 14
1167 14
1168 17
1169 17
1170 9
1171 15
1172 17
1173 17
1174 15
1175 13
1176 17
1177 15
1178 15
1179 17
1180 17
1181 13
1182 9
1183 15
1184 13
1185 17
1186 16
1187 18
1188 18
1189 16
1190 18
1191 18
1192 18
1193 18
1194 18
1195 18
1196 18
1197 18
1198 18
1199 18
1200 18
1201 18
1202 18
1203 18
1204 18
1205 18
1206 18
1207 18
1208 18
1209 18
1210 18
1211 18
1212 18
1213 18
1214 18
1215 18
1216 18
1217 18
1218 18
1219 18
1220 18
1221 18
1222 18
1223 18
1224 18
1225 18
1226 18
1227 18
1228 18
1229 18
1230 20
1231 19
1232 19
1233 19
1234 19
1235 19
1236 19
1237 19
1238 19
1239 19
1240 19
1241 19
1242 19
1243 19
1244 19
1245 19
1246 19
1247 19
1248 19
1249 19
1250 19
1251 19
1252 19
1253 19
1254 19
1255 19
1256 19
1257 19
1258 19
1259 19
1260 19
1261 19
1262 19
1263 19
1264 19
1265 19
1266 19
1267 19
1268 20
1269 20
1270 1
1271 13
1272 13
1273 13
1274 13
1275 20
1276 20
1277 20
1278 20
1279 20
1280 20
1281 20
1282 20
1283 20
1284 20
1285 20
1286 20
1287 20
1288 20
1289 20
1290 20
1291 20
1292 20
1293 20
1294 20
1295 20
1296 20
1297 20
1298 20
1299 20
1300 20
1301 20
1302 20
1303 20
1304 20
1305 20
1306 20
1307 20
1308 20
1309 20
1310 20
1311 19
1312 19
1313 19
1314 12
1315 19
1316 12
1317 19
1318 12
1319 12
1320 15
1321 15
1322 16
1323 15
1324 15
1325 15
1326 15
1327 19
1328 22
1329 19
1330 16
1331 22
1332 19
1333 22
1334 11
1335 16
1336 11
1337 16
1338 16
1339 11
1340 16
1341 16
1342 21
1343 15
1344 21
1345 21
1346 14
1347 14
1348 15
1349 21
1350 14
1351 21
1352 21
1353 14
1354 14
1355 15
1356 15
1357 15
1358 21
1359 15
1360 21
1361 15
1362 21
1363 21
1364 14
1365 21
1366 15
1367 15
1368 15
1369 15
1370 15
1371 21
1372 15
1373 15
1374 15
1375 15
1376 15
1377 13
1378 13
1379 13
1380 13
1381 13
1382 13
1383 13
1384 13
1385 13
1386 5
1387 6
1388 13
1389 19
1390 13
1391 13
1392 22
1393 12
1394 13
1395 13
1396 13
1397 13
1398 22
1399 13
1400 13
1401 22
1402 15
1403 22
1404 22
1405 13
1406 22
1407 22
1408 15
1409 22
1410 15
1411 15
1412 15
1413 15
1414 22
1415 15
1416 15
1417 22
1418 13
1419 15
1420 15
1421 15
1422 15
1423 22
1424 15
1425 22
1426 19
1427 22
1428 13
1429 13
1430 15
1431 22
1432 15
1433 15
1434 22
1435 15
1436 19
1437 16
1438 11
1439 16
1440 16
1441 16
1442 16
1443 16
1444 16
1445 16
1446 16
1447 16
1448 16
1449 11
1450 16
1451 16
1452 18
1453 18
1454 3
1455 16
1456 11
1457 16
1458 16
1459 16
1460 18
1461 11
1462 11
1463 16
1464 16
1465 18
1466 16
1467 11
1468 15
1469 15
1470 14
1471 14
1472 15
1473 15
1474 15
1475 15
1476 15
1477 14
1478 14
1479 14
1480 23
1481 14
1482 23
1483 14
1484 23
1485 23
1486 14
1487 15
1488 14
1489 14
1490 15
1491 23
1492 23
1493 14
1494 23
1495 14
1496 14
1497 15
1498 14
1499 14
1500 15
1501 16
1502 16
1503 2
1504 16
1505 16
1506 16
1507 17
1508 25
1509 24
1510 24
1511 25
1512 23
1513 23
1514 18
1515 18
1516 24
1517 1
1518 24
1519 1
1520 24
1521 18
1522 24
1523 24
1524 24
1525 23
1526 12
1527 24
1528 24
1529 24
1530 24
1531 24
1532 24
1533 18
1534 18
1535 24
1536 18
1537 23
1538 18
1539 18
1540 18
1541 24
1542 24
1543 18
1544 24
1545 2
1546 18
1547 18
1548 18
1549 18
1550 12
1551 18
1552 24
1553 18
1554 18
1555 18
1556 9
1557 10
1558 24
1559 16
1560 10
1561 16
1562 24
1563 24
1564 25
1565 25
1566 25
1567 25
1568 25
1569 25
1570 25
1571 25
1572 24
1573 18
1574 18
1575 24
1576 18
1577 24
1578 24
1579 18
1580 24
1581 11
1582 25
1583 25
1584 25
1585 25
1586 25
1587 25
1588 25
1589 25
1590 25
1591 25
1592 25
1593 25
1594 25
1595 25
1596 25
1597 25
1598 25
1599 25
1600 25
1601 24
1602 23
1603 24
1604 24
1605 18
1606 10
1607 18
1608 23
1609 23
1610 24
1611 18
1612 24
1613 24
1614 24
1615 24
1616 24
1617 24
1618 24
1619 24
1620 24
1621 24
1622 24
1623 26
1624 23
1625 10
1626 26
1627 18
1628 26
1629 18
1630 18
1631 26
1632 26
1633 26
1634 18
1635 26
1636 26
1637 26
1638 18
1639 18
1640 26
1641 26
1642 26
1643 26
1644 0
1645 26
1646 0
1647 0
1648 26
1649 26
1650 26
1651 0
1652 26
1653 26
1654 26
1655 26
1656 26
1657 26
1658 26
1659 26
1660 26
1661 26
1662 26
1663 26
1664 26
1665 26
1666 26
1667 26
1668 26
1669 26
1670 26
1671 24
1672 26
1673 26
1674 24
1675 26
1676 26
1677 26
1678 26
1679 26
1680 26
1681 13
1682 26
1683 26
1684 26
1685 26
1686 26
1687 26
1688 26
1689 26
1690 26
1691 26
1692 26
1693 26
1694 26
1695 27
1696 27
1697 27
1698 27
1699 18
1700 16
1701 27
1702 27
1703 27
1704 18
1705 27
1706 27
1707 16
1708 18
1709 16
1710 27
1711 16
1712 16
1713 27
1714 27
1715 16
1716 16
1717 16
1718 16
1719 12
