2 27
3 2
4 2
5 6
6 1
7 2
8 2
9 7
10 0
11 7
12 0
13 7
14 7
15 4
16 7
17 7
18 6
19 7
20 6
21 6
22 1
23 1
24 3
25 1
26 6
27 2
28 2
29 18
30 18
31 18
32 6
33 7
34 7
35 7
36 7
37 4
38 6
39 4
40 4
41 7
42 1
43 1
44 1
45 1
46 1
47 1
48 1
49 1
50 1
51 1
52 18
53 7
54 18
55 6
56 1
57 7
58 18
59 6
60 18
61 2
62 6
63 6
64 6
65 27
66 6
67 6
68 27
69 26
70 7
71 6
72 6
73 7
74 8
75 7
76 8
77 6
78 8
79 7
80 7
81 7
82 7
83 7
84 16
85 7
86 6
87 7
88 7
89 0
90 7
91 7
92 7
93 7
94 7
95 7
96 6
97 7
98 7
99 7
100 6
101 7
102 25
103 16
104 6
105 8
106 0
107 7
108 25
109 0
110 6
111 6
112 7
113 0
114 7
115 7
116 7
117 3
118 6
119 7
120 7
121 7
122 7
123 16
124 7
125 7
126 6
127 6
128 6
129 0
130 4
131 4
132 7
133 8
134 25
135 7
136 4
137 7
138 7
139 8
140 7
141 7
142 7
143 8
144 6
145 7
146 7
147 7
148 7
149 7
150 7
151 6
152 7
153 6
154 6
155 7
156 6
157 10
158 7
159 6
160 7
161 6
162 7
163 6
164 2
165 2
166 2
167 18
168 18
169 2
170 2
171 27
172 7
173 7
174 8
175 7
176 7
177 7
178 8
179 6
180 8
181 7
182 6
183 7
184 7
185 6
186 6
187 7
188 7
189 7
190 7
191 7
192 22
193 15
194 15
195 15
196 17
197 15
198 7
199 7
200 14
201 7
202 0
203 12
204 27
205 15
206 27
207 12
208 7
209 8
210 6
211 2
212 6
213 7
214 7
215 7
216 7
217 7
218 2
219 7
220 9
221 7
222 8
223 6
224 8
225 7
226 7
227 7
228 8
229 7
230 6
231 7
232 2
233 18
234 25
235 8
236 3
237 23
238 23
239 23
240 25
241 23
242 8
243 13
244 8
245 13
246 13
247 13
248 13
249 13
250 6
251 13
252 6
253 6
254 6
255 6
256 8
257 6
258 6
259 6
260 6
261 6
262 9
263 9
264 7
265 7
266 10
267 1
268 10
269 7
270 9
271 7
272 7
273 6
274 2
275 7
276 6
277 7
278 7
279 8
280 7
281 6
282 7
283 7
284 8
285 23
286 7
287 8
288 7
289 4
290 8
291 8
292 8
293 2
294 7
295 8
296 8
297 8
298 7
299 10
300 2
301 8
302 8
303 6
304 7
305 7
306 8
307 7
308 8
309 10
310 7
311 8
312 8
313 8
314 8
315 8
316 8
317 7
318 7
319 8
320 7
321 8
322 7
323 7
324 8
325 6
326 6
327 7
328 6
329 6
330 18
331 7
332 8
333 7
334 7
335 0
336 7
337 8
338 7
339 7
340 8
341 8
342 2
343 6
344 7
345 6
346 7
347 6
348 18
349 27
350 17
351 27
352 8
353 8
354 8
355 7
356 7
357 8
358 8
359 8
360 8
361 23
362 8
363 6
364 7
365 7
366 8
367 8
368 7
369 16
370 1
371 4
372 7
373 18
374 6
375 7
376 7
377 7
378 18
379 7
380 7
381 7
382 7
383 8
384 7
385 7
386 7
387 8
388 8
389 18
390 8
391 6
392 26
393 2
394 27
395 2
396 2
397 18
398 6
399 26
400 0
401 8
402 7
403 6
404 6
405 6
406 9
407 6
408 27
409 9
410 7
411 10
412 7
413 6
414 2
415 6
416 27
417 6
418 6
419 6
420 3
421 18
422 6
423 18
424 7
425 6
426 27
427 7
428 7
429 6
430 6
431 2
432 7
433 6
434 2
435 17
436 6
437 7
438 6
439 7
440 7
441 6
442 6
443 12
444 6
445 6
446 7
447 6
448 7
449 12
450 7
451 6
452 6
453 6
454 6
455 6
456 6
457 6
458 7
459 6
460 6
461 7
462 23
463 23
464 23
465 25
466 13
467 23
468 8
469 25
470 8
471 4
472 7
473 6
474 7
475 8
476 7
477 6
478 7
479 7
480 7
481 7
482 23
483 25
484 25
485 25
486 23
487 13
488 8
489 25
490 23
491 16
492 7
493 7
494 7
495 6
496 7
497 6
498 6
499 7
500 7
501 7
502 23
503 16
504 23
505 4
506 25
507 25
508 8
509 8
510 7
511 23
512 0
513 6
514 7
515 7
516 7
517 7
518 7
519 7
520 7
521 6
522 6
523 7
524 7
525 7
526 7
527 7
528 7
529 7
530 7
531 6
532 6
533 25
534 7
535 1
536 1
537 7
538 1
539 25
540 16
541 15
542 7
543 7
544 7
545 6
546 2
547 7
548 1
549 1
550 7
551 7
552 2
553 6
554 2
555 2
556 2
557 1
558 8
559 7
560 23
561 2
562 6
563 6
564 7
565 7
566 7
567 6
568 6
569 6
570 6
571 7
572 1
573 7
574 8
575 7
576 4
577 7
578 8
579 7
580 8
581 8
582 6
583 7
584 7
585 2
586 6
587 7
588 7
589 7
590 6
591 7
592 7
593 6
594 0
595 7
596 7
597 7
598 7
599 7
600 7
601 7
602 7
603 7
604 7
605 6
606 7
607 7
608 6
609 8
610 6
611 7
612 7
613 7
614 7
615 6
616 7
617 6
618 6
619 6
620 6
621 7
622 6
623 7
624 6
625 7
626 7
627 7
628 7
629 6
630 7
631 7
632 3
633 7
634 6
635 7
636 9
637 2
638 7
639 6
640 7
641 27
642 7
643 6
644 6
645 6
646 7
647 12
648 12
649 19
650 19
651 26
652 19
653 7
654 7
655 6
656 6
657 6
658 19
659 7
660 6
661 1
662 23
663 7
664 8
665 2
666 20
667 1
668 19
669 7
670 7
671 7
672 6
673 7
674 7
675 17
676 1
677 7
678 19
679 7
680 7
681 7
682 18
683 2
684 9
685 2
686 2
687 2
688 2
689 27
690 2
691 2
692 2
693 25
694 8
695 2
696 25
697 7
698 7
699 25
700 2
701 2
702 6
703 26
704 5
705 20
706 20
707 20
708 20
709 20
710 2
711 6
712 12
713 12
714 2
715 26
716 1
717 2
718 1
719 6
720 1
721 2
722 22
723 22
724 6
725 22
726 22
727 22
728 22
729 22
730 0
731 2
732 7
733 6
734 2
735 7
736 7
737 6
738 6
739 7
740 1
741 10
742 0
743 18
744 2
745 2
746 6
747 2
748 0
749 27
750 2
751 0
752 27
753 27
754 18
755 7
756 2
757 18
758 18
759 27
760 6
761 2
762 13
763 18
764 6
765 7
766 2
767 14
768 14
769 12
770 2
771 2
772 12
773 12
774 12
775 12
776 12
777 12
778 12
779 12
780 12
781 12
782 6
783 27
784 26
785 1
786 6
787 6
788 6
789 18
790 5
791 13
792 18
793 2
794 18
795 2
796 27
797 2
798 2
799 18
800 18
801 27
802 1
803 2
804 11
805 15
806 12
807 12
808 12
809 27
810 12
811 12
812 27
813 2
814 2
815 7
816 2
817 2
818 2
819 2
820 2
821 2
822 27
823 6
824 7
825 10
826 17
827 23
828 27
829 18
830 27
831 17
832 2
833 18
834 0
835 27
836 27
837 23
838 1
839 18
840 1
841 2
842 7
843 7
844 6
845 7
846 2
847 2
848 6
849 6
850 0
851 5
852 18
853 7
854 6
855 7
856 7
857 7
858 6
859 7
860 7
861 7
862 18
863 24
864 7
865 26
866 27
867 9
868 27
869 7
870 18
871 18
872 18
873 0
874 7
875 24
876 9
877 0
878 0
879 6
880 0
881 0
882 7
883 7
884 1
885 8
886 7
887 27
888 27
889 7
890 2
891 7
892 0
893 0
894 6
895 0
896 7
897 0
898 0
899 0
900 17
901 9
902 8
903 0
904 10
905 2
906 10
907 4
908 2
909 2
910 10
911 10
912 18
913 24
914 24
915 24
916 6
917 24
918 24
919 24
920 24
921 24
922 7
923 24
924 24
925 6
926 7
927 24
928 7
929 7
930 7
931 24
932 10
933 2
934 7
935 25
936 2
937 2
938 7
939 7
940 2
941 6
942 24
943 24
944 24
945 24
946 24
947 24
948 6
949 6
950 24
951 24
952 7
953 7
954 6
955 7
956 7
957 24
958 18
959 7
960 7
961 6
962 6
963 2
964 1
965 7
966 6
967 27
968 25
969 27
970 7
971 2
972 18
973 8
974 2
975 26
976 5
977 7
978 7
979 7
980 2
981 7
982 26
983 7
984 24
985 24
986 26
987 6
988 27
989 26
990 26
991 26
992 18
993 2
994 2
995 18
996 27
997 2
998 18
999 18
1000 27
1001 2
1002 7
1003 6
1004 6
1005 7
1006 18
1007 6
1008 18
1009 6
1010 7
1011 7
1012 7
1013 7
1014 6
1015 7
1016 18
1017 7
1018 7
1019 26
1020 7
1021 2
1022 6
1023 6
1024 7
1025 6
1026 6
1027 6
1028 6
1029 6
1030 6
1031 7
1032 2
1033 2
