2 -1
3 -1
4 -1
5 -1
6 -1
7 -1
8 -1
9 -1
10 -1
11 -1
12 -1
13 -1
14 -1
15 -1
16 -1
17 -1
18 -1
19 -1
20 -1
21 -1
22 -1
23 -1
24 -1
25 -1
26 -1
27 -1
28 -1
29 -1
30 -1
31 -1
32 0
33 0
34 0
35 0
36 0
37 0
38 0
39 0
40 0
41 0
42 1
43 1
44 1
45 1
46 1
47 1
48 1
49 1
50 1
51 1
52 1
53 1
54 1
55 1
56 1
57 1
58 1
59 1
60 1
61 1
62 1
63 1
64 1
65 1
66 1
67 1
68 1
69 1
70 1
71 1
72 1
73 1
74 1
75 1
76 1
77 1
78 1
79 1
80 1
81 1
82 1
83 1
84 1
85 1
86 1
87 1
88 1
89 1
90 1
91 1
92 1
93 1
94 0
95 7
96 2
97 2
98 2
99 2
100 2
101 2
102 2
103 2
104 2
105 2
106 2
107 2
108 2
109 2
110 2
111 2
112 2
113 3
114 3
115 2
116 2
117 2
118 2
119 2
120 3
121 2
122 2
123 2
124 2
125 2
126 2
127 2
128 2
129 2
130 2
131 2
132 2
133 2
134 2
135 2
136 2
137 2
138 2
139 2
140 2
141 2
142 2
143 2
144 2
145 2
146 2
147 2
148 2
149 2
150 2
151 3
152 3
153 3
154 3
155 2
156 3
157 3
158 3
159 3
160 3
161 2
162 3
163 2
164 2
165 2
166 3
167 3
168 3
169 3
170 3
171 2
172 2
173 3
174 2
175 3
176 3
177 2
178 3
179 3
180 3
181 2
182 3
183 2
184 26
185 26
186 26
187 4
188 26
189 3
190 4
191 4
192 26
193 26
194 26
195 26
196 26
197 26
198 26
199 26
200 26
201 26
202 26
203 26
204 26
205 26
206 26
207 26
208 26
209 26
210 26
211 26
212 26
213 26
214 26
215 26
216 26
217 26
218 26
219 26
220 26
221 26
222 26
223 26
224 26
225 26
226 26
227 26
228 16
229 3
230 9
231 4
232 3
233 26
234 3
235 3
236 3
237 3
238 3
239 3
240 6
241 3
242 16
243 3
244 2
245 3
246 2
247 3
248 10
249 10
250 1
251 10
252 27
253 10
254 2
255 27
256 6
257 3
258 26
259 26
260 26
261 26
262 26
263 26
264 26
265 26
266 26
267 26
268 26
269 26
270 26
271 26
272 26
273 26
274 26
275 26
276 26
277 9
278 6
279 3
280 2
281 9
282 9
283 4
284 27
285 3
286 3
287 3
288 4
289 4
290 9
291 2
292 10
293 10
294 4
295 10
296 3
297 2
298 4
299 3
300 3
301 2
302 3
303 2
304 10
305 3
306 9
307 3
308 3
309 3
310 10
311 27
312 3
313 3
314 4
315 3
316 27
317 9
318 16
319 3
320 27
321 9
322 3
323 3
324 4
325 5
326 4
327 6
328 6
329 6
330 6
331 6
332 5
333 5
334 5
335 5
336 5
337 5
338 5
339 5
340 5
341 5
342 5
343 5
344 5
345 5
346 5
347 5
348 5
349 5
350 5
351 5
352 5
353 5
354 5
355 5
356 5
357 5
358 5
359 5
360 5
361 5
362 5
363 5
364 5
365 5
366 5
367 5
368 5
369 5
370 5
371 5
372 5
373 5
374 5
375 5
376 5
377 5
378 5
379 5
380 5
381 5
382 5
383 5
384 5
385 5
386 5
387 5
388 5
389 5
390 5
391 5
392 5
393 5
394 5
395 5
396 5
397 5
398 5
399 5
400 15
401 15
402 16
403 6
404 6
405 6
406 6
407 6
408 6
409 3
410 6
411 6
412 5
413 6
414 6
415 6
416 6
417 6
418 6
419 6
420 6
421 6
422 6
423 6
424 6
425 6
426 6
427 6
428 6
429 6
430 6
431 6
432 6
433 6
434 6
435 6
436 6
437 6
438 6
439 6
440 6
441 19
442 7
443 7
444 7
445 7
446 7
447 7
448 7
449 7
450 7
451 7
452 7
453 7
454 7
455 7
456 7
457 7
458 7
459 7
460 7
461 7
462 7
463 7
464 7
465 7
466 7
467 7
468 7
469 7
470 7
471 7
472 7
473 7
474 7
475 7
476 7
477 7
478 7
479 7
480 8
481 8
482 8
483 8
484 8
485 8
486 8
487 8
488 8
489 8
490 8
491 8
492 8
493 8
494 8
495 8
496 8
497 8
498 8
499 8
500 8
501 8
502 8
503 8
504 8
505 8
506 8
507 8
508 7
509 7
510 7
511 7
512 2
513 3
514 9
515 9
516 9
517 9
518 9
519 9
520 9
521 9
522 0
523 9
524 9
525 9
526 9
527 9
528 9
529 9
530 9
531 9
532 9
533 9
534 9
535 9
536 11
537 11
538 11
539 9
540 11
541 9
542 9
543 9
544 11
545 9
546 9
547 9
548 9
549 9
550 11
551 9
552 9
553 9
554 9
555 0
556 9
557 9
558 9
559 9
560 9
561 9
562 9
563 9
564 9
565 9
566 9
567 9
568 9
569 10
570 10
571 9
572 10
573 9
574 10
575 9
576 9
577 9
578 10
579 10
580 10
581 10
582 10
583 10
584 9
585 10
586 10
587 10
588 10
589 10
590 10
591 10
592 10
593 10
594 10
595 10
596 0
597 11
598 11
599 11
600 11
601 11
602 11
603 11
604 11
605 11
606 11
607 9
608 11
609 11
610 11
611 11
612 11
613 11
614 11
615 11
616 11
617 11
618 11
619 11
620 11
621 11
622 11
623 11
624 11
625 9
626 11
627 19
628 16
629 13
630 12
631 13
632 12
633 12
634 12
635 12
636 12
637 12
638 12
639 12
640 12
641 12
642 12
643 12
644 12
645 12
646 12
647 12
648 12
649 12
650 12
651 12
652 12
653 12
654 12
655 12
656 12
657 12
658 12
659 12
660 12
661 12
662 12
663 12
664 12
665 12
666 12
667 12
668 12
669 12
670 12
671 12
672 13
673 13
674 13
675 13
676 13
677 13
678 13
679 13
680 13
681 13
682 13
683 13
684 13
685 13
686 13
687 13
688 13
689 13
690 13
691 13
692 13
693 13
694 13
695 13
696 13
697 13
698 12
699 12
700 14
701 14
702 14
703 14
704 14
705 14
706 14
707 14
708 14
709 14
710 14
711 14
712 14
713 14
714 14
715 14
716 14
717 15
718 14
719 14
720 14
721 14
722 14
723 14
724 14
725 14
726 14
727 14
728 14
729 14
730 14
731 14
732 14
733 14
734 15
735 15
736 15
737 15
738 15
739 15
740 15
741 15
742 15
743 15
744 15
745 15
746 15
747 15
748 15
749 15
750 15
751 15
752 15
753 15
754 15
755 15
756 15
757 15
758 15
759 15
760 15
761 15
762 15
763 15
764 15
765 15
766 15
767 15
768 15
769 15
770 15
771 15
772 15
773 15
774 15
775 15
776 15
777 15
778 15
779 15
780 15
781 15
782 15
783 15
784 14
785 6
786 16
787 4
788 16
789 4
790 25
791 16
792 3
793 27
794 16
795 16
796 16
797 16
798 16
799 27
800 6
801 27
802 16
803 6
804 16
805 12
806 27
807 27
808 16
809 27
810 13
811 27
812 16
813 16
814 16
815 16
816 6
817 27
818 16
819 16
820 27
821 16
822 27
823 16
824 27
825 27
826 27
827 6
828 6
829 27
830 6
831 27
832 16
833 16
834 16
835 13
836 16
837 13
838 16
839 16
840 13
841 27
842 16
843 27
844 27
845 16
846 16
847 27
848 18
849 18
850 18
851 17
852 17
853 17
854 17
855 17
856 17
857 17
858 17
859 17
860 17
861 17
862 17
863 17
864 17
865 17
866 17
867 17
868 17
869 17
870 17
871 17
872 17
873 17
874 17
875 17
876 17
877 17
878 17
879 17
880 17
881 17
882 17
883 17
884 17
885 17
886 17
887 17
888 17
889 17
890 17
891 17
892 17
893 17
894 17
895 17
896 17
897 17
898 17
899 17
900 17
901 17
902 17
903 18
904 18
905 18
906 18
907 18
908 18
909 18
910 18
911 18
912 18
913 18
914 18
915 18
916 18
917 18
918 18
919 18
920 18
921 18
922 18
923 18
924 18
925 18
926 18
927 18
928 18
929 18
930 18
931 18
932 18
933 18
934 18
935 18
936 18
937 18
938 18
939 18
940 18
941 18
942 18
943 18
944 18
945 18
946 18
947 18
948 18
949 18
950 23
951 19
952 19
953 19
954 19
955 19
956 19
957 19
958 19
959 19
960 19
961 19
962 19
963 19
964 19
965 19
966 19
967 19
968 19
969 19
970 19
971 19
972 19
973 19
974 19
975 19
976 19
977 19
978 19
979 19
980 19
981 20
982 20
983 20
984 20
985 20
986 20
987 20
988 20
989 20
990 20
991 20
992 20
993 20
994 20
995 20
996 20
997 20
998 20
999 20
1000 20
1001 20
1002 20
1003 20
1004 20
1005 20
1006 20
1007 20
1008 20
1009 20
1010 20
1011 20
1012 20
1013 20
1014 20
1015 20
1016 20
1017 20
1018 19
1019 15
1020 22
1021 22
1022 22
1023 22
1024 22
1025 22
1026 22
1027 22
1028 21
1029 22
1030 22
1031 22
1032 21
1033 22
1034 22
1035 22
1036 21
1037 21
1038 22
1039 22
1040 21
1041 22
1042 22
1043 22
1044 22
1045 21
1046 22
1047 21
1048 21
1049 22
1050 22
1051 22
1052 22
1053 22
1054 22
1055 22
1056 22
1057 22
1058 22
1059 22
1060 22
1061 22
1062 22
1063 22
1064 22
1065 22
1066 22
1067 22
1068 22
1069 22
1070 22
1071 22
1072 22
1073 22
1074 22
1075 22
1076 22
1077 22
1078 22
1079 15
1080 15
1081 15
1082 24
1083 24
1084 24
1085 25
1086 15
1087 15
1088 23
1089 23
1090 23
1091 23
1092 23
1093 23
1094 23
1095 23
1096 23
1097 23
1098 23
1099 23
1100 23
1101 23
1102 23
1103 23
1104 23
1105 23
1106 23
1107 23
1108 23
1109 23
1110 23
1111 23
1112 23
1113 23
1114 23
1115 23
1116 23
1117 23
1118 23
1119 23
1120 23
1121 14
1122 23
1123 23
1124 23
1125 23
1126 23
1127 23
1128 23
1129 23
1130 23
1131 23
1132 23
1133 23
1134 23
1135 23
1136 23
1137 23
1138 23
1139 23
1140 23
1141 15
1142 24
1143 24
1144 24
1145 24
1146 24
1147 24
1148 24
1149 24
1150 24
1151 24
1152 24
1153 24
1154 24
1155 24
1156 24
1157 24
1158 24
1159 24
1160 24
1161 24
1162 24
1163 24
1164 24
1165 24
1166 24
1167 24
1168 24
1169 24
1170 24
1171 24
1172 24
1173 24
1174 24
1175 24
1176 24
1177 24
1178 24
1179 24
1180 24
1181 25
1182 25
1183 25
1184 25
1185 25
1186 25
1187 25
1188 25
1189 25
1190 25
1191 25
1192 25
1193 25
1194 25
1195 25
1196 25
1197 25
1198 25
1199 25
1200 25
1201 25
1202 25
1203 25
1204 25
1205 25
1206 25
1207 25
1208 18
1209 26
1210 26
1211 26
1212 26
1213 26
1214 26
1215 26
1216 26
1217 26
1218 26
1219 26
1220 26
1221 26
1222 26
1223 26
1224 26
1225 26
1226 26
1227 26
1228 26
1229 26
1230 26
1231 26
1232 26
1233 26
1234 26
1235 26
1236 26
1237 26
1238 26
1239 26
1240 26
1241 26
1242 26
1243 26
1244 26
1245 26
1246 27
1247 0
1248 27
1249 27
1250 24
1251 18
1252 18
1253 18
1254 24
1255 18
1256 18
1257 18
1258 18
1259 18
1260 27
1261 19
1262 13
1263 20
1264 23
1265 16
1266 16
1267 23
1268 16
1269 16
1270 18
1271 14
1272 27
1273 27
1274 18
1275 18
1276 0
1277 27
1278 0
1279 27
1280 18
1281 18
1282 27
1283 18
1284 18
1285 18
1286 18
1287 18
1288 18
1289 27
1290 27
