2 0
3 0
4 0
5 0
6 0
7 0
8 0
9 0
10 0
11 0
12 0
13 0
14 0
15 0
16 0
17 0
18 0
19 0
20 0
21 0
22 0
23 0
24 0
25 0
26 0
27 0
28 0
29 0
30 0
31 0
32 0
33 0
34 0
35 0
36 0
37 0
38 0
39 0
40 0
41 0
42 0
43 0
44 1
45 1
46 1
47 1
48 1
49 1
50 1
51 1
52 1
53 1
54 1
55 1
56 1
57 1
58 1
59 1
60 1
61 1
62 1
63 1
64 1
65 1
66 2
67 2
68 2
69 2
70 2
71 2
72 2
73 2
74 2
75 2
76 2
77 2
78 2
79 2
80 2
81 2
82 2
83 2
84 2
85 2
86 2
87 2
88 2
89 2
90 2
91 2
92 3
93 3
94 2
95 2
96 3
97 2
98 2
99 2
100 3
101 3
102 3
103 2
104 2
105 3
106 2
107 2
108 2
109 2
110 2
111 2
112 3
113 2
114 2
115 2
116 2
117 3
118 3
119 3
120 3
121 3
122 2
123 3
124 5
125 4
126 6
127 4
128 4
129 4
130 6
131 10
132 4
133 3
134 3
135 3
136 3
137 6
138 16
139 3
140 3
141 27
142 4
143 6
144 6
145 4
146 10
147 3
148 3
149 4
150 6
151 6
152 3
153 10
154 5
155 6
156 27
157 4
158 16
159 4
160 4
161 6
162 3
163 11
164 3
165 4
166 3
167 4
168 10
169 4
170 2
171 3
172 5
173 6
174 16
175 3
176 10
177 6
178 27
179 4
180 3
181 6
182 6
183 2
184 16
185 2
186 4
187 4
188 -1
189 4
190 4
191 3
192 3
193 3
194 16
195 2
196 6
197 27
198 4
199 3
200 27
201 4
202 9
203 4
204 2
205 3
206 3
207 4
208 4
209 3
210 4
211 27
212 3
213 3
214 3
215 3
216 3
217 2
218 3
219 2
220 16
221 3
222 3
223 3
224 2
225 6
226 3
227 9
228 3
229 3
230 4
231 3
232 3
233 4
234 6
235 3
236 3
237 3
238 4
239 3
240 4
241 3
242 4
243 6
244 6
245 6
246 6
247 3
248 10
249 14
250 6
251 10
252 3
253 10
254 3
255 3
256 3
257 4
258 4
259 3
260 2
261 4
262 3
263 3
264 2
265 3
266 4
267 6
268 4
269 11
270 16
271 4
272 2
273 3
274 4
275 6
276 5
277 25
278 27
279 5
280 5
281 5
282 5
283 5
284 5
285 5
286 5
287 5
288 5
289 5
290 5
291 5
292 5
293 5
294 5
295 5
296 5
297 5
298 5
299 5
300 5
301 5
302 5
303 5
304 5
305 5
306 5
307 5
308 5
309 5
310 5
311 5
312 5
313 5
314 5
315 5
316 5
317 5
318 5
319 5
320 5
321 5
322 5
323 5
324 5
325 5
326 5
327 5
328 5
329 5
330 5
331 5
332 5
333 5
334 5
335 5
336 5
337 5
338 4
339 6
340 22
341 6
342 22
343 5
344 5
345 6
346 6
347 4
348 27
349 27
350 6
351 6
352 6
353 6
354 0
355 6
356 6
357 6
358 4
359 6
360 6
361 5
362 6
363 6
364 6
365 6
366 6
367 6
368 27
369 27
370 27
371 6
372 6
373 6
374 4
375 5
376 6
377 6
378 6
379 6
380 0
381 4
382 6
383 27
384 6
385 19
386 6
387 27
388 27
389 6
390 6
391 3
392 7
393 7
394 7
395 7
396 7
397 7
398 7
399 7
400 7
401 7
402 7
403 7
404 7
405 7
406 7
407 7
408 7
409 7
410 7
411 7
412 7
413 7
414 7
415 7
416 7
417 7
418 7
419 7
420 7
421 7
422 7
423 7
424 7
425 7
426 7
427 7
428 7
429 8
430 8
431 8
432 8
433 8
434 8
435 8
436 8
437 8
438 8
439 8
440 8
441 8
442 8
443 8
444 8
445 8
446 8
447 8
448 8
449 8
450 8
451 8
452 8
453 8
454 8
455 8
456 8
457 8
458 8
459 2
460 11
461 2
462 3
463 9
464 9
465 9
466 9
467 9
468 9
469 9
470 9
471 9
472 2
473 9
474 9
475 9
476 9
477 1
478 2
479 2
480 2
481 9
482 2
483 1
484 11
485 2
486 9
487 9
488 2
489 9
490 9
491 9
492 9
493 2
494 9
495 2
496 9
497 9
498 2
499 2
500 2
501 9
502 9
503 2
504 9
505 9
506 3
507 3
508 9
509 9
510 9
511 9
512 9
513 10
514 9
515 9
516 9
517 10
518 9
519 9
520 3
521 9
522 9
523 9
524 9
525 10
526 9
527 10
528 10
529 9
530 9
531 9
532 9
533 9
534 9
535 9
536 9
537 9
538 9
539 9
540 9
541 10
542 9
543 9
544 10
545 10
546 10
547 11
548 11
549 11
550 11
551 11
552 11
553 11
554 11
555 11
556 9
557 11
558 9
559 9
560 11
561 9
562 9
563 9
564 9
565 11
566 11
567 11
568 11
569 9
570 11
571 11
572 11
573 9
574 11
575 11
576 11
577 9
578 11
579 9
580 9
581 9
582 9
583 9
584 9
585 9
586 9
587 11
588 9
589 11
590 11
591 11
592 11
593 11
594 9
595 11
596 11
597 20
598 6
599 6
600 12
601 12
602 12
603 12
604 12
605 12
606 12
607 12
608 12
609 12
610 12
611 12
612 12
613 12
614 12
615 12
616 12
617 12
618 12
619 12
620 12
621 12
622 12
623 12
624 12
625 12
626 12
627 12
628 12
629 12
630 12
631 12
632 12
633 12
634 12
635 12
636 12
637 12
638 12
639 12
640 12
641 12
642 12
643 12
644 12
645 12
646 12
647 13
648 13
649 13
650 13
651 13
652 13
653 13
654 13
655 13
656 13
657 13
658 13
659 13
660 13
661 13
662 13
663 13
664 13
665 13
666 13
667 13
668 13
669 13
670 13
671 13
672 13
673 13
674 13
675 13
676 13
677 15
678 14
679 14
680 14
681 14
682 14
683 14
684 14
685 14
686 14
687 14
688 14
689 14
690 14
691 14
692 14
693 14
694 14
695 14
696 14
697 14
698 14
699 14
700 14
701 14
702 14
703 14
704 14
705 14
706 14
707 14
708 14
709 14
710 14
711 14
712 14
713 14
714 14
715 14
716 14
717 14
718 14
719 14
720 14
721 14
722 14
723 14
724 14
725 14
726 14
727 14
728 14
729 14
730 14
731 14
732 14
733 14
734 14
735 14
736 14
737 14
738 14
739 14
740 14
741 14
742 14
743 14
744 14
745 14
746 14
747 14
748 14
749 14
750 14
751 14
752 15
753 15
754 15
755 15
756 15
757 15
758 15
759 15
760 15
761 15
762 15
763 15
764 15
765 15
766 15
767 15
768 15
769 15
770 15
771 15
772 15
773 15
774 15
775 15
776 15
777 15
778 15
779 15
780 15
781 15
782 15
783 15
784 15
785 15
786 15
787 15
788 15
789 15
790 15
791 15
792 15
793 15
794 15
795 14
796 14
797 19
798 22
799 16
800 16
801 16
802 16
803 13
804 13
805 13
806 13
807 16
808 16
809 6
810 13
811 16
812 27
813 16
814 5
815 16
816 27
817 16
818 16
819 5
820 19
821 14
822 15
823 15
824 15
825 16
826 6
827 13
828 6
829 6
830 21
831 15
832 6
833 13
834 6
835 5
836 19
837 27
838 6
839 13
840 6
841 6
842 6
843 15
844 22
845 15
846 13
847 15
848 13
849 22
850 16
851 22
852 16
853 27
854 6
855 27
856 16
857 17
858 17
859 17
860 17
861 17
862 17
863 17
864 17
865 17
866 17
867 17
868 17
869 17
870 17
871 17
872 17
873 17
874 17
875 17
876 17
877 17
878 17
879 17
880 17
881 17
882 17
883 17
884 17
885 17
886 17
887 17
888 17
889 17
890 17
891 17
892 17
893 17
894 17
895 17
896 17
897 17
898 17
899 17
900 17
901 18
902 4
903 26
904 18
905 18
906 18
907 18
908 18
909 18
910 18
911 18
912 18
913 18
914 18
915 18
916 18
917 18
918 18
919 18
920 18
921 18
922 18
923 18
924 18
925 18
926 18
927 18
928 18
929 18
930 18
931 18
932 18
933 18
934 18
935 18
936 18
937 18
938 18
939 18
940 18
941 18
942 18
943 18
944 18
945 18
946 18
947 18
948 18
949 18
950 18
951 18
952 18
953 23
954 4
955 19
956 19
957 19
958 19
959 19
960 19
961 19
962 19
963 19
964 19
965 19
966 19
967 19
968 19
969 19
970 19
971 19
972 19
973 19
974 19
975 19
976 19
977 19
978 19
979 19
980 20
981 20
982 20
983 20
984 20
985 20
986 20
987 20
988 20
989 20
990 20
991 20
992 20
993 20
994 20
995 20
996 20
997 20
998 20
999 20
1000 20
1001 20
1002 20
1003 20
1004 20
1005 20
1006 20
1007 20
1008 20
1009 20
1010 12
1011 22
1012 22
1013 22
1014 22
1015 16
1016 22
1017 22
1018 22
1019 22
1020 22
1021 22
1022 1
1023 21
1024 14
1025 22
1026 22
1027 22
1028 22
1029 22
1030 21
1031 21
1032 22
1033 22
1034 12
1035 22
1036 22
1037 22
1038 22
1039 22
1040 22
1041 22
1042 22
1043 22
1044 22
1045 22
1046 22
1047 22
1048 22
1049 22
1050 22
1051 22
1052 22
1053 22
1054 22
1055 22
1056 22
1057 22
1058 22
1059 22
1060 22
1061 22
1062 22
1063 22
1064 23
1065 23
1066 23
1067 23
1068 23
1069 23
1070 23
1071 23
1072 23
1073 23
1074 23
1075 23
1076 23
1077 23
1078 23
1079 23
1080 23
1081 23
1082 23
1083 23
1084 23
1085 23
1086 23
1087 23
1088 23
1089 23
1090 23
1091 23
1092 23
1093 23
1094 23
1095 23
1096 23
1097 23
1098 23
1099 23
1100 23
1101 23
1102 23
1103 16
1104 24
1105 24
1106 24
1107 24
1108 24
1109 24
1110 24
1111 24
1112 24
1113 24
1114 24
1115 24
1116 24
1117 24
1118 24
1119 24
1120 24
1121 24
1122 24
1123 24
1124 24
1125 24
1126 24
1127 24
1128 24
1129 24
1130 24
1131 24
1132 24
1133 24
1134 24
1135 24
1136 24
1137 25
1138 25
1139 25
1140 25
1141 25
1142 25
1143 25
1144 25
1145 25
1146 25
1147 25
1148 25
1149 25
1150 25
1151 25
1152 25
1153 25
1154 25
1155 25
1156 25
1157 25
1158 25
1159 25
1160 25
1161 25
1162 25
1163 25
1164 22
1165 24
1166 26
1167 26
1168 26
1169 26
1170 26
1171 26
1172 26
1173 26
1174 26
1175 26
1176 26
1177 26
1178 26
1179 26
1180 26
1181 26
1182 26
1183 26
1184 26
1185 26
1186 26
1187 26
1188 26
1189 26
1190 26
1191 27
1192 27
1193 27
1194 27
1195 27
1196 27
1197 2
1198 27
1199 27
1200 27
1201 27
1202 27
1203 27
1204 27
1205 27
1206 27
1207 27
1208 27
1209 27
1210 27
1211 27
1212 27
