2 18
3 27
4 26
5 0
6 27
7 1
8 0
9 27
10 26
11 4
12 0
13 0
14 18
15 0
16 27
17 27
18 18
19 18
20 18
21 18
22 0
23 18
24 0
25 0
26 1
27 0
28 0
29 1
30 26
31 1
32 0
33 26
34 1
35 1
36 1
37 1
38 1
39 1
40 26
41 1
42 1
43 26
44 26
45 26
46 1
47 1
48 1
49 1
50 1
51 1
52 26
53 0
54 3
55 3
56 3
57 3
58 3
59 3
60 3
61 3
62 14
63 14
64 14
65 16
66 27
67 5
68 27
69 6
70 13
71 27
72 3
73 3
74 3
75 3
76 3
77 3
78 2
79 2
80 0
81 3
82 2
83 3
84 0
85 3
86 2
87 2
88 2
89 2
90 2
91 2
92 2
93 2
94 2
95 3
96 2
97 14
98 14
99 2
100 2
101 2
102 27
103 4
104 4
105 27
106 27
107 4
108 4
109 4
110 6
111 16
112 2
113 3
114 2
115 3
116 2
117 3
118 2
119 2
120 2
121 2
122 2
123 3
124 3
125 3
126 3
127 3
128 3
129 3
130 3
131 3
132 3
133 3
134 3
135 3
136 3
137 3
138 3
139 3
140 3
141 3
142 3
143 3
144 3
145 4
146 0
147 15
148 15
149 27
150 2
151 3
152 4
153 27
154 4
155 27
156 4
157 4
158 4
159 4
160 4
161 4
162 27
163 4
164 4
165 27
166 4
167 23
168 4
169 4
170 4
171 27
172 27
173 4
174 4
175 4
176 4
177 4
178 27
179 4
180 27
181 4
182 27
183 4
184 27
185 2
186 4
187 27
188 27
189 4
190 15
191 27
192 4
193 4
194 4
195 6
196 4
197 4
198 4
199 4
200 4
201 4
202 4
203 4
204 4
205 4
206 27
207 16
208 4
209 6
210 6
211 4
212 4
213 4
214 4
215 4
216 27
217 4
218 27
219 4
220 4
221 4
222 4
223 4
224 4
225 4
226 4
227 4
228 4
229 4
230 27
231 4
232 4
233 4
234 4
235 4
236 4
237 4
238 4
239 4
240 4
241 4
242 4
243 4
244 27
245 4
246 4
247 4
248 4
249 4
250 4
251 4
252 0
253 0
254 0
255 2
256 27
257 27
258 0
259 27
260 27
261 27
262 4
263 4
264 4
265 4
266 4
267 4
268 4
269 4
270 4
271 4
272 4
273 4
274 4
275 4
276 4
277 4
278 4
279 4
280 4
281 4
282 2
283 10
284 2
285 3
286 2
287 27
288 3
289 3
290 17
291 2
292 4
293 4
294 4
295 16
296 4
297 27
298 11
299 4
300 4
301 4
302 6
303 4
304 4
305 4
306 4
307 4
308 2
309 4
310 27
311 2
312 4
313 4
314 4
315 1
316 4
317 4
318 4
319 4
320 4
321 4
322 4
323 4
324 4
325 4
326 4
327 4
328 4
329 4
330 4
331 4
332 4
333 4
334 4
335 4
336 4
337 4
338 4
339 4
340 4
341 4
342 4
343 4
344 4
345 4
346 4
347 4
348 4
349 4
350 4
351 4
352 27
353 27
354 27
355 27
356 27
357 27
358 27
359 27
360 27
361 27
362 27
363 4
364 4
365 4
366 4
367 4
368 4
369 4
370 4
371 4
372 4
373 4
374 4
375 27
376 4
377 4
378 4
379 27
380 4
381 4
382 4
383 2
384 4
385 4
386 4
387 4
388 4
389 4
390 27
391 4
392 4
393 4
394 4
395 4
396 4
397 4
398 4
399 4
400 4
401 4
402 4
403 27
404 1
405 4
406 4
407 4
408 4
409 4
410 4
411 4
412 2
413 2
414 2
415 27
416 0
417 27
418 27
419 27
420 2
421 27
422 27
423 27
424 27
425 27
426 0
427 27
428 0
429 0
430 27
431 27
432 4
433 6
434 13
435 13
436 5
437 6
438 6
439 13
440 22
441 6
442 4
443 15
444 4
445 15
446 4
447 4
448 4
449 4
450 6
451 6
452 14
453 4
454 4
455 4
456 4
457 15
458 4
459 4
460 5
461 25
462 25
463 5
464 19
465 19
466 19
467 12
468 5
469 5
470 5
471 5
472 5
473 5
474 4
475 5
476 4
477 5
478 5
479 5
480 4
481 5
482 5
483 5
484 5
485 5
486 5
487 5
488 5
489 5
490 5
491 5
492 10
493 5
494 5
495 4
496 5
497 5
498 25
499 6
500 16
501 16
502 2
503 2
504 2
505 27
506 2
507 2
508 16
509 2
510 2
511 2
512 19
513 19
514 13
515 16
516 16
517 16
518 6
519 13
520 16
521 13
522 0
523 3
524 3
525 3
526 0
527 0
528 3
529 3
530 0
531 0
532 2
533 2
534 2
535 2
536 2
537 2
538 2
539 27
540 2
541 2
542 16
543 19
544 16
545 19
546 16
547 16
548 16
549 19
550 19
551 2
552 16
553 19
554 19
555 23
556 12
557 6
558 6
559 24
560 0
561 6
562 14
563 16
564 6
565 16
566 16
567 6
568 13
569 13
570 12
571 12
572 13
573 13
574 14
575 16
576 6
577 15
578 16
579 16
580 16
581 16
582 18
583 18
584 18
585 18
586 18
587 0
588 2
589 2
590 4
591 4
592 27
593 2
594 27
595 0
596 0
597 27
598 27
599 27
600 4
601 10
602 2
603 2
604 2
605 2
606 2
607 2
608 2
609 26
610 2
611 2
612 7
613 10
614 12
615 6
616 12
617 13
618 16
619 27
620 4
621 6
622 6
623 27
624 13
625 27
626 4
627 6
628 6
629 6
630 4
631 4
632 27
633 27
634 2
635 27
636 27
637 2
638 27
639 27
640 27
641 27
642 23
643 16
644 25
645 3
646 27
647 4
648 6
649 6
650 5
651 6
652 4
653 4
654 4
655 4
656 4
657 3
658 4
659 4
660 4
661 4
662 6
663 7
664 6
665 16
666 0
667 0
668 7
669 7
670 7
671 0
672 0
673 0
674 0
675 6
676 7
677 6
678 7
679 7
680 7
681 7
682 7
683 7
684 7
685 7
686 7
687 7
688 7
689 7
690 7
691 7
692 7
693 7
694 7
695 6
696 7
697 6
698 7
699 7
700 7
701 1
702 13
703 7
704 8
705 8
706 8
707 16
708 16
709 8
710 16
711 8
712 8
713 8
714 8
715 8
716 8
717 8
718 8
719 8
720 8
721 8
722 16
723 8
724 8
725 1
726 8
727 8
728 8
729 13
730 13
731 9
732 2
733 2
734 9
735 6
736 2
737 2
738 2
739 2
740 2
741 27
742 10
743 9
744 6
745 10
746 6
747 5
748 6
749 9
750 6
751 9
752 9
753 9
754 11
755 9
756 9
757 9
758 9
759 9
760 9
761 10
762 9
763 9
764 13
765 9
766 10
767 9
768 9
769 9
770 9
771 9
772 7
773 10
774 9
775 10
776 6
777 9
778 10
779 6
780 6
781 10
782 9
783 1
784 9
785 9
786 10
787 19
788 9
789 13
790 10
791 5
792 6
793 13
794 13
795 5
796 2
797 6
798 2
799 2
800 2
801 2
802 9
803 10
804 5
805 5
806 13
807 5
808 6
809 10
810 9
811 6
812 3
813 3
814 2
815 3
816 3
817 3
818 3
819 3
820 3
821 3
822 3
823 3
824 9
825 9
826 9
827 9
828 9
829 9
830 9
831 9
832 9
833 6
834 9
835 10
836 9
837 9
838 9
839 9
840 9
841 9
842 9
843 9
844 9
845 9
846 9
847 9
848 9
849 9
850 9
851 9
852 9
853 9
854 9
855 9
856 9
857 10
858 9
859 9
860 9
861 9
862 27
863 9
864 9
865 0
866 6
867 9
868 9
869 0
870 0
871 9
872 9
873 9
874 9
875 9
876 3
877 3
878 9
879 3
880 3
881 3
882 3
883 2
884 3
885 16
886 3
887 16
888 2
889 9
890 3
891 3
892 9
893 9
894 9
895 9
896 9
897 9
898 9
899 9
900 9
901 9
902 9
903 3
904 9
905 9
906 9
907 9
908 9
909 9
910 9
911 9
912 9
913 9
914 3
915 7
916 0
917 0
918 1
919 0
920 0
921 0
922 0
923 0
924 0
925 0
926 0
927 0
928 0
929 0
930 0
931 0
932 0
933 0
934 0
935 0
936 0
937 0
938 0
939 12
940 5
941 24
942 24
943 -1
944 -1
945 -1
946 -1
947 -1
948 -1
949 -1
950 -1
951 -1
952 -1
953 27
954 0
955 9
956 16
957 0
958 -1
959 -1
960 -1
961 3
962 27
963 27
964 3
965 27
966 27
967 27
968 4
969 11
970 4
971 27
972 -1
973 -1
974 -1
975 -1
976 -1
977 -1
978 22
979 -1
980 0
981 0
982 27
983 27
984 27
985 27
986 27
987 27
988 27
989 27
990 27
991 27
992 27
993 2
994 4
995 2
996 12
997 18
998 16
999 27
1000 19
1001 12
1002 3
1003 2
1004 7
1005 27
1006 27
1007 27
1008 3
1009 27
1010 9
1011 -1
1012 27
1013 27
1014 12
1015 12
1016 12
1017 12
1018 12
1019 12
1020 12
1021 12
1022 12
1023 12
1024 12
1025 12
1026 12
1027 12
1028 12
1029 13
1030 12
1031 4
1032 27
1033 27
1034 0
1035 27
1036 27
1037 16
1038 27
1039 27
1040 27
1041 27
1042 12
1043 -1
1044 -1
1045 -1
1046 -1
1047 -1
1048 -1
1049 -1
1050 -1
1051 -1
1052 3
1053 27
1054 2
1055 4
1056 2
1057 11
1058 4
1059 2
1060 2
1061 21
1062 27
1063 27
1064 27
1065 2
1066 16
1067 27
1068 27
1069 27
1070 27
1071 27
1072 27
1073 27
1074 -1
1075 27
1076 27
1077 27
1078 27
1079 27
1080 27
1081 27
1082 9
1083 -1
1084 -1
1085 -1
1086 -1
1087 -1
1088 -1
1089 -1
1090 3
1091 -1
1092 27
1093 27
1094 2
1095 2
1096 2
1097 27
1098 27
1099 0
1100 27
1101 27
1102 3
1103 0
1104 0
1105 27
1106 2
1107 2
1108 6
1109 4
1110 2
1111 18
1112 27
1113 16
1114 16
1115 27
1116 27
1117 -1
1118 27
1119 27
1120 27
1121 27
1122 27
1123 27
1124 14
1125 0
1126 2
1127 22
1128 27
1129 27
1130 11
1131 0
1132 27
1133 2
1134 0
1135 0
1136 27
1137 2
1138 2
1139 2
1140 27
1141 27
1142 2
1143 19
1144 2
1145 27
1146 2
1147 2
1148 0
1149 16
1150 18
1151 14
1152 16
1153 27
1154 2
1155 2
1156 27
1157 2
1158 2
1159 2
1160 0
1161 0
1162 2
1163 27
1164 0
1165 25
1166 2
1167 0
1168 27
1169 2
1170 2
1171 2
1172 2
1173 2
1174 2
1175 2
1176 2
1177 2
1178 2
1179 2
1180 2
1181 2
1182 4
1183 18
1184 18
1185 14
1186 18
1187 27
1188 12
1189 18
1190 27
1191 27
1192 18
1193 27
1194 19
1195 2
1196 27
1197 19
1198 27
1199 27
1200 19
1201 0
1202 19
1203 2
1204 19
1205 19
1206 27
1207 16
1208 16
1209 19
1210 19
1211 19
1212 18
1213 16
1214 16
1215 9
1216 16
1217 16
1218 10
1219 16
1220 27
1221 16
1222 0
1223 0
1224 18
1225 27
1226 25
1227 2
1228 25
1229 19
1230 27
1231 26
1232 27
1233 14
1234 27
1235 14
1236 27
1237 19
1238 27
1239 16
1240 16
1241 27
1242 27
1243 9
1244 16
1245 27
1246 0
1247 16
1248 2
1249 23
1250 27
1251 2
1252 2
1253 27
1254 4
1255 4
1256 3
1257 14
1258 4
1259 6
1260 26
1261 4
1262 16
1263 4
1264 23
1265 16
1266 4
1267 1
1268 27
1269 16
1270 4
1271 27
1272 2
1273 2
1274 2
1275 2
1276 2
1277 2
1278 2
1279 2
1280 14
1281 27
1282 2
1283 19
1284 2
1285 2
1286 2
1287 27
1288 2
1289 2
1290 19
1291 2
1292 5
1293 14
1294 19
1295 25
1296 14
1297 6
1298 14
1299 5
1300 25
1301 14
1302 2
1303 4
1304 9
1305 27
1306 27
1307 3
1308 2
1309 2
1310 3
1311 0
1312 19
1313 27
1314 0
1315 16
1316 27
1317 16
1318 16
1319 0
1320 16
1321 0
1322 0
1323 14
1324 16
1325 0
1326 16
1327 25
1328 27
1329 25
1330 0
1331 16
1332 17
1333 17
1334 27
1335 25
1336 25
1337 25
1338 25
1339 25
1340 25
1341 14
1342 2
1343 4
1344 27
1345 13
1346 13
1347 3
1348 2
1349 2
1350 0
1351 13
1352 0
1353 0
1354 4
1355 27
1356 2
1357 2
1358 2
1359 0
1360 2
1361 7
1362 0
1363 27
1364 2
1365 27
1366 21
1367 27
1368 27
1369 16
1370 27
1371 27
1372 2
1373 3
1374 2
1375 2
1376 2
1377 2
1378 10
1379 3
1380 6
1381 16
1382 0
1383 14
1384 14
1385 14
1386 14
1387 14
1388 2
1389 14
1390 14
1391 2
1392 16
1393 6
1394 2
1395 16
1396 5
1397 18
1398 21
1399 3
1400 3
1401 3
1402 27
1403 27
1404 27
1405 27
1406 0
1407 27
1408 0
1409 27
1410 0
1411 27
1412 3
1413 0
1414 2
1415 27
1416 4
1417 14
1418 25
1419 14
1420 16
1421 27
1422 -1
1423 27
1424 16
1425 27
1426 27
1427 27
1428 27
1429 18
1430 27
1431 27
1432 18
1433 27
1434 27
1435 27
1436 16
1437 27
1438 27
1439 -1
1440 27
1441 27
1442 27
1443 27
1444 10
1445 26
1446 27
1447 8
1448 27
1449 27
1450 27
1451 27
1452 16
1453 27
1454 27
1455 16
1456 16
1457 27
1458 -1
1459 16
1460 6
1461 27
1462 0
1463 27
1464 16
1465 18
1466 27
1467 16
1468 18
1469 27
1470 27
1471 6
1472 18
1473 -1
1474 -1
1475 27
1476 27
1477 12
1478 25
1479 25
1480 24
1481 18
1482 2
1483 2
1484 18
1485 18
1486 27
1487 27
1488 2
1489 0
1490 0
1491 2
1492 2
1493 14
1494 14
1495 2
1496 14
1497 14
1498 2
1499 2
1500 2
1501 2
1502 2
1503 2
1504 2
1505 27
1506 2
1507 2
1508 0
1509 0
1510 2
1511 2
1512 16
1513 6
1514 21
1515 6
1516 6
1517 15
1518 5
1519 6
1520 6
1521 5
1522 27
1523 27
1524 10
1525 22
1526 16
1527 16
1528 2
1529 19
1530 2
1531 2
1532 14
1533 14
1534 14
1535 14
1536 14
1537 14
1538 14
1539 5
1540 14
1541 14
1542 2
1543 2
1544 2
1545 2
1546 2
1547 27
1548 6
1549 2
1550 14
1551 2
1552 2
1553 1
1554 2
1555 2
1556 2
1557 2
1558 2
1559 2
1560 2
1561 2
1562 14
1563 11
1564 14
1565 2
1566 11
1567 14
1568 3
1569 2
1570 2
1571 14
1572 14
1573 16
1574 2
1575 27
1576 2
1577 27
1578 18
1579 2
1580 13
1581 19
1582 2
1583 2
1584 2
1585 2
1586 27
1587 2
1588 2
1589 2
1590 2
1591 3
1592 14
1593 3
1594 27
1595 16
1596 14
1597 27
1598 0
1599 0
1600 21
1601 14
1602 27
1603 2
1604 14
1605 14
1606 14
1607 16
1608 14
1609 14
1610 14
1611 14
1612 14
1613 14
1614 14
1615 15
1616 14
1617 14
1618 14
1619 14
1620 14
1621 14
1622 15
1623 14
1624 14
1625 14
1626 15
1627 14
1628 14
1629 14
1630 14
1631 14
1632 14
1633 14
1634 14
1635 14
1636 14
1637 14
1638 14
1639 14
1640 14
1641 14
1642 14
1643 14
1644 14
1645 14
1646 15
1647 14
1648 14
1649 14
1650 15
1651 15
1652 14
1653 14
1654 14
1655 14
1656 14
1657 14
1658 14
1659 14
1660 14
1661 14
1662 14
1663 14
1664 14
1665 14
1666 14
1667 14
1668 14
1669 14
1670 14
1671 14
1672 14
1673 14
1674 15
1675 15
1676 15
1677 15
1678 15
1679 15
1680 15
1681 15
1682 15
1683 15
1684 15
1685 15
1686 15
1687 15
1688 15
1689 15
1690 15
1691 15
1692 15
1693 15
1694 14
1695 15
1696 15
1697 15
1698 15
1699 14
1700 14
1701 14
1702 16
1703 16
1704 16
1705 16
1706 16
1707 16
1708 13
1709 16
1710 5
1711 16
1712 16
1713 14
1714 5
1715 14
1716 14
1717 16
1718 16
1719 16
1720 16
1721 21
1722 14
1723 16
1724 16
1725 16
1726 14
1727 16
1728 14
1729 14
1730 14
1731 14
1732 14
1733 14
1734 16
1735 14
1736 14
1737 16
1738 14
1739 14
1740 16
1741 14
1742 2
1743 2
1744 2
1745 10
1746 14
1747 14
1748 14
1749 14
1750 2
1751 14
1752 14
1753 14
1754 14
1755 14
1756 14
1757 14
1758 14
1759 14
1760 14
1761 16
1762 16
1763 16
1764 16
1765 14
1766 16
1767 16
1768 16
1769 16
1770 16
1771 3
1772 5
1773 12
1774 14
1775 14
1776 14
1777 6
1778 22
1779 22
1780 15
1781 15
1782 14
1783 14
1784 14
1785 14
1786 14
1787 14
1788 2
1789 14
1790 2
1791 2
1792 2
1793 14
1794 15
1795 2
1796 2
1797 14
1798 15
1799 2
1800 16
1801 16
1802 13
1803 16
1804 16
1805 16
1806 16
1807 16
1808 16
1809 16
1810 16
1811 16
1812 16
1813 16
1814 16
1815 16
1816 16
1817 16
1818 16
1819 16
1820 16
1821 16
1822 16
1823 16
1824 16
1825 16
1826 16
1827 16
1828 16
1829 16
1830 16
1831 16
1832 16
1833 16
1834 16
1835 16
1836 16
1837 16
1838 17
1839 22
1840 -1
1841 27
1842 27
1843 27
1844 27
1845 27
1846 27
1847 27
1848 27
1849 27
1850 27
1851 27
1852 27
1853 27
1854 27
1855 27
1856 27
1857 17
1858 17
1859 17
1860 17
1861 17
1862 17
1863 17
1864 17
1865 17
1866 17
1867 17
1868 17
1869 17
1870 13
1871 13
1872 0
1873 13
1874 13
1875 13
1876 13
1877 13
1878 17
1879 17
1880 17
1881 13
1882 22
1883 13
1884 22
1885 17
1886 18
1887 17
1888 18
1889 18
1890 18
1891 18
1892 18
1893 18
1894 18
1895 18
1896 18
1897 18
1898 18
1899 18
1900 18
1901 18
1902 18
1903 18
1904 18
1905 18
1906 18
1907 18
1908 18
1909 18
1910 18
1911 18
1912 18
1913 18
1914 18
1915 18
1916 18
1917 18
1918 19
1919 19
1920 19
1921 19
1922 19
1923 19
1924 19
1925 19
1926 19
1927 19
1928 19
1929 19
1930 19
1931 19
1932 19
1933 19
1934 19
1935 19
1936 19
1937 19
1938 19
1939 19
1940 19
1941 19
1942 20
1943 20
1944 20
1945 20
1946 20
1947 20
1948 20
1949 20
1950 20
1951 20
1952 20
1953 20
1954 20
1955 20
1956 20
1957 20
1958 20
1959 20
1960 20
1961 20
1962 20
1963 20
1964 20
1965 20
1966 20
1967 20
1968 16
1969 14
1970 21
1971 21
1972 21
1973 21
1974 14
1975 15
1976 21
1977 15
1978 21
1979 15
1980 21
1981 21
1982 15
1983 21
1984 21
1985 21
1986 21
1987 14
1988 22
1989 21
1990 21
1991 21
1992 21
1993 21
1994 21
1995 21
1996 21
1997 21
1998 21
1999 21
2000 21
2001 21
2002 21
2003 14
2004 21
2005 21
2006 21
2007 15
2008 22
2009 22
2010 22
2011 15
2012 16
2013 13
2014 15
2015 15
2016 13
2017 13
2018 13
2019 22
2020 22
2021 22
2022 22
2023 22
2024 22
2025 22
2026 22
2027 22
2028 22
2029 22
2030 22
2031 22
2032 17
2033 23
2034 23
2035 23
2036 23
2037 14
2038 14
2039 23
2040 5
2041 18
2042 18
2043 18
2044 14
2045 14
2046 14
2047 16
2048 14
2049 14
2050 14
2051 21
2052 14
2053 14
2054 14
2055 14
2056 14
2057 14
2058 14
2059 14
2060 14
2061 14
2062 14
2063 14
2064 14
2065 14
2066 14
2067 14
2068 14
2069 14
2070 14
2071 14
2072 14
2073 14
2074 14
2075 14
2076 14
2077 14
2078 14
2079 14
2080 14
2081 14
2082 14
2083 16
2084 25
2085 15
2086 14
2087 14
2088 15
2089 15
2090 15
2091 15
2092 15
2093 15
2094 15
2095 14
2096 15
2097 15
2098 26
2099 26
2100 16
2101 26
2102 15
2103 26
2104 15
2105 24
2106 24
2107 24
2108 15
2109 24
2110 12
2111 26
2112 24
2113 24
2114 24
2115 24
2116 24
2117 24
2118 24
2119 24
2120 24
2121 24
2122 24
2123 24
2124 24
2125 24
2126 24
2127 24
2128 24
2129 25
2130 14
2131 14
2132 25
2133 13
2134 25
2135 25
2136 16
2137 25
2138 25
2139 25
2140 5
2141 25
2142 13
2143 13
2144 25
2145 25
2146 15
2147 13
2148 25
2149 24
2150 25
2151 25
2152 15
2153 15
2154 13
2155 24
2156 24
2157 24
2158 24
2159 15
2160 24
2161 24
2162 24
2163 15
2164 24
2165 24
2166 24
2167 26
2168 15
2169 24
2170 24
2171 24
2172 26
2173 26
2174 26
2175 26
2176 26
2177 26
2178 26
2179 26
2180 26
2181 26
2182 26
2183 8
2184 7
2185 26
2186 26
2187 26
2188 26
2189 26
2190 24
2191 26
2192 26
2193 26
2194 26
2195 26
2196 26
2197 26
2198 26
2199 26
2200 26
2201 26
2202 26
2203 26
2204 26
2205 26
2206 26
2207 26
2208 26
2209 26
2210 26
2211 26
2212 26
2213 26
2214 27
2215 27
2216 27
2217 27
2218 27
2219 27
2220 27
2221 27
2222 27
2223 27
2224 27
2225 27
2226 27
2227 27
2228 27
2229 27
2230 27
2231 27
2232 27
2233 27
2234 27
2235 27
2236 27
2237 27
2238 27
