2 26
3 0
4 18
5 0
6 0
7 26
8 18
9 18
10 26
11 1
12 0
13 0
14 18
15 0
16 0
17 8
18 1
19 0
20 0
21 1
22 8
23 8
24 26
25 26
26 26
27 26
28 7
29 26
30 26
31 26
32 0
33 18
34 18
35 18
36 0
37 26
38 18
39 18
40 26
41 18
42 18
43 0
44 0
45 0
46 18
47 18
48 26
49 0
50 18
51 0
52 18
53 0
54 0
55 1
56 0
57 0
58 18
59 0
60 0
61 0
62 0
63 0
64 0
65 18
66 16
67 18
68 18
69 18
70 0
71 18
72 1
73 1
74 1
75 1
76 1
77 13
78 1
79 1
80 1
81 1
82 1
83 1
84 1
85 1
86 1
87 1
88 1
89 1
90 1
91 1
92 1
93 1
94 1
95 1
96 1
97 1
98 1
99 1
100 1
101 1
102 1
103 26
104 3
105 2
106 2
107 2
108 3
109 3
110 3
111 3
112 3
113 3
114 2
115 2
116 2
117 2
118 2
119 2
120 2
121 2
122 2
123 9
124 2
125 2
126 2
127 2
128 2
129 2
130 2
131 2
132 3
133 2
134 2
135 2
136 2
137 2
138 2
139 2
140 3
141 2
142 2
143 2
144 2
145 2
146 2
147 2
148 2
149 2
150 2
151 2
152 2
153 2
154 2
155 2
156 2
157 2
158 2
159 2
160 2
161 2
162 2
163 2
164 2
165 2
166 2
167 2
168 2
169 2
170 2
171 2
172 2
173 2
174 2
175 2
176 2
177 2
178 2
179 2
180 2
181 2
182 2
183 2
184 2
185 3
186 2
187 2
188 25
189 2
190 2
191 2
192 2
193 14
194 14
195 2
196 14
197 14
198 14
199 14
200 14
201 2
202 2
203 2
204 2
205 2
206 2
207 2
208 2
209 2
210 2
211 27
212 14
213 14
214 14
215 14
216 14
217 15
218 14
219 14
220 15
221 14
222 3
223 3
224 3
225 3
226 3
227 3
228 3
229 3
230 3
231 3
232 14
233 14
234 3
235 3
236 3
237 3
238 3
239 3
240 3
241 14
242 3
243 3
244 3
245 3
246 3
247 3
248 3
249 3
250 3
251 3
252 3
253 3
254 3
255 3
256 3
257 3
258 3
259 3
260 3
261 27
262 27
263 27
264 4
265 4
266 4
267 4
268 27
269 14
270 27
271 27
272 27
273 9
274 9
275 9
276 9
277 9
278 10
279 9
280 9
281 27
282 2
283 6
284 10
285 9
286 9
287 3
288 9
289 9
290 5
291 6
292 2
293 2
294 2
295 2
296 2
297 2
298 2
299 3
300 3
301 9
302 9
303 9
304 27
305 16
306 4
307 4
308 3
309 4
310 4
311 3
312 2
313 2
314 2
315 2
316 27
317 2
318 0
319 0
320 27
321 2
322 9
323 6
324 2
325 0
326 7
327 0
328 0
329 5
330 7
331 10
332 5
333 10
334 9
335 2
336 3
337 10
338 2
339 10
340 10
341 10
342 10
343 10
344 10
345 10
346 10
347 10
348 10
349 2
350 10
351 5
352 10
353 5
354 10
355 10
356 5
357 10
358 10
359 10
360 5
361 10
362 5
363 5
364 25
365 1
366 1
367 25
368 27
369 27
370 27
371 18
372 5
373 27
374 18
375 25
376 18
377 18
378 26
379 26
380 1
381 25
382 18
383 18
384 27
385 1
386 27
387 7
388 27
389 19
390 5
391 14
392 16
393 5
394 5
395 5
396 6
397 5
398 5
399 6
400 6
401 6
402 5
403 5
404 5
405 5
406 5
407 5
408 5
409 27
410 5
411 5
412 6
413 5
414 5
415 19
416 19
417 19
418 19
419 5
420 5
421 5
422 6
423 5
424 5
425 5
426 5
427 5
428 5
429 5
430 10
431 0
432 18
433 27
434 0
435 27
436 7
437 7
438 7
439 7
440 7
441 7
442 3
443 3
444 7
445 7
446 7
447 7
448 7
449 7
450 7
451 7
452 7
453 7
454 7
455 7
456 7
457 7
458 7
459 7
460 7
461 7
462 2
463 2
464 2
465 2
466 2
467 7
468 18
469 23
470 2
471 23
472 2
473 3
474 3
475 3
476 2
477 2
478 2
479 9
480 9
481 15
482 8
483 8
484 8
485 8
486 8
487 8
488 8
489 8
490 8
491 8
492 8
493 8
494 8
495 8
496 8
497 8
498 27
499 0
500 9
501 9
502 9
503 9
504 9
505 9
506 9
507 9
508 9
509 9
510 9
511 9
512 9
513 9
514 9
515 9
516 9
517 9
518 9
519 9
520 9
521 9
522 9
523 9
524 9
525 9
526 9
527 9
528 9
529 9
530 9
531 9
532 9
533 9
534 10
535 10
536 10
537 10
538 10
539 10
540 10
541 10
542 10
543 10
544 10
545 10
546 10
547 10
548 10
549 10
550 10
551 10
552 10
553 10
554 10
555 3
556 3
557 10
558 10
559 10
560 10
561 10
562 10
563 10
564 10
565 10
566 10
567 10
568 10
569 3
570 3
571 11
572 9
573 9
574 9
575 11
576 11
577 11
578 11
579 9
580 9
581 11
582 11
583 11
584 11
585 11
586 9
587 11
588 9
589 9
590 9
591 11
592 5
593 9
594 11
595 5
596 11
597 9
598 11
599 9
600 5
601 9
602 9
603 9
604 9
605 9
606 9
607 11
608 11
609 0
610 0
611 0
612 0
613 1
614 0
615 0
616 0
617 0
618 0
619 1
620 0
621 0
622 7
623 12
624 12
625 12
626 12
627 12
628 12
629 12
630 12
631 12
632 12
633 12
634 12
635 12
636 12
637 12
638 12
639 12
640 12
641 12
642 12
643 12
644 12
645 12
646 12
647 12
648 12
649 12
650 12
651 12
652 12
653 12
654 12
655 12
656 12
657 12
658 12
659 12
660 13
661 13
662 13
663 13
664 13
665 13
666 13
667 13
668 13
669 13
670 13
671 13
672 13
673 14
674 14
675 14
676 14
677 14
678 14
679 14
680 11
681 14
682 13
683 13
684 13
685 13
686 19
687 14
688 14
689 14
690 14
691 14
692 14
693 14
694 14
695 14
696 14
697 5
698 6
699 14
700 14
701 14
702 14
703 14
704 14
705 14
706 14
707 6
708 14
709 14
710 21
711 14
712 14
713 14
714 14
715 14
716 14
717 14
718 14
719 14
720 14
721 15
722 15
723 14
724 14
725 15
726 15
727 14
728 14
729 14
730 14
731 15
732 14
733 14
734 14
735 14
736 14
737 14
738 14
739 14
740 14
741 14
742 14
743 14
744 14
745 14
746 7
747 14
748 14
749 14
750 14
751 14
752 14
753 14
754 14
755 14
756 14
757 14
758 14
759 14
760 14
761 14
762 14
763 14
764 14
765 14
766 14
767 14
768 14
769 15
770 15
771 15
772 15
773 15
774 15
775 15
776 15
777 15
778 15
779 15
780 15
781 15
782 15
783 15
784 15
785 15
786 15
787 15
788 15
789 15
790 15
791 14
792 14
793 14
794 14
795 14
796 14
797 14
798 14
799 14
800 14
801 14
802 14
803 14
804 14
805 14
806 14
807 14
808 14
809 14
810 14
811 14
812 14
813 6
814 14
815 14
816 14
817 14
818 14
819 14
820 14
821 14
822 14
823 14
824 14
825 14
826 15
827 14
828 14
829 14
830 14
831 14
832 16
833 14
834 16
835 16
836 16
837 16
838 16
839 16
840 16
841 16
842 14
843 14
844 14
845 14
846 16
847 14
848 14
849 0
850 14
851 16
852 16
853 16
854 16
855 13
856 16
857 16
858 16
859 16
860 16
861 16
862 16
863 16
864 16
865 16
866 16
867 16
868 14
869 14
870 14
871 22
872 16
873 16
874 17
875 17
876 17
877 27
878 17
879 17
880 17
881 17
882 17
883 17
884 17
885 27
886 27
887 13
888 17
889 17
890 17
891 18
892 18
893 18
894 17
895 17
896 18
897 18
898 18
899 17
900 17
901 17
902 17
903 17
904 17
905 17
906 17
907 17
908 17
909 17
910 18
911 17
912 17
913 17
914 17
915 17
916 18
917 17
918 18
919 17
920 18
921 18
922 18
923 18
924 18
925 18
926 18
927 18
928 18
929 18
930 18
931 18
932 18
933 18
934 18
935 27
936 18
937 18
938 18
939 18
940 18
941 27
942 18
943 18
944 18
945 18
946 19
947 19
948 19
949 19
950 19
951 19
952 19
953 19
954 19
955 19
956 19
957 19
958 19
959 19
960 19
961 19
962 19
963 19
964 19
965 19
966 19
967 19
968 19
969 19
970 19
971 20
972 20
973 20
974 20
975 20
976 20
977 20
978 20
979 20
980 20
981 20
982 20
983 20
984 20
985 20
986 20
987 20
988 20
989 20
990 20
991 20
992 20
993 20
994 20
995 19
996 14
997 15
998 22
999 21
1000 21
1001 22
1002 21
1003 21
1004 21
1005 21
1006 21
1007 22
1008 15
1009 15
1010 14
1011 21
1012 21
1013 21
1014 15
1015 14
1016 15
1017 14
1018 21
1019 14
1020 21
1021 14
1022 14
1023 21
1024 15
1025 21
1026 14
1027 14
1028 21
1029 21
1030 21
1031 14
1032 21
1033 21
1034 21
1035 21
1036 14
1037 15
1038 15
1039 22
1040 22
1041 15
1042 22
1043 22
1044 22
1045 22
1046 22
1047 22
1048 22
1049 22
1050 22
1051 22
1052 22
1053 22
1054 22
1055 22
1056 22
1057 22
1058 17
1059 22
1060 18
1061 15
1062 14
1063 14
1064 14
1065 23
1066 15
1067 23
1068 15
1069 21
1070 14
1071 15
1072 14
1073 14
1074 15
1075 23
1076 15
1077 15
1078 15
1079 23
1080 15
1081 15
1082 15
1083 15
1084 15
1085 15
1086 23
1087 16
1088 15
1089 15
1090 15
1091 15
1092 14
1093 15
1094 24
1095 24
1096 15
1097 24
1098 24
1099 26
1100 26
1101 24
1102 26
1103 24
1104 24
1105 26
1106 24
1107 13
1108 24
1109 6
1110 18
1111 18
1112 24
1113 24
1114 24
1115 24
1116 24
1117 24
1118 24
1119 24
1120 24
1121 24
1122 24
1123 24
1124 24
1125 24
1126 24
1127 24
1128 24
1129 24
1130 24
1131 24
1132 24
1133 24
1134 24
1135 24
1136 24
1137 24
1138 24
1139 24
1140 24
1141 24
1142 24
1143 24
1144 24
1145 24
1146 24
1147 18
1148 24
1149 18
1150 25
1151 25
1152 24
1153 25
1154 25
1155 25
1156 24
1157 25
1158 24
1159 25
1160 25
1161 25
1162 25
1163 25
1164 25
1165 25
1166 25
1167 25
1168 25
1169 25
1170 5
1171 25
1172 25
1173 24
1174 24
1175 24
1176 24
1177 26
1178 26
1179 26
1180 26
1181 26
1182 26
1183 26
1184 26
1185 26
1186 26
1187 26
1188 26
1189 26
1190 26
1191 26
1192 26
1193 26
1194 26
1195 26
1196 26
1197 26
1198 26
1199 26
1200 26
1201 26
1202 26
1203 26
1204 26
1205 26
1206 26
1207 26
1208 26
1209 26
1210 26
1211 26
1212 26
1213 26
1214 26
1215 26
1216 26
1217 26
1218 27
1219 27
1220 27
1221 27
1222 18
1223 18
1224 27
1225 18
1226 18
1227 27
1228 27
1229 27
1230 27
1231 27
1232 27
1233 27
