2 0
3 0
4 0
5 0
6 0
7 11
8 0
9 0
10 11
11 0
12 0
13 0
14 0
15 0
16 0
17 0
18 0
19 0
20 0
21 0
22 0
23 0
24 0
25 0
26 0
27 0
28 11
29 0
30 0
31 0
32 0
33 0
34 0
35 0
36 0
37 0
38 0
39 0
40 0
41 0
42 0
43 0
44 0
45 0
46 0
47 0
48 0
49 0
50 0
51 0
52 0
53 0
54 0
55 1
56 0
57 1
58 1
59 1
60 1
61 1
62 0
63 1
64 1
65 1
66 18
67 1
68 1
69 1
70 0
71 1
72 1
73 1
74 1
75 7
76 1
77 0
78 0
79 1
80 1
81 1
82 0
83 0
84 1
85 1
86 0
87 0
88 1
89 0
90 1
91 0
92 11
93 0
94 11
95 2
96 2
97 11
98 3
99 2
100 3
101 2
102 2
103 3
104 3
105 3
106 2
107 11
108 2
109 2
110 2
111 2
112 2
113 2
114 2
115 2
116 2
117 2
118 11
119 2
120 2
121 2
122 2
123 2
124 2
125 2
126 2
127 2
128 2
129 3
130 2
131 2
132 2
133 3
134 2
135 3
136 3
137 3
138 3
139 2
140 2
141 2
142 3
143 3
144 3
145 3
146 2
147 3
148 2
149 3
150 2
151 2
152 3
153 3
154 3
155 3
156 3
157 3
158 3
159 3
160 2
161 3
162 3
163 3
164 3
165 3
166 2
167 3
168 3
169 3
170 3
171 3
172 3
173 3
174 3
175 3
176 3
177 2
178 3
179 2
180 3
181 3
182 2
183 3
184 3
185 3
186 3
187 3
188 3
189 3
190 3
191 3
192 2
193 3
194 2
195 3
196 3
197 3
198 3
199 3
200 3
201 3
202 3
203 3
204 3
205 3
206 3
207 3
208 3
209 3
210 3
211 3
212 3
213 3
214 3
215 3
216 3
217 3
218 3
219 3
220 3
221 3
222 27
223 27
224 27
225 10
226 12
227 27
228 27
229 16
230 27
231 27
232 14
233 4
234 4
235 4
236 4
237 4
238 4
239 4
240 4
241 4
242 4
243 4
244 4
245 4
246 4
247 4
248 4
249 4
250 4
251 4
252 4
253 4
254 4
255 4
256 4
257 4
258 4
259 4
260 4
261 4
262 5
263 4
264 15
265 4
266 4
267 6
268 4
269 6
270 7
271 26
272 26
273 0
274 13
275 24
276 5
277 19
278 24
279 26
280 21
281 21
282 5
283 21
284 24
285 5
286 5
287 5
288 5
289 21
290 24
291 24
292 21
293 24
294 5
295 21
296 18
297 21
298 21
299 24
300 24
301 18
302 26
303 0
304 24
305 24
306 24
307 21
308 24
309 26
310 18
311 21
312 5
313 24
314 24
315 26
316 24
317 26
318 24
319 24
320 24
321 18
322 24
323 24
324 26
325 18
326 25
327 25
328 26
329 26
330 26
331 5
332 4
333 6
334 6
335 6
336 6
337 1
338 4
339 4
340 4
341 4
342 23
343 4
344 4
345 15
346 23
347 6
348 15
349 4
350 4
351 4
352 26
353 4
354 4
355 4
356 27
357 4
358 4
359 4
360 4
361 4
362 26
363 4
364 23
365 4
366 4
367 4
368 26
369 4
370 4
371 4
372 26
373 4
374 4
375 4
376 4
377 26
378 4
379 4
380 4
381 26
382 4
383 4
384 4
385 4
386 4
387 4
388 4
389 4
390 1
391 7
392 24
393 23
394 7
395 0
396 0
397 7
398 7
399 8
400 27
401 7
402 7
403 0
404 0
405 7
406 27
407 0
408 27
409 27
410 0
411 0
412 0
413 27
414 7
415 7
416 7
417 0
418 0
419 7
420 0
421 7
422 7
423 0
424 7
425 0
426 7
427 0
428 0
429 7
430 0
431 7
432 0
433 0
434 6
435 4
436 7
437 4
438 6
439 4
440 6
441 0
442 6
443 0
444 7
445 1
446 6
447 6
448 6
449 6
450 7
451 7
452 7
453 7
454 7
455 7
456 7
457 7
458 7
459 7
460 6
461 7
462 7
463 6
464 7
465 7
466 7
467 6
468 7
469 7
470 7
471 7
472 0
473 6
474 6
475 7
476 7
477 25
478 6
479 12
480 12
481 5
482 7
483 7
484 25
485 7
486 7
487 7
488 4
489 12
490 4
491 25
492 5
493 5
494 25
495 6
496 25
497 25
498 1
499 12
500 6
501 1
502 7
503 8
504 8
505 7
506 7
507 7
508 5
509 7
510 7
511 7
512 7
513 7
514 27
515 7
516 8
517 7
518 7
519 7
520 7
521 4
522 7
523 9
524 9
525 0
526 9
527 0
528 9
529 0
530 0
531 9
532 16
533 0
534 0
535 27
536 21
537 17
538 27
539 27
540 27
541 27
542 0
543 0
544 0
545 0
546 0
547 0
548 27
549 0
550 0
551 0
552 0
553 0
554 0
555 0
556 0
557 0
558 0
559 0
560 17
561 0
562 0
563 0
564 0
565 0
566 0
567 0
568 0
569 0
570 0
571 0
572 0
573 0
574 0
575 0
576 5
577 0
578 5
579 0
580 0
581 17
582 0
583 0
584 10
585 0
586 0
587 0
588 0
589 0
590 0
591 0
592 5
593 17
594 0
595 5
596 5
597 5
598 0
599 0
600 5
601 5
602 5
603 5
604 5
605 5
606 5
607 10
608 5
609 0
610 5
611 5
612 4
613 5
614 5
615 5
616 0
617 5
618 10
619 5
620 10
621 0
622 0
623 0
624 0
625 0
626 0
627 0
628 0
629 0
630 0
631 0
632 0
633 5
634 0
635 5
636 27
637 5
638 5
639 0
640 5
641 5
642 10
643 5
644 5
645 5
646 5
647 5
648 5
649 0
650 0
651 0
652 5
653 5
654 5
655 5
656 5
657 10
658 10
659 10
660 5
661 10
662 10
663 5
664 5
665 5
666 5
667 5
668 5
669 5
670 5
671 7
672 0
673 27
674 5
675 1
676 9
677 7
678 1
679 1
680 4
681 1
682 7
683 7
684 27
685 2
686 3
687 0
688 3
689 3
690 0
691 0
692 2
693 7
694 7
695 27
696 0
697 7
698 3
699 7
700 0
701 7
702 7
703 7
704 5
705 27
706 7
707 7
708 7
709 7
710 16
711 7
712 4
713 7
714 7
715 27
716 10
717 16
718 16
719 10
720 16
721 7
722 16
723 16
724 7
725 7
726 7
727 16
728 16
729 4
730 11
731 11
732 11
733 11
734 11
735 3
736 3
737 11
738 11
739 11
740 3
741 9
742 11
743 0
744 4
745 0
746 0
747 0
748 3
749 3
750 11
751 0
752 0
753 3
754 26
755 4
756 7
757 17
758 4
759 17
760 7
761 0
762 7
763 1
764 0
765 7
766 0
767 1
768 7
769 7
770 7
771 7
772 7
773 7
774 1
775 0
776 7
777 0
778 7
779 0
780 0
781 7
782 18
783 0
784 7
785 26
786 6
787 26
788 12
789 12
790 12
791 12
792 12
793 12
794 12
795 12
796 4
797 12
798 12
799 12
800 12
801 12
802 22
803 22
804 22
805 22
806 22
807 22
808 22
809 2
810 22
811 22
812 12
813 5
814 12
815 12
816 12
817 12
818 12
819 12
820 12
821 12
822 12
823 12
824 12
825 12
826 12
827 12
828 12
829 13
830 13
831 13
832 13
833 13
834 12
835 12
836 12
837 13
838 13
839 13
840 13
841 12
842 13
843 13
844 13
845 13
846 24
847 12
848 13
849 13
850 13
851 12
852 13
853 13
854 13
855 13
856 12
857 12
858 12
859 13
860 13
861 14
862 14
863 14
864 14
865 14
866 14
867 14
868 14
869 14
870 14
871 14
872 14
873 14
874 14
875 14
876 14
877 14
878 14
879 14
880 14
881 14
882 14
883 14
884 14
885 14
886 14
887 14
888 14
889 14
890 14
891 14
892 14
893 14
894 14
895 14
896 14
897 14
898 14
899 15
900 15
901 15
902 15
903 15
904 15
905 15
906 15
907 15
908 15
909 15
910 15
911 15
912 15
913 15
914 15
915 15
916 15
917 15
918 15
919 15
920 15
921 14
922 14
923 14
924 14
925 13
926 13
927 13
928 6
929 4
930 0
931 16
932 1
933 4
934 16
935 1
936 16
937 6
938 16
939 16
940 16
941 16
942 6
943 1
944 1
945 1
946 1
947 4
948 1
949 1
950 18
951 1
952 1
953 8
954 1
955 8
956 1
957 1
958 1
959 16
960 16
961 4
962 6
963 16
964 5
965 16
966 4
967 4
968 4
969 4
970 4
971 4
972 4
973 10
974 7
975 18
976 7
977 17
978 17
979 17
980 17
981 17
982 17
983 17
984 17
985 17
986 17
987 17
988 17
989 17
990 17
991 17
992 17
993 17
994 17
995 17
996 17
997 17
998 17
999 17
1000 17
1001 17
1002 17
1003 17
1004 17
1005 17
1006 17
1007 17
1008 17
1009 17
1010 18
1011 16
1012 7
1013 18
1014 7
1015 18
1016 18
1017 4
1018 4
1019 4
1020 4
1021 4
1022 25
1023 4
1024 18
1025 6
1026 25
1027 23
1028 23
1029 4
1030 4
1031 4
1032 4
1033 4
1034 18
1035 4
1036 8
1037 18
1038 1
1039 4
1040 4
1041 4
1042 4
1043 4
1044 4
1045 18
1046 4
1047 7
1048 4
1049 4
1050 18
1051 4
1052 4
1053 4
1054 4
1055 4
1056 4
1057 4
1058 4
1059 4
1060 18
1061 4
1062 4
1063 7
1064 4
1065 18
1066 4
1067 4
1068 18
1069 4
1070 18
1071 4
1072 4
1073 4
1074 18
1075 4
1076 4
1077 16
1078 15
1079 15
1080 15
1081 15
1082 15
1083 15
1084 15
1085 15
1086 15
1087 15
1088 4
1089 15
1090 22
1091 22
1092 15
1093 15
1094 15
1095 15
1096 15
1097 15
1098 15
1099 22
1100 15
1101 15
1102 15
1103 15
1104 15
1105 15
1106 4
1107 26
1108 19
1109 5
1110 19
1111 19
1112 19
1113 19
1114 19
1115 19
1116 19
1117 19
1118 19
1119 19
1120 19
1121 19
1122 19
1123 19
1124 13
1125 19
1126 19
1127 12
1128 26
1129 13
1130 26
1131 19
1132 19
1133 13
1134 13
1135 12
1136 13
1137 19
1138 16
1139 19
1140 12
1141 20
1142 20
1143 20
1144 20
1145 24
1146 20
1147 20
1148 20
1149 20
1150 19
1151 20
1152 20
1153 19
1154 20
1155 20
1156 20
1157 20
1158 20
1159 20
1160 20
1161 20
1162 20
1163 19
1164 20
1165 20
1166 20
1167 20
1168 19
1169 20
1170 20
1171 20
1172 20
1173 20
1174 20
1175 19
1176 20
1177 12
1178 4
1179 22
1180 15
1181 15
1182 22
1183 22
1184 22
1185 21
1186 21
1187 22
1188 21
1189 6
1190 4
1191 14
1192 19
1193 13
1194 4
1195 4
1196 4
1197 6
1198 4
1199 4
1200 4
1201 6
1202 6
1203 4
1204 4
1205 13
1206 4
1207 4
1208 4
1209 6
1210 6
1211 4
1212 4
1213 4
1214 6
1215 4
1216 15
1217 4
1218 4
1219 13
1220 23
1221 23
1222 16
1223 16
1224 16
1225 13
1226 16
1227 15
1228 15
1229 15
1230 16
1231 15
1232 23
1233 10
1234 23
1235 4
1236 23
1237 21
1238 17
1239 23
1240 23
1241 23
1242 21
1243 21
1244 21
1245 19
1246 21
1247 16
1248 15
1249 12
1250 21
1251 21
1252 15
1253 15
1254 21
1255 21
1256 21
1257 4
1258 15
1259 12
1260 4
1261 19
1262 4
1263 4
1264 4
1265 4
1266 20
1267 4
1268 21
1269 23
1270 4
1271 4
1272 21
1273 15
1274 4
1275 16
1276 16
1277 15
1278 15
1279 15
1280 15
1281 21
1282 15
1283 4
1284 4
1285 4
1286 16
1287 16
1288 4
1289 15
1290 15
1291 15
1292 4
1293 21
1294 15
1295 22
1296 22
1297 22
1298 22
1299 15
1300 22
1301 22
1302 22
1303 21
1304 22
1305 22
1306 17
1307 18
1308 22
1309 15
1310 22
1311 22
1312 22
1313 22
1314 4
1315 22
1316 22
1317 22
1318 22
1319 21
1320 4
1321 21
1322 22
1323 4
1324 22
1325 22
1326 22
1327 22
1328 22
1329 22
1330 22
1331 21
1332 4
1333 15
1334 15
1335 21
1336 21
1337 21
1338 4
1339 21
1340 17
1341 15
1342 18
1343 17
1344 4
1345 23
1346 18
1347 23
1348 23
1349 23
1350 15
1351 23
1352 23
1353 23
1354 23
1355 23
1356 23
1357 23
1358 23
1359 23
1360 23
1361 23
1362 23
1363 23
1364 23
1365 23
1366 23
1367 23
1368 23
1369 23
1370 23
1371 23
1372 23
1373 23
1374 23
1375 23
1376 23
1377 23
1378 23
1379 23
1380 23
1381 23
1382 23
1383 23
1384 23
1385 23
1386 23
1387 23
1388 23
1389 23
1390 23
1391 23
1392 15
1393 24
1394 24
1395 26
1396 24
1397 24
1398 24
1399 24
1400 24
1401 24
1402 24
1403 24
1404 24
1405 24
1406 24
1407 24
1408 24
1409 24
1410 24
1411 24
1412 24
1413 24
1414 24
1415 24
1416 24
1417 24
1418 24
1419 24
1420 24
1421 24
1422 24
1423 24
1424 24
1425 24
1426 24
1427 24
1428 24
1429 24
1430 24
1431 24
1432 24
1433 24
1434 24
1435 24
1436 24
1437 24
1438 24
1439 24
1440 24
1441 24
1442 24
1443 24
1444 24
1445 24
1446 24
1447 24
1448 24
1449 24
1450 24
1451 24
1452 24
1453 24
1454 24
1455 24
1456 24
1457 24
1458 24
1459 24
1460 24
1461 24
1462 24
1463 12
1464 25
1465 25
1466 25
1467 25
1468 14
1469 25
1470 25
1471 25
1472 14
1473 25
1474 5
1475 25
1476 25
1477 25
1478 25
1479 25
1480 25
1481 25
1482 25
1483 25
1484 25
1485 24
1486 25
1487 15
1488 25
1489 25
1490 14
1491 25
1492 25
1493 14
1494 25
1495 25
1496 25
1497 25
1498 25
1499 25
1500 26
1501 26
1502 8
1503 26
1504 26
1505 26
1506 26
1507 6
1508 6
1509 6
1510 6
1511 6
1512 26
1513 6
1514 6
1515 26
1516 26
1517 6
1518 0
1519 6
1520 6
1521 6
1522 26
1523 6
1524 0
1525 26
1526 26
1527 26
1528 18
1529 6
1530 26
1531 26
1532 18
1533 18
1534 0
1535 26
1536 18
1537 26
1538 26
1539 26
1540 18
1541 18
1542 4
1543 24
1544 26
1545 26
1546 0
1547 26
1548 26
1549 26
1550 24
1551 24
1552 26
1553 24
1554 24
1555 26
1556 26
1557 24
1558 26
1559 24
1560 26
1561 0
1562 24
1563 0
1564 0
1565 26
1566 26
1567 0
1568 4
1569 4
1570 26
1571 3
1572 26
1573 0
1574 18
1575 18
1576 18
1577 8
1578 7
1579 18
1580 7
1581 18
1582 7
1583 7
1584 0
1585 7
1586 7
1587 7
1588 7
1589 26
1590 18
1591 26
1592 7
1593 7
1594 18
1595 0
1596 2
1597 18
1598 18
1599 27
1600 26
1601 7
1602 26
1603 26
1604 26
1605 0
1606 26
1607 26
1608 26
1609 26
1610 26
1611 26
1612 7
1613 24
1614 26
1615 27
1616 18
1617 0
1618 26
1619 18
1620 18
1621 26
1622 26
1623 26
1624 18
1625 26
1626 26
1627 26
1628 26
1629 26
1630 26
1631 2
1632 18
1633 26
1634 26
1635 18
1636 9
1637 26
1638 0
1639 26
1640 26
1641 26
1642 26
1643 26
1644 18
1645 27
1646 18
1647 26
1648 0
1649 27
1650 27
1651 0
1652 27
1653 26
1654 27
1655 16
1656 0
1657 26
1658 27
1659 26
1660 27
1661 14
1662 27
1663 26
1664 27
1665 26
1666 16
1667 0
1668 26
1669 27
1670 0
1671 0
1672 0
1673 18
1674 18
1675 18
1676 27
1677 2
1678 27
1679 8
1680 18
1681 0
1682 18
1683 18
1684 16
1685 26
1686 18
1687 11
1688 27
1689 2
1690 2
1691 18
1692 18
1693 18
1694 18
1695 2
1696 18
1697 2
1698 18
1699 16
1700 2
1701 27
1702 18
1703 18
1704 18
1705 0
1706 26
1707 18
1708 18
1709 27
1710 18
1711 18
1712 18
1713 18
1714 18
1715 18
1716 18
1717 18
1718 18
1719 18
1720 18
1721 18
1722 18
1723 18
1724 18
1725 18
1726 18
1727 1
1728 18
1729 1
1730 9
1731 18
1732 18
1733 18
1734 10
1735 24
1736 24
1737 24
1738 24
1739 24
1740 24
1741 24
1742 18
1743 18
1744 18
1745 18
1746 18
1747 27
1748 9
1749 27
1750 27
1751 27
1752 22
1753 4
1754 25
1755 6
1756 18
1757 16
1758 1
1759 24
