2 0
3 0
4 0
5 0
6 0
7 0
8 0
9 0
10 0
11 1
12 0
13 1
14 0
15 0
16 1
17 0
18 0
19 1
20 24
21 1
22 1
23 1
24 1
25 0
26 0
27 0
28 0
29 0
30 0
31 0
32 0
33 0
34 0
35 0
36 0
37 0
38 0
39 0
40 1
41 1
42 1
43 1
44 1
45 1
46 1
47 1
48 1
49 1
50 1
51 1
52 1
53 1
54 1
55 1
56 1
57 1
58 1
59 1
60 1
61 1
62 1
63 1
64 1
65 1
66 0
67 2
68 2
69 2
70 2
71 2
72 2
73 2
74 2
75 2
76 2
77 2
78 2
79 2
80 2
81 2
82 2
83 2
84 2
85 2
86 2
87 2
88 2
89 2
90 2
91 2
92 2
93 2
94 2
95 2
96 2
97 2
98 2
99 2
100 2
101 2
102 2
103 2
104 2
105 2
106 2
107 2
108 2
109 2
110 2
111 3
112 3
113 2
114 3
115 2
116 3
117 3
118 3
119 3
120 3
121 3
122 3
123 3
124 3
125 3
126 3
127 3
128 3
129 3
130 3
131 3
132 3
133 3
134 3
135 2
136 2
137 4
138 4
139 4
140 6
141 4
142 4
143 4
144 4
145 4
146 4
147 4
148 4
149 4
150 4
151 4
152 4
153 4
154 4
155 4
156 4
157 4
158 4
159 4
160 4
161 4
162 4
163 4
164 4
165 4
166 4
167 4
168 4
169 4
170 4
171 7
172 0
173 5
174 5
175 5
176 5
177 5
178 5
179 5
180 5
181 5
182 5
183 5
184 5
185 5
186 5
187 5
188 5
189 5
190 5
191 5
192 5
193 5
194 5
195 5
196 5
197 5
198 5
199 5
200 5
201 5
202 5
203 5
204 5
205 5
206 5
207 5
208 25
209 6
210 6
211 6
212 6
213 25
214 5
215 6
216 6
217 6
218 5
219 5
220 6
221 6
222 5
223 6
224 6
225 6
226 5
227 6
228 6
229 4
230 6
231 6
232 6
233 6
234 4
235 6
236 6
237 6
238 6
239 6
240 6
241 6
242 6
243 6
244 5
245 6
246 5
247 6
248 6
249 6
250 6
251 6
252 4
253 6
254 6
255 6
256 6
257 6
258 6
259 6
260 6
261 8
262 7
263 7
264 7
265 7
266 7
267 7
268 7
269 7
270 7
271 7
272 7
273 7
274 7
275 7
276 7
277 7
278 7
279 7
280 7
281 7
282 7
283 7
284 7
285 7
286 7
287 7
288 7
289 7
290 8
291 8
292 8
293 8
294 8
295 8
296 8
297 8
298 8
299 8
300 8
301 8
302 8
303 8
304 8
305 8
306 8
307 8
308 8
309 8
310 8
311 8
312 2
313 9
314 9
315 9
316 9
317 9
318 9
319 9
320 9
321 9
322 9
323 9
324 9
325 11
326 9
327 9
328 9
329 9
330 9
331 9
332 9
333 9
334 9
335 9
336 9
337 9
338 9
339 10
340 10
341 10
342 10
343 10
344 10
345 10
346 10
347 10
348 10
349 10
350 10
351 10
352 10
353 10
354 10
355 10
356 10
357 10
358 10
359 10
360 10
361 10
362 10
363 10
364 10
365 9
366 11
367 11
368 11
369 11
370 11
371 11
372 11
373 11
374 11
375 9
376 11
377 9
378 9
379 11
380 9
381 11
382 9
383 11
384 11
385 11
386 11
387 11
388 11
389 9
390 9
391 11
392 9
393 11
394 11
395 11
396 11
397 0
398 4
399 0
400 0
401 0
402 17
403 12
404 12
405 12
406 12
407 12
408 12
409 12
410 12
411 12
412 12
413 12
414 12
415 12
416 12
417 12
418 12
419 12
420 12
421 12
422 12
423 12
424 12
425 12
426 12
427 12
428 12
429 12
430 12
431 12
432 12
433 12
434 12
435 12
436 12
437 12
438 12
439 12
440 12
441 12
442 12
443 13
444 13
445 13
446 13
447 13
448 13
449 13
450 13
451 13
452 13
453 13
454 13
455 13
456 13
457 13
458 13
459 13
460 13
461 13
462 13
463 13
464 13
465 13
466 13
467 13
468 13
469 13
470 14
471 14
472 14
473 14
474 14
475 14
476 14
477 14
478 14
479 14
480 14
481 14
482 14
483 14
484 15
485 14
486 14
487 14
488 14
489 14
490 14
491 14
492 14
493 14
494 14
495 15
496 14
497 15
498 15
499 15
500 15
501 15
502 22
503 15
504 15
505 15
506 15
507 15
508 15
509 15
510 15
511 15
512 15
513 15
514 15
515 15
516 15
517 15
518 15
519 15
520 15
521 15
522 16
523 16
524 16
525 16
526 16
527 16
528 16
529 16
530 16
531 16
532 16
533 16
534 16
535 16
536 16
537 16
538 16
539 16
540 16
541 16
542 16
543 16
544 16
545 16
546 16
547 16
548 16
549 16
550 16
551 16
552 16
553 16
554 16
555 16
556 16
557 16
558 0
559 7
560 17
561 17
562 17
563 17
564 17
565 17
566 17
567 17
568 17
569 17
570 17
571 17
572 17
573 17
574 17
575 17
576 17
577 17
578 17
579 17
580 17
581 17
582 17
583 17
584 17
585 17
586 17
587 17
588 17
589 17
590 17
591 17
592 17
593 17
594 17
595 17
596 17
597 17
598 17
599 18
600 18
601 18
602 18
603 18
604 18
605 18
606 18
607 18
608 18
609 18
610 18
611 18
612 18
613 18
614 18
615 18
616 18
617 18
618 18
619 18
620 18
621 18
622 18
623 18
624 18
625 19
626 19
627 19
628 19
629 19
630 19
631 19
632 19
633 19
634 19
635 19
636 19
637 19
638 19
639 19
640 19
641 19
642 19
643 19
644 19
645 19
646 19
647 19
648 19
649 19
650 20
651 20
652 20
653 20
654 20
655 20
656 20
657 20
658 20
659 20
660 20
661 20
662 20
663 20
664 20
665 20
666 20
667 20
668 20
669 20
670 20
671 20
672 20
673 20
674 20
675 20
676 16
677 21
678 21
679 22
680 22
681 21
682 21
683 21
684 21
685 21
686 21
687 21
688 21
689 21
690 21
691 21
692 21
693 21
694 21
695 21
696 21
697 21
698 21
699 21
700 21
701 21
702 21
703 21
704 21
705 21
706 21
707 21
708 21
709 21
710 21
711 21
712 21
713 21
714 21
715 21
716 22
717 22
718 22
719 22
720 22
721 22
722 22
723 22
724 22
725 22
726 22
727 22
728 22
729 22
730 22
731 22
732 22
733 22
734 22
735 22
736 22
737 22
738 22
739 22
740 22
741 22
742 22
743 22
744 22
745 22
746 22
747 22
748 15
749 15
750 23
751 23
752 23
753 23
754 23
755 23
756 23
757 23
758 14
759 23
760 14
761 23
762 23
763 23
764 23
765 23
766 14
767 23
768 23
769 23
770 14
771 14
772 23
773 23
774 14
775 23
776 23
777 14
778 23
779 23
780 24
781 24
782 24
783 24
784 24
785 24
786 24
787 24
788 24
789 24
790 24
791 24
792 24
793 24
794 24
795 24
796 24
797 24
798 24
799 24
800 24
801 24
802 24
803 24
804 24
805 24
806 24
807 24
808 24
809 24
810 24
811 24
812 24
813 24
814 24
815 24
816 24
817 25
818 25
819 25
820 25
821 25
822 25
823 25
824 25
825 25
826 25
827 25
828 25
829 25
830 25
831 25
832 25
833 25
834 25
835 25
836 25
837 25
838 25
839 12
840 26
841 26
842 26
843 26
844 26
845 26
846 26
847 26
848 26
849 26
850 26
851 26
852 26
853 26
854 26
855 26
856 26
857 26
858 26
859 26
860 26
861 26
862 26
863 26
864 26
865 26
866 26
867 26
868 26
869 26
870 27
871 18
872 27
873 27
874 27
875 18
876 18
877 18
878 18
879 18
880 18
881 18
882 18
883 18
