2 0
3 0
4 0
5 0
6 0
7 0
8 0
9 0
10 0
11 0
12 0
13 0
14 0
15 0
16 0
17 0
18 0
19 0
20 0
21 0
22 0
23 0
24 0
25 0
26 0
27 0
28 0
29 0
30 0
31 0
32 0
33 0
34 0
35 0
36 0
37 0
38 0
39 0
40 0
41 1
42 1
43 1
44 1
45 1
46 1
47 1
48 1
49 1
50 1
51 1
52 1
53 1
54 1
55 1
56 1
57 1
58 1
59 1
60 1
61 1
62 1
63 1
64 1
65 1
66 1
67 1
68 1
69 1
70 2
71 2
72 2
73 2
74 2
75 2
76 2
77 2
78 2
79 2
80 2
81 2
82 2
83 2
84 27
85 2
86 2
87 11
88 2
89 2
90 16
91 2
92 2
93 27
94 4
95 2
96 2
97 6
98 2
99 2
100 2
101 27
102 2
103 2
104 2
105 2
106 2
107 2
108 11
109 2
110 2
111 2
112 2
113 2
114 2
115 2
116 3
117 2
118 2
119 2
120 2
121 2
122 2
123 2
124 2
125 2
126 2
127 2
128 2
129 2
130 2
131 2
132 2
133 2
134 2
135 2
136 2
137 2
138 2
139 2
140 2
141 2
142 2
143 2
144 2
145 2
146 2
147 2
148 2
149 2
150 2
151 2
152 2
153 2
154 2
155 2
156 2
157 2
158 2
159 2
160 2
161 2
162 2
163 2
164 2
165 2
166 2
167 2
168 2
169 2
170 2
171 2
172 2
173 2
174 2
175 2
176 2
177 2
178 3
179 3
180 3
181 3
182 3
183 3
184 3
185 3
186 3
187 3
188 3
189 3
190 3
191 3
192 3
193 3
194 3
195 3
196 3
197 3
198 3
199 3
200 3
201 3
202 3
203 3
204 3
205 3
206 3
207 3
208 3
209 3
210 3
211 3
212 3
213 3
214 3
215 2
216 2
217 2
218 2
219 7
220 4
221 6
222 5
223 4
224 4
225 4
226 4
227 4
228 4
229 4
230 4
231 4
232 4
233 4
234 4
235 4
236 16
237 4
238 4
239 4
240 4
241 4
242 4
243 4
244 4
245 4
246 4
247 4
248 4
249 4
250 4
251 4
252 4
253 4
254 4
255 0
256 4
257 4
258 4
259 2
260 4
261 0
262 4
263 4
264 5
265 11
266 0
267 5
268 5
269 5
270 5
271 5
272 5
273 5
274 5
275 5
276 5
277 5
278 5
279 5
280 5
281 5
282 5
283 5
284 5
285 5
286 5
287 5
288 5
289 5
290 5
291 5
292 5
293 5
294 5
295 5
296 5
297 5
298 5
299 5
300 5
301 5
302 5
303 18
304 5
305 6
306 6
307 6
308 6
309 6
310 6
311 6
312 6
313 6
314 6
315 6
316 6
317 6
318 4
319 6
320 6
321 6
322 6
323 6
324 6
325 6
326 6
327 6
328 6
329 6
330 6
331 6
332 6
333 6
334 6
335 6
336 6
337 6
338 6
339 6
340 6
341 6
342 6
343 6
344 6
345 6
346 6
347 6
348 6
349 6
350 6
351 6
352 6
353 6
354 6
355 6
356 6
357 6
358 6
359 6
360 6
361 6
362 6
363 12
364 8
365 8
366 8
367 7
368 7
369 7
370 7
371 7
372 7
373 7
374 7
375 7
376 7
377 7
378 7
379 7
380 7
381 7
382 7
383 7
384 7
385 7
386 7
387 7
388 7
389 7
390 7
391 7
392 7
393 7
394 7
395 8
396 8
397 8
398 8
399 8
400 8
401 8
402 8
403 8
404 8
405 8
406 8
407 8
408 8
409 8
410 8
411 8
412 8
413 8
414 8
415 8
416 8
417 8
418 8
419 8
420 8
421 8
422 8
423 2
424 2
425 9
426 9
427 9
428 9
429 9
430 9
431 9
432 9
433 9
434 9
435 9
436 9
437 9
438 11
439 11
440 9
441 9
442 9
443 9
444 9
445 9
446 11
447 11
448 11
449 9
450 0
451 9
452 9
453 9
454 11
455 11
456 9
457 11
458 9
459 9
460 11
461 11
462 9
463 9
464 10
465 10
466 10
467 10
468 10
469 10
470 10
471 10
472 10
473 10
474 10
475 10
476 10
477 10
478 10
479 10
480 10
481 10
482 10
483 10
484 10
485 10
486 10
487 10
488 10
489 10
490 10
491 10
492 9
493 9
494 11
495 11
496 11
497 11
498 11
499 11
500 11
501 11
502 11
503 11
504 11
505 11
506 3
507 11
508 11
509 11
510 11
511 11
512 11
513 11
514 11
515 11
516 11
517 11
518 11
519 11
520 11
521 0
522 0
523 7
524 0
525 24
526 17
527 0
528 12
529 12
530 12
531 12
532 12
533 12
534 12
535 12
536 13
537 13
538 13
539 12
540 12
541 13
542 12
543 12
544 12
545 12
546 12
547 12
548 12
549 12
550 12
551 12
552 12
553 12
554 12
555 12
556 12
557 12
558 12
559 12
560 12
561 12
562 12
563 12
564 12
565 12
566 12
567 12
568 12
569 12
570 12
571 12
572 12
573 13
574 13
575 13
576 13
577 13
578 13
579 13
580 13
581 13
582 13
583 13
584 13
585 13
586 13
587 13
588 13
589 13
590 13
591 13
592 13
593 13
594 13
595 13
596 13
597 13
598 13
599 15
600 14
601 14
602 14
603 14
604 14
605 14
606 14
607 14
608 14
609 14
610 14
611 14
612 14
613 14
614 14
615 14
616 14
617 14
618 14
619 14
620 14
621 14
622 14
623 14
624 14
625 14
626 14
627 15
628 15
629 22
630 15
631 15
632 15
633 22
634 15
635 15
636 15
637 15
638 15
639 15
640 15
641 15
642 15
643 15
644 15
645 15
646 15
647 15
648 15
649 15
650 15
651 15
652 15
653 6
654 6
655 16
656 16
657 16
658 0
659 2
660 16
661 16
662 16
663 16
664 16
665 16
666 16
667 16
668 16
669 16
670 16
671 16
672 16
673 16
674 16
675 16
676 16
677 16
678 16
679 16
680 16
681 16
682 16
683 16
684 16
685 16
686 16
687 16
688 16
689 17
690 17
691 17
692 17
693 17
694 17
695 17
696 17
697 17
698 17
699 17
700 17
701 17
702 17
703 17
704 17
705 17
706 17
707 17
708 17
709 17
710 17
711 17
712 17
713 17
714 17
715 17
716 17
717 17
718 17
719 17
720 17
721 17
722 17
723 17
724 17
725 17
726 17
727 17
728 17
729 17
730 17
731 17
732 17
733 17
734 17
735 17
736 17
737 17
738 17
739 17
740 17
741 18
742 18
743 18
744 18
745 18
746 18
747 18
748 18
749 18
750 18
751 18
752 18
753 18
754 18
755 18
756 18
757 18
758 18
759 18
760 18
761 18
762 18
763 18
764 18
765 18
766 18
767 18
768 18
769 18
770 18
771 18
772 18
773 8
774 19
775 19
776 19
777 19
778 19
779 19
780 19
781 19
782 19
783 19
784 19
785 19
786 19
787 19
788 19
789 19
790 19
791 19
792 19
793 19
794 19
795 19
796 19
797 19
798 19
799 19
800 19
801 19
802 19
803 19
804 19
805 19
806 19
807 20
808 20
809 20
810 20
811 20
812 20
813 20
814 20
815 20
816 20
817 20
818 20
819 20
820 20
821 20
822 20
823 20
824 20
825 20
826 20
827 20
828 20
829 20
830 20
831 20
832 20
833 19
834 12
835 21
836 15
837 21
838 21
839 21
840 21
841 23
842 22
843 21
844 15
845 15
846 21
847 21
848 21
849 21
850 23
851 15
852 21
853 21
854 15
855 21
856 21
857 12
858 21
859 15
860 21
861 21
862 21
863 21
864 12
865 15
866 12
867 21
868 12
869 21
870 22
871 22
872 15
873 15
874 22
875 15
876 15
877 22
878 22
879 22
880 22
881 22
882 22
883 22
884 22
885 22
886 22
887 22
888 15
889 15
890 22
891 22
892 22
893 15
894 22
895 22
896 15
897 15
898 15
899 22
900 15
901 15
902 22
903 15
904 22
905 15
906 23
907 23
908 23
909 23
910 23
911 23
912 23
913 23
914 23
915 23
916 23
917 23
918 23
919 23
920 23
921 23
922 23
923 23
924 23
925 23
926 23
927 23
928 23
929 12
930 23
931 23
932 23
933 23
934 13
935 14
936 15
937 24
938 24
939 24
940 24
941 24
942 24
943 24
944 24
945 24
946 24
947 24
948 24
949 24
950 24
951 24
952 24
953 24
954 24
955 24
956 24
957 24
958 24
959 24
960 24
961 24
962 24
963 24
964 24
965 24
966 24
967 24
968 24
969 24
970 24
971 24
972 24
973 24
974 24
975 25
976 25
977 25
978 25
979 25
980 25
981 5
982 25
983 25
984 25
985 25
986 25
987 25
988 25
989 25
990 25
991 25
992 25
993 25
994 25
995 25
996 25
997 25
998 6
999 14
1000 26
1001 26
1002 24
1003 24
1004 26
1005 26
1006 26
1007 26
1008 26
1009 26
1010 26
1011 26
1012 26
1013 26
1014 26
1015 26
1016 26
1017 26
1018 26
1019 26
1020 26
1021 26
1022 26
1023 26
1024 26
1025 26
1026 26
1027 26
1028 26
1029 26
1030 26
1031 26
1032 26
1033 26
1034 27
1035 18
1036 27
1037 27
1038 27
1039 0
1040 0
1041 27
1042 18
1043 18
1044 18
1045 1
1046 27
1047 27
1048 18
1049 27
1050 18
1051 18
1052 27
1053 18
1054 18
1055 18
1056 18
1057 18
1058 27
1059 27
1060 18
1061 27
1062 27
1063 27
1064 27
1065 27
1066 27
1067 27
1068 27
1069 27
1070 27
1071 27
1072 27
1073 27
1074 27
1075 27
1076 27
1077 27
