2 0
3 0
4 0
5 0
6 0
7 0
8 0
9 0
10 0
11 0
12 0
13 0
14 0
15 0
16 0
17 0
18 0
19 0
20 0
21 0
22 0
23 0
24 0
25 0
26 0
27 0
28 0
29 0
30 0
31 0
32 0
33 0
34 0
35 0
36 0
37 0
38 0
39 0
40 0
41 0
42 0
43 0
44 0
45 0
46 0
47 0
48 0
49 0
50 0
51 0
52 0
53 0
54 0
55 0
56 0
57 0
58 0
59 0
60 0
61 0
62 1
63 1
64 1
65 1
66 1
67 1
68 1
69 1
70 1
71 1
72 1
73 1
74 1
75 1
76 1
77 1
78 1
79 1
80 1
81 1
82 1
83 1
84 1
85 1
86 1
87 1
88 1
89 1
90 1
91 1
92 1
93 1
94 1
95 1
96 1
97 7
98 2
99 2
100 2
101 2
102 2
103 2
104 2
105 2
106 2
107 2
108 2
109 2
110 2
111 2
112 2
113 2
114 2
115 2
116 2
117 2
118 2
119 2
120 2
121 2
122 2
123 2
124 2
125 2
126 2
127 2
128 2
129 2
130 2
131 2
132 3
133 3
134 3
135 3
136 3
137 3
138 3
139 3
140 3
141 3
142 3
143 3
144 3
145 3
146 3
147 3
148 3
149 3
150 3
151 3
152 3
153 3
154 3
155 3
156 3
157 3
158 3
159 2
160 4
161 4
162 4
163 6
164 4
165 14
166 6
167 4
168 4
169 4
170 4
171 4
172 4
173 4
174 4
175 4
176 4
177 4
178 4
179 4
180 4
181 4
182 4
183 4
184 4
185 4
186 4
187 4
188 4
189 4
190 4
191 4
192 4
193 4
194 4
195 4
196 4
197 5
198 5
199 5
200 5
201 5
202 5
203 5
204 5
205 5
206 5
207 5
208 5
209 5
210 5
211 5
212 5
213 5
214 5
215 5
216 5
217 5
218 5
219 5
220 5
221 5
222 5
223 5
224 5
225 5
226 5
227 5
228 5
229 5
230 5
231 5
232 5
233 5
234 5
235 5
236 5
237 5
238 5
239 5
240 5
241 5
242 5
243 5
244 5
245 5
246 5
247 5
248 5
249 5
250 5
251 5
252 5
253 5
254 5
255 5
256 5
257 5
258 5
259 5
260 5
261 6
262 6
263 6
264 6
265 6
266 6
267 6
268 6
269 6
270 6
271 6
272 6
273 6
274 6
275 6
276 6
277 6
278 6
279 6
280 6
281 6
282 6
283 6
284 4
285 6
286 6
287 6
288 6
289 6
290 6
291 6
292 6
293 6
294 6
295 6
296 6
297 6
298 4
299 6
300 6
301 6
302 6
303 6
304 4
305 6
306 6
307 4
308 6
309 6
310 6
311 6
312 6
313 6
314 6
315 6
316 6
317 6
318 6
319 6
320 6
321 6
322 6
323 4
324 6
325 6
326 6
327 6
328 7
329 1
330 7
331 7
332 7
333 7
334 7
335 7
336 7
337 7
338 7
339 7
340 7
341 7
342 7
343 7
344 7
345 7
346 7
347 7
348 7
349 7
350 7
351 7
352 7
353 7
354 7
355 7
356 7
357 7
358 7
359 7
360 7
361 7
362 7
363 7
364 7
365 7
366 7
367 7
368 7
369 7
370 7
371 7
372 7
373 7
374 7
375 7
376 8
377 8
378 8
379 8
380 8
381 8
382 8
383 8
384 8
385 8
386 8
387 8
388 8
389 8
390 8
391 8
392 8
393 8
394 8
395 8
396 8
397 8
398 8
399 8
400 8
401 8
402 8
403 9
404 9
405 9
406 9
407 9
408 9
409 9
410 9
411 9
412 9
413 9
414 9
415 9
416 9
417 9
418 9
419 9
420 9
421 9
422 9
423 9
424 9
425 9
426 9
427 9
428 10
429 10
430 10
431 10
432 10
433 10
434 10
435 10
436 10
437 10
438 10
439 10
440 10
441 10
442 10
443 10
444 10
445 10
446 10
447 10
448 10
449 10
450 10
451 10
452 10
453 10
454 10
455 11
456 11
457 11
458 11
459 11
460 11
461 11
462 11
463 11
464 11
465 11
466 11
467 11
468 11
469 11
470 11
471 11
472 11
473 11
474 11
475 11
476 11
477 11
478 11
479 7
480 0
481 1
482 0
483 0
484 0
485 0
486 0
487 0
488 0
489 0
490 0
491 0
492 0
493 0
494 0
495 0
496 0
497 0
498 0
499 0
500 0
501 7
502 0
503 6
504 6
505 12
506 12
507 12
508 12
509 12
510 12
511 12
512 12
513 12
514 12
515 12
516 12
517 12
518 12
519 12
520 12
521 12
522 12
523 12
524 12
525 12
526 12
527 12
528 12
529 12
530 12
531 12
532 12
533 12
534 12
535 12
536 12
537 12
538 12
539 12
540 12
541 12
542 12
543 12
544 12
545 12
546 12
547 12
548 12
549 12
550 12
551 12
552 12
553 12
554 12
555 12
556 12
557 12
558 12
559 12
560 12
561 12
562 12
563 12
564 12
565 12
566 12
567 12
568 12
569 12
570 12
571 12
572 12
573 12
574 12
575 12
576 12
577 12
578 12
579 12
580 12
581 12
582 12
583 12
584 12
585 12
586 12
587 12
588 12
589 12
590 12
591 12
592 12
593 12
594 12
595 12
596 12
597 12
598 12
599 12
600 13
601 20
602 13
603 13
604 13
605 13
606 13
607 13
608 13
609 13
610 13
611 13
612 20
613 13
614 13
615 13
616 20
617 13
618 20
619 13
620 20
621 20
622 13
623 12
624 14
625 14
626 14
627 14
628 14
629 14
630 14
631 14
632 14
633 14
634 14
635 14
636 14
637 14
638 14
639 14
640 14
641 14
642 14
643 14
644 14
645 14
646 14
647 14
648 14
649 14
650 14
651 14
652 14
653 14
654 14
655 14
656 14
657 14
658 14
659 14
660 14
661 14
662 15
663 15
664 15
665 15
666 15
667 15
668 15
669 15
670 15
671 15
672 15
673 15
674 15
675 15
676 15
677 15
678 15
679 15
680 15
681 15
682 15
683 15
684 15
685 16
686 13
687 16
688 16
689 2
690 2
691 2
692 2
693 2
694 16
695 16
696 16
697 16
698 16
699 16
700 16
701 16
702 16
703 16
704 16
705 16
706 16
707 16
708 16
709 16
710 16
711 16
712 16
713 16
714 16
715 16
716 16
717 16
718 16
719 16
720 16
721 16
722 18
723 17
724 17
725 17
726 17
727 17
728 18
729 18
730 27
731 27
732 4
733 27
734 16
735 27
736 27
737 27
738 12
739 12
740 27
741 27
742 17
743 17
744 17
745 17
746 17
747 17
748 17
749 17
750 17
751 17
752 17
753 17
754 17
755 17
756 17
757 17
758 17
759 17
760 17
761 18
762 18
763 18
764 18
765 18
766 18
767 18
768 18
769 18
770 18
771 18
772 18
773 18
774 18
775 18
776 18
777 18
778 18
779 18
780 18
781 18
782 18
783 18
784 18
785 18
786 18
787 18
788 18
789 18
790 18
791 18
792 0
793 18
794 4
795 7
796 20
797 19
798 19
799 19
800 19
801 19
802 19
803 20
804 19
805 20
806 20
807 20
808 20
809 20
810 20
811 20
812 19
813 19
814 19
815 20
816 19
817 19
818 20
819 20
820 19
821 19
822 20
823 20
824 19
825 19
826 20
827 20
828 20
829 20
830 20
831 20
832 20
833 20
834 20
835 20
836 20
837 20
838 20
839 20
840 20
841 20
842 20
843 20
844 20
845 20
846 20
847 20
848 20
849 20
850 12
851 15
852 21
853 15
854 21
855 21
856 21
857 21
858 14
859 21
860 21
861 21
862 15
863 21
864 21
865 21
866 21
867 21
868 21
869 14
870 14
871 21
872 21
873 14
874 15
875 15
876 21
877 21
878 22
879 15
880 22
881 22
882 22
883 22
884 22
885 22
886 22
887 22
888 22
889 22
890 22
891 15
892 15
893 22
894 22
895 22
896 22
897 22
898 22
899 22
900 22
901 22
902 22
903 22
904 21
905 15
906 23
907 23
908 23
909 23
910 23
911 23
912 23
913 23
914 23
915 23
916 23
917 23
918 23
919 23
920 23
921 23
922 26
923 26
924 27
925 26
926 26
927 21
928 26
929 26
930 26
931 26
932 26
933 16
934 -1
935 -1
936 15
937 24
938 24
939 24
940 24
941 24
942 24
943 24
944 24
945 24
946 24
947 24
948 24
949 24
950 24
951 24
952 24
953 24
954 24
955 24
956 24
957 24
958 24
959 24
960 24
961 24
962 24
963 24
964 24
965 24
966 24
967 24
968 24
969 24
970 24
971 24
972 24
973 24
974 24
975 24
976 24
977 24
978 24
979 24
980 25
981 25
982 25
983 25
984 25
985 25
986 25
987 25
988 25
989 25
990 25
991 25
992 25
993 25
994 25
995 25
996 25
997 25
998 25
999 25
1000 25
1001 25
1002 25
1003 25
1004 25
1005 25
1006 25
1007 25
1008 25
1009 25
1010 24
1011 24
1012 24
1013 24
1014 24
1015 26
1016 26
1017 26
1018 26
1019 26
1020 26
1021 26
1022 26
1023 26
1024 26
1025 26
1026 26
1027 26
1028 26
1029 26
1030 26
1031 26
1032 26
1033 26
1034 26
1035 26
1036 26
1037 26
1038 26
1039 26
1040 26
1041 26
1042 26
1043 26
1044 26
1045 26
1046 26
1047 26
1048 26
1049 26
1050 26
1051 26
1052 26
1053 18
1054 18
1055 27
1056 0
1057 27
1058 27
1059 27
1060 27
1061 27
1062 27
1063 27
1064 27
1065 27
1066 27
1067 27
1068 27
