2 0
3 0
4 0
5 0
6 0
7 0
8 0
9 0
10 0
11 0
12 0
13 0
14 0
15 0
16 0
17 0
18 0
19 0
20 0
21 0
22 0
23 0
24 0
25 0
26 0
27 0
28 0
29 0
30 0
31 0
32 0
33 0
34 0
35 0
36 0
37 0
38 0
39 0
40 0
41 0
42 0
43 0
44 0
45 0
46 0
47 0
48 0
49 0
50 0
51 0
52 0
53 0
54 0
55 1
56 1
57 1
58 1
59 1
60 1
61 1
62 1
63 1
64 1
65 1
66 1
67 1
68 1
69 1
70 1
71 1
72 1
73 1
74 1
75 1
76 1
77 1
78 1
79 1
80 1
81 1
82 27
83 27
84 18
85 27
86 18
87 27
88 18
89 18
90 18
91 18
92 7
93 2
94 2
95 3
96 3
97 3
98 3
99 3
100 3
101 3
102 3
103 3
104 3
105 2
106 2
107 2
108 2
109 2
110 2
111 2
112 2
113 2
114 2
115 2
116 2
117 2
118 2
119 2
120 2
121 2
122 2
123 2
124 2
125 2
126 2
127 2
128 2
129 2
130 2
131 2
132 2
133 2
134 2
135 2
136 2
137 2
138 2
139 2
140 2
141 2
142 2
143 2
144 2
145 2
146 2
147 2
148 2
149 2
150 2
151 2
152 2
153 3
154 3
155 3
156 3
157 3
158 3
159 3
160 3
161 3
162 3
163 3
164 3
165 3
166 3
167 3
168 3
169 3
170 3
171 3
172 3
173 3
174 3
175 3
176 3
177 3
178 3
179 3
180 3
181 3
182 3
183 3
184 4
185 4
186 4
187 4
188 4
189 4
190 4
191 4
192 4
193 4
194 4
195 4
196 4
197 4
198 4
199 4
200 4
201 4
202 18
203 18
204 27
205 27
206 18
207 27
208 27
209 27
210 27
211 27
212 4
213 4
214 4
215 4
216 4
217 4
218 4
219 4
220 4
221 4
222 4
223 4
224 0
225 0
226 0
227 0
228 5
229 5
230 5
231 5
232 5
233 5
234 5
235 5
236 5
237 5
238 5
239 5
240 5
241 5
242 5
243 5
244 5
245 5
246 5
247 5
248 5
249 5
250 5
251 5
252 5
253 5
254 5
255 5
256 5
257 5
258 5
259 5
260 5
261 5
262 5
263 5
264 5
265 5
266 5
267 5
268 5
269 5
270 5
271 5
272 5
273 5
274 5
275 5
276 7
277 6
278 7
279 6
280 6
281 6
282 6
283 6
284 3
285 6
286 6
287 6
288 6
289 6
290 6
291 6
292 6
293 6
294 6
295 6
296 6
297 7
298 6
299 6
300 6
301 6
302 6
303 6
304 6
305 8
306 1
307 7
308 7
309 7
310 7
311 7
312 7
313 7
314 7
315 7
316 7
317 7
318 7
319 7
320 7
321 7
322 7
323 7
324 7
325 7
326 7
327 7
328 7
329 7
330 7
331 7
332 7
333 7
334 7
335 7
336 7
337 7
338 7
339 7
340 7
341 7
342 7
343 7
344 8
345 8
346 8
347 8
348 8
349 8
350 8
351 8
352 8
353 8
354 8
355 8
356 8
357 8
358 8
359 8
360 8
361 8
362 8
363 8
364 8
365 8
366 8
367 8
368 8
369 8
370 8
371 8
372 8
373 8
374 8
375 2
376 11
377 9
378 9
379 9
380 9
381 9
382 9
383 9
384 9
385 9
386 9
387 9
388 9
389 9
390 9
391 9
392 9
393 9
394 9
395 9
396 9
397 9
398 9
399 9
400 9
401 9
402 9
403 9
404 10
405 10
406 10
407 10
408 10
409 10
410 10
411 10
412 10
413 10
414 10
415 10
416 10
417 10
418 10
419 10
420 10
421 10
422 10
423 10
424 10
425 10
426 10
427 10
428 9
429 10
430 11
431 11
432 11
433 11
434 11
435 11
436 11
437 11
438 11
439 11
440 11
441 11
442 11
443 11
444 11
445 11
446 11
447 11
448 11
449 11
450 11
451 11
452 11
453 27
454 7
455 0
456 0
457 12
458 12
459 12
460 12
461 12
462 12
463 12
464 12
465 12
466 12
467 12
468 12
469 12
470 12
471 12
472 12
473 12
474 12
475 12
476 12
477 12
478 12
479 12
480 12
481 12
482 12
483 12
484 12
485 12
486 12
487 12
488 12
489 12
490 20
491 13
492 20
493 20
494 20
495 13
496 20
497 13
498 13
499 13
500 20
501 13
502 13
503 13
504 13
505 13
506 13
507 13
508 13
509 13
510 13
511 13
512 13
513 13
514 13
515 13
516 14
517 14
518 14
519 14
520 14
521 14
522 14
523 14
524 14
525 14
526 14
527 14
528 14
529 14
530 14
531 14
532 14
533 14
534 14
535 14
536 14
537 14
538 14
539 14
540 14
541 14
542 14
543 15
544 14
545 15
546 15
547 14
548 14
549 15
550 15
551 15
552 14
553 15
554 15
555 15
556 15
557 15
558 15
559 15
560 14
561 15
562 15
563 15
564 15
565 15
566 15
567 15
568 15
569 15
570 15
571 15
572 15
573 15
574 15
575 15
576 15
577 16
578 16
579 16
580 16
581 16
582 16
583 16
584 16
585 16
586 16
587 16
588 16
589 16
590 16
591 16
592 16
593 16
594 16
595 16
596 16
597 16
598 16
599 16
600 16
601 16
602 16
603 16
604 16
605 16
606 16
607 16
608 16
609 16
610 16
611 16
612 16
613 16
614 16
615 16
616 16
617 16
618 16
619 16
620 19
621 21
622 17
623 17
624 17
625 17
626 17
627 17
628 17
629 17
630 17
631 17
632 17
633 17
634 17
635 17
636 17
637 17
638 17
639 17
640 17
641 17
642 17
643 17
644 17
645 17
646 17
647 17
648 17
649 17
650 17
651 17
652 17
653 17
654 17
655 17
656 17
657 17
658 17
659 18
660 18
661 18
662 26
663 26
664 18
665 18
666 18
667 18
668 18
669 18
670 18
671 18
672 18
673 18
674 18
675 18
676 18
677 18
678 18
679 18
680 18
681 18
682 18
683 18
684 18
685 18
686 18
687 18
688 18
689 18
690 18
691 18
692 18
693 18
694 18
695 18
696 18
697 18
698 18
699 18
700 18
701 18
702 18
703 18
704 18
705 18
706 18
707 18
708 18
709 16
710 19
711 19
712 19
713 19
714 19
715 19
716 19
717 19
718 19
719 19
720 19
721 19
722 19
723 19
724 19
725 19
726 19
727 19
728 19
729 19
730 19
731 19
732 19
733 19
734 19
735 19
736 19
737 19
738 19
739 20
740 20
741 20
742 20
743 20
744 20
745 20
746 20
747 20
748 20
749 20
750 20
751 20
752 20
753 20
754 20
755 20
756 20
757 20
758 20
759 20
760 20
761 20
762 19
763 20
764 19
765 15
766 15
767 21
768 14
769 21
770 21
771 21
772 21
773 21
774 21
775 21
776 21
777 21
778 21
779 21
780 21
781 21
782 21
783 21
784 21
785 21
786 21
787 21
788 21
789 21
790 21
791 21
792 21
793 21
794 21
795 21
796 21
797 21
798 21
799 21
800 21
801 21
802 22
803 22
804 22
805 22
806 22
807 22
808 22
809 22
810 22
811 22
812 22
813 22
814 22
815 22
816 22
817 22
818 22
819 22
820 22
821 22
822 22
823 22
824 22
825 22
826 22
827 22
828 22
829 22
830 23
831 23
832 23
833 23
834 23
835 23
836 23
837 23
838 23
839 23
840 23
841 23
842 23
843 23
844 23
845 23
846 23
847 23
848 23
849 23
850 23
851 23
852 23
853 23
854 23
855 23
856 23
857 23
858 23
859 23
860 23
861 23
862 24
863 24
864 24
865 24
866 24
867 24
868 24
869 24
870 24
871 24
872 24
873 24
874 24
875 24
876 24
877 24
878 24
879 24
880 24
881 24
882 24
883 24
884 24
885 24
886 24
887 24
888 24
889 24
890 24
891 24
892 24
893 24
894 24
895 24
896 24
897 24
898 24
899 24
900 24
901 25
902 25
903 25
904 25
905 25
906 25
907 25
908 25
909 25
910 25
911 25
912 25
913 25
914 25
915 25
916 25
917 25
918 25
919 25
920 25
921 25
922 25
923 25
924 25
925 25
926 25
927 25
928 25
929 5
930 14
931 15
932 26
933 26
934 26
935 26
936 26
937 26
938 26
939 26
940 26
941 26
942 26
943 26
944 26
945 26
946 26
947 26
948 26
949 26
950 26
951 26
952 26
953 26
954 26
955 26
956 26
957 26
958 26
959 26
960 26
961 26
962 26
963 26
964 26
965 27
966 27
967 27
968 27
969 27
970 27
971 27
972 27
973 27
974 27
975 27
976 27
977 27
978 27
