2 -1
3 -1
4 -1
5 -1
6 -1
7 -1
8 -1
9 -1
10 -1
11 -1
12 -1
13 -1
14 -1
15 -1
16 -1
17 -1
18 -1
19 -1
20 -1
21 -1
22 -1
23 -1
24 -1
25 -1
26 -1
27 -1
28 -1
29 -1
30 -1
31 -1
32 0
33 0
34 0
35 0
36 0
37 0
38 0
39 0
40 0
41 0
42 0
43 0
44 0
45 0
46 0
47 0
48 0
49 0
50 0
51 0
52 0
53 0
54 0
55 0
56 0
57 0
58 0
59 0
60 0
61 7
62 0
63 0
64 0
65 0
66 0
67 0
68 0
69 0
70 0
71 1
72 0
73 1
74 1
75 1
76 1
77 1
78 0
79 0
80 0
81 1
82 1
83 1
84 1
85 1
86 0
87 1
88 1
89 0
90 1
91 0
92 1
93 1
94 0
95 1
96 1
97 1
98 0
99 1
100 1
101 1
102 1
103 0
104 0
105 1
106 0
107 1
108 1
109 0
110 1
111 1
112 1
113 0
114 1
115 0
116 2
117 2
118 3
119 3
120 3
121 3
122 3
123 3
124 3
125 3
126 3
127 3
128 3
129 3
130 3
131 3
132 2
133 3
134 3
135 3
136 3
137 3
138 3
139 3
140 3
141 3
142 3
143 3
144 3
145 3
146 3
147 3
148 3
149 3
150 3
151 3
152 3
153 3
154 3
155 2
156 3
157 3
158 2
159 3
160 3
161 3
162 3
163 3
164 3
165 3
166 3
167 3
168 3
169 3
170 3
171 2
172 2
173 2
174 2
175 2
176 2
177 2
178 2
179 2
180 2
181 2
182 2
183 2
184 2
185 2
186 2
187 2
188 2
189 2
190 2
191 2
192 2
193 2
194 2
195 2
196 2
197 2
198 2
199 2
200 2
201 2
202 2
203 2
204 2
205 2
206 3
207 2
208 2
209 2
210 2
211 2
212 2
213 2
214 2
215 2
216 2
217 2
218 2
219 2
220 2
221 2
222 2
223 2
224 2
225 2
226 2
227 2
228 2
229 2
230 2
231 2
232 2
233 2
234 2
235 2
236 2
237 2
238 2
239 2
240 2
241 2
242 2
243 2
244 3
245 2
246 2
247 2
248 2
249 3
250 2
251 2
252 2
253 2
254 2
255 2
256 2
257 2
258 2
259 2
260 2
261 2
262 2
263 2
264 2
265 2
266 2
267 3
268 2
269 2
270 2
271 2
272 2
273 2
274 2
275 2
276 2
277 3
278 3
279 2
280 3
281 3
282 2
283 3
284 3
285 2
286 3
287 3
288 3
289 3
290 3
291 3
292 3
293 3
294 3
295 3
296 3
297 3
298 3
299 3
300 3
301 3
302 3
303 3
304 3
305 3
306 3
307 3
308 3
309 3
310 3
311 3
312 3
313 3
314 3
315 3
316 3
317 3
318 3
319 3
320 3
321 3
322 3
323 3
324 3
325 3
326 3
327 3
328 3
329 3
330 3
331 3
332 3
333 3
334 3
335 3
336 3
337 3
338 3
339 3
340 3
341 3
342 3
343 3
344 3
345 3
346 3
347 3
348 3
349 3
350 3
351 3
352 3
353 3
354 3
355 2
356 2
357 3
358 2
359 10
360 2
361 3
362 4
363 4
364 4
365 4
366 4
367 4
368 4
369 4
370 4
371 4
372 4
373 4
374 4
375 4
376 4
377 4
378 4
379 4
380 4
381 4
382 4
383 4
384 4
385 4
386 4
387 4
388 4
389 4
390 4
391 4
392 4
393 4
394 4
395 4
396 4
397 4
398 4
399 4
400 4
401 4
402 4
403 4
404 4
405 4
406 4
407 4
408 4
409 4
410 4
411 4
412 4
413 4
414 4
415 16
416 6
417 5
418 5
419 5
420 5
421 5
422 5
423 5
424 5
425 5
426 5
427 5
428 5
429 5
430 5
431 5
432 5
433 5
434 5
435 5
436 5
437 5
438 5
439 5
440 5
441 5
442 5
443 5
444 0
445 5
446 5
447 5
448 5
449 5
450 5
451 5
452 5
453 5
454 5
455 5
456 0
457 5
458 5
459 5
460 5
461 5
462 5
463 0
464 5
465 5
466 6
467 5
468 6
469 6
470 5
471 6
472 1
473 6
474 6
475 1
476 25
477 6
478 25
479 6
480 6
481 6
482 6
483 5
484 5
485 5
486 6
487 6
488 1
489 6
490 23
491 23
492 16
493 0
494 0
495 0
496 0
497 18
498 0
499 18
500 18
501 1
502 6
503 6
504 6
505 6
506 6
507 6
508 6
509 5
510 24
511 27
512 0
513 27
514 26
515 18
516 27
517 0
518 0
519 18
520 0
521 0
522 5
523 27
524 0
525 24
526 24
527 5
528 6
529 5
530 18
531 18
532 15
533 4
534 4
535 18
536 27
537 27
538 27
539 5
540 5
541 5
542 18
543 18
544 18
545 27
546 24
547 6
548 6
549 6
550 6
551 6
552 15
553 15
554 6
555 15
556 26
557 6
558 6
559 6
560 6
561 16
562 16
563 6
564 6
565 6
566 6
567 6
568 6
569 6
570 6
571 6
572 6
573 6
574 6
575 6
576 6
577 6
578 6
579 6
580 6
581 6
582 4
583 6
584 6
585 6
586 6
587 6
588 6
589 6
590 6
591 6
592 6
593 6
594 6
595 6
596 6
597 6
598 6
599 6
600 6
601 6
602 6
603 6
604 6
605 6
606 6
607 6
608 6
609 6
610 6
611 6
612 6
613 6
614 6
615 6
616 6
617 6
618 6
619 6
620 6
621 6
622 6
623 6
624 6
625 6
626 6
627 6
628 6
629 6
630 6
631 6
632 6
633 6
634 6
635 6
636 6
637 6
638 6
639 6
640 6
641 6
642 6
643 6
644 6
645 6
646 6
647 6
648 6
649 6
650 6
651 6
652 6
653 6
654 6
655 6
656 6
657 6
658 6
659 6
660 6
661 6
662 6
663 6
664 6
665 6
666 6
667 6
668 7
669 7
670 7
671 7
672 7
673 7
674 7
675 7
676 7
677 7
678 7
679 7
680 7
681 7
682 7
683 7
684 7
685 7
686 7
687 7
688 7
689 7
690 7
691 7
692 7
693 7
694 15
695 14
696 14
697 14
698 14
699 14
700 14
701 6
702 25
703 14
704 14
705 6
706 7
707 14
708 7
709 14
710 7
711 7
712 7
713 7
714 14
715 5
716 6
717 5
718 13
719 6
720 5
721 14
722 14
723 6
724 14
725 6
726 5
727 5
728 5
729 14
730 7
731 7
732 7
733 7
734 7
735 7
736 7
737 7
738 7
739 7
740 7
741 7
742 7
743 7
744 7
745 7
746 7
747 7
748 7
749 7
750 7
751 7
752 8
753 7
754 8
755 8
756 7
757 7
758 7
759 7
760 7
761 7
762 7
763 7
764 7
765 7
766 7
767 7
768 7
769 8
770 7
771 7
772 7
773 7
774 7
775 7
776 8
777 7
778 8
779 8
780 7
781 7
782 7
783 7
784 7
785 7
786 7
787 8
788 7
789 8
790 8
791 5
792 5
793 7
794 8
795 7
796 7
797 5
798 7
799 8
800 5
801 7
802 7
803 7
804 7
805 7
806 7
807 7
808 5
809 5
810 5
811 7
812 14
813 6
814 14
815 16
816 14
817 16
818 14
819 16
820 2
821 14
822 14
823 6
824 14
825 15
826 14
827 14
828 14
829 14
830 4
831 4
832 14
833 0
834 4
835 6
836 6
837 14
838 6
839 6
840 14
841 16
842 16
843 16
844 14
845 14
846 6
847 14
848 6
849 6
850 6
851 3
852 6
853 16
854 14
855 25
856 6
857 14
858 14
859 14
860 14
861 14
862 14
863 4
864 14
865 14
866 14
867 16
868 14
869 14
870 14
871 4
872 16
873 14
874 14
875 14
876 14
877 14
878 6
879 13
880 14
881 14
882 14
883 14
884 14
885 14
886 14
887 14
888 3
889 14
890 14
891 14
892 14
893 14
894 14
895 14
896 6
897 6
898 6
899 14
900 14
901 14
902 14
903 14
904 14
905 14
906 2
907 16
908 6
909 2
910 2
911 14
912 6
913 2
914 14
915 2
916 14
917 2
918 14
919 2
920 2
921 2
922 2
923 8
924 2
925 2
926 2
927 2
928 2
929 2
930 2
931 2
932 2
933 2
934 16
935 6
936 16
937 2
938 2
939 4
940 16
941 14
942 7
943 2
944 14
945 14
946 2
947 2
948 14
949 14
950 2
951 14
952 13
953 27
954 16
955 2
956 7
957 2
958 14
959 16
960 9
961 14
962 2
963 2
964 2
965 2
966 14
967 2
968 0
969 2
970 2
971 14
972 2
973 2
974 2
975 2
976 16
977 14
978 7
979 2
980 8
981 14
982 2
983 2
984 2
985 2
986 2
987 0
988 2
989 2
990 2
991 2
992 7
993 25
994 14
995 14
996 2
997 2
998 2
999 2
1000 2
1001 2
1002 2
1003 2
1004 3
1005 14
1006 2
1007 2
1008 2
1009 2
1010 2
1011 2
1012 2
1013 2
1014 2
1015 2
1016 2
1017 2
1018 2
1019 6
1020 2
1021 14
1022 14
1023 7
1024 2
1025 2
1026 2
1027 2
1028 2
1029 2
1030 2
1031 2
1032 2
1033 2
1034 2
1035 2
1036 2
1037 2
1038 2
1039 2
1040 2
1041 2
1042 2
1043 2
1044 2
1045 2
1046 2
1047 2
1048 2
1049 2
1050 2
1051 2
1052 2
1053 2
1054 2
1055 2
1056 2
1057 2
1058 2
1059 2
1060 2
1061 2
1062 2
1063 2
1064 2
1065 2
1066 25
1067 2
1068 2
1069 1
1070 2
1071 2
1072 2
1073 2
1074 2
1075 2
1076 2
1077 2
1078 2
1079 2
1080 2
1081 2
1082 2
1083 2
1084 2
1085 2
1086 2
1087 2
1088 2
1089 2
1090 2
1091 2
1092 2
1093 2
1094 2
1095 2
1096 2
1097 2
1098 2
1099 2
1100 2
1101 2
1102 2
1103 2
1104 2
1105 2
1106 2
1107 2
1108 2
1109 2
1110 2
1111 2
1112 2
1113 2
1114 2
1115 2
1116 2
1117 2
1118 9
1119 2
1120 2
1121 2
1122 2
1123 2
1124 2
1125 2
1126 2
1127 2
1128 3
1129 2
1130 2
1131 2
1132 2
1133 2
1134 2
1135 2
1136 2
1137 2
1138 2
1139 2
1140 2
1141 2
1142 2
1143 25
1144 25
1145 2
1146 14
1147 2
1148 2
1149 3
1150 2
1151 2
1152 2
1153 2
1154 2
1155 2
1156 2
1157 2
1158 2
1159 2
1160 2
1161 2
1162 2
1163 13
1164 2
1165 14
1166 2
1167 14
1168 2
1169 3
1170 2
1171 14
1172 27
1173 2
1174 2
1175 2
1176 2
1177 2
1178 2
1179 3
1180 2
1181 2
1182 2
1183 0
1184 27
1185 25
1186 2
1187 3
1188 2
1189 2
1190 2
1191 2
1192 2
1193 2
1194 2
1195 2
1196 2
1197 2
1198 0
1199 2
1200 25
1201 2
1202 2
1203 2
1204 2
1205 2
1206 3
1207 2
1208 25
1209 2
1210 2
1211 2
1212 2
1213 3
1214 2
1215 2
1216 2
1217 2
1218 2
1219 2
1220 2
1221 2
1222 25
1223 2
1224 2
1225 2
1226 2
1227 2
1228 2
1229 2
1230 2
1231 2
1232 2
1233 2
1234 2
1235 2
1236 2
1237 2
1238 2
1239 2
1240 27
1241 2
1242 2
1243 3
1244 2
1245 2
1246 2
1247 2
1248 2
1249 2
1250 2
1251 2
1252 2
1253 2
1254 2
1255 2
1256 2
1257 3
1258 3
1259 2
1260 2
1261 2
1262 2
1263 2
1264 2
1265 2
1266 2
1267 3
1268 2
1269 2
1270 2
1271 2
1272 2
1273 2
1274 2
1275 2
1276 2
1277 4
1278 2
1279 2
1280 3
1281 2
1282 2
1283 2
1284 2
1285 2
1286 2
1287 2
1288 2
1289 27
1290 2
1291 2
1292 15
1293 15
1294 15
1295 15
1296 15
1297 15
1298 15
1299 15
1300 15
1301 13
1302 16
1303 4
1304 16
1305 16
1306 16
1307 16
1308 16
1309 16
1310 16
1311 16
1312 16
1313 16
1314 16
1315 16
1316 16
1317 16
1318 16
1319 16
1320 16
1321 16
1322 16
1323 16
1324 16
1325 16
1326 16
1327 16
1328 16
1329 16
1330 16
1331 16
1332 16
1333 16
1334 16
1335 16
1336 16
1337 16
1338 16
1339 16
1340 16
1341 16
1342 16
1343 16
1344 16
1345 16
1346 16
1347 16
1348 16
1349 16
1350 7
1351 2
1352 17
1353 17
1354 17
1355 17
1356 17
1357 17
1358 17
1359 17
1360 17
1361 17
1362 17
1363 17
1364 17
1365 17
1366 17
1367 17
1368 17
1369 17
1370 17
1371 17
1372 17
1373 17
1374 17
1375 17
1376 17
1377 17
1378 17
1379 17
1380 17
1381 17
1382 17
1383 17
1384 17
1385 17
1386 17
1387 17
1388 17
1389 17
1390 27
1391 17
1392 17
1393 17
1394 27
1395 3
1396 27
1397 1
1398 18
1399 18
1400 18
1401 18
1402 18
1403 18
1404 18
1405 18
1406 18
1407 18
1408 18
1409 18
1410 18
1411 1
1412 1
1413 18
1414 18
1415 1
1416 18
1417 1
1418 18
1419 18
1420 18
1421 18
1422 0
1423 18
1424 18
1425 18
1426 18
1427 18
1428 18
1429 18
1430 18
1431 18
1432 18
1433 18
1434 18
1435 18
1436 18
1437 18
1438 18
1439 18
1440 18
1441 18
1442 1
1443 2
1444 2
1445 2
1446 2
1447 2
1448 20
1449 19
1450 19
1451 19
1452 19
1453 19
1454 19
1455 19
1456 19
1457 19
1458 19
1459 19
1460 19
1461 19
1462 19
1463 19
1464 19
1465 19
1466 19
1467 19
1468 19
1469 19
1470 19
1471 16
1472 16
1473 19
1474 19
1475 20
1476 19
1477 19
1478 19
1479 19
1480 19
1481 19
1482 19
1483 20
1484 20
1485 20
1486 20
1487 20
1488 20
1489 20
1490 20
1491 20
1492 20
1493 20
1494 20
1495 20
1496 20
1497 20
1498 20
1499 20
1500 20
1501 20
1502 20
1503 20
1504 20
1505 20
1506 20
1507 20
1508 20
1509 20
1510 20
1511 20
1512 20
1513 20
1514 20
1515 20
1516 20
1517 20
1518 20
1519 20
1520 20
1521 20
1522 20
1523 20
1524 20
1525 7
1526 22
1527 22
1528 21
1529 21
1530 21
1531 21
1532 21
1533 21
1534 21
1535 21
1536 21
1537 21
1538 21
1539 21
1540 21
1541 21
1542 21
1543 21
1544 21
1545 21
1546 21
1547 21
1548 21
1549 21
1550 21
1551 21
1552 21
1553 21
1554 21
1555 21
1556 21
1557 21
1558 21
1559 21
1560 21
1561 21
1562 21
1563 21
1564 21
1565 21
1566 22
1567 22
1568 22
1569 22
1570 22
1571 22
1572 22
1573 22
1574 22
1575 22
1576 22
1577 22
1578 22
1579 22
1580 22
1581 22
1582 22
1583 22
1584 22
1585 22
1586 22
1587 22
1588 22
1589 22
1590 22
1591 22
1592 22
1593 22
1594 22
1595 22
1596 22
1597 22
1598 22
1599 22
1600 22
1601 22
1602 22
1603 22
1604 22
1605 22
1606 22
1607 21
1608 21
1609 22
1610 23
1611 23
1612 23
1613 23
1614 14
1615 21
1616 23
1617 23
1618 23
1619 16
1620 23
1621 16
1622 16
1623 19
1624 21
1625 21
1626 15
1627 21
1628 19
1629 23
1630 19
1631 23
1632 23
1633 23
1634 23
1635 23
1636 23
1637 23
1638 23
1639 16
1640 14
1641 23
1642 19
1643 19
1644 23
1645 14
1646 -1
1647 -1
1648 -1
1649 26
1650 26
1651 24
1652 10
1653 2
1654 17
1655 2
1656 2
1657 2
1658 2
1659 3
1660 2
1661 0
1662 24
1663 24
1664 24
1665 24
1666 24
1667 24
1668 24
1669 24
1670 24
1671 26
1672 24
1673 24
1674 24
1675 24
1676 24
1677 24
1678 24
1679 24
1680 24
1681 24
1682 24
1683 24
1684 24
1685 24
1686 24
1687 24
1688 24
1689 24
1690 24
1691 24
1692 24
1693 24
1694 24
1695 24
1696 24
1697 24
1698 24
1699 24
1700 24
1701 24
1702 18
1703 18
1704 8
1705 26
1706 26
1707 17
1708 26
1709 26
1710 26
1711 26
1712 24
1713 24
1714 24
1715 24
1716 24
1717 24
1718 24
1719 24
1720 24
1721 24
1722 25
1723 25
1724 25
1725 25
1726 25
1727 25
1728 25
1729 25
1730 25
1731 25
1732 25
1733 25
1734 25
1735 25
1736 25
1737 25
1738 25
1739 25
1740 25
1741 25
1742 25
1743 25
1744 25
1745 25
1746 25
1747 25
1748 25
1749 25
1750 25
1751 25
1752 25
1753 25
1754 25
1755 24
1756 24
1757 24
1758 24
1759 24
1760 24
1761 24
1762 24
1763 24
1764 24
1765 24
1766 24
1767 24
1768 24
1769 24
1770 24
1771 24
1772 24
1773 24
1774 15
1775 26
1776 26
1777 26
1778 26
1779 26
1780 26
1781 26
1782 26
1783 26
1784 26
1785 26
1786 26
1787 26
1788 26
1789 26
1790 26
1791 26
1792 26
1793 26
1794 26
1795 26
1796 26
1797 26
1798 26
1799 26
1800 26
1801 26
1802 26
1803 26
1804 26
1805 26
1806 26
1807 26
1808 26
1809 26
1810 26
1811 26
1812 26
1813 26
1814 26
1815 15
1816 14
1817 15
1818 25
1819 25
1820 25
1821 15
1822 17
1823 27
1824 27
1825 27
1826 27
1827 27
1828 27
1829 27
1830 27
1831 27
1832 27
1833 27
1834 27
1835 27
1836 27
1837 27
1838 27
1839 27
1840 27
1841 27
1842 27
1843 27
1844 27
1845 27
1846 27
