2 0
3 0
4 0
5 0
6 0
7 0
8 0
9 0
10 0
11 0
12 0
13 0
14 0
15 0
16 0
17 0
18 0
19 0
20 0
21 0
22 0
23 0
24 0
25 0
26 0
27 0
28 0
29 0
30 0
31 1
32 1
33 1
34 1
35 1
36 1
37 1
38 1
39 1
40 1
41 1
42 1
43 1
44 1
45 1
46 1
47 1
48 1
49 1
50 1
51 1
52 1
53 1
54 1
55 1
56 1
57 1
58 1
59 1
60 1
61 1
62 1
63 1
64 1
65 1
66 27
67 3
68 2
69 2
70 2
71 2
72 2
73 3
74 3
75 3
76 2
77 3
78 2
79 2
80 2
81 2
82 2
83 2
84 2
85 2
86 2
87 2
88 2
89 2
90 2
91 2
92 3
93 2
94 2
95 3
96 3
97 2
98 2
99 2
100 2
101 3
102 7
103 3
104 3
105 3
106 3
107 3
108 3
109 3
110 3
111 3
112 3
113 3
114 3
115 3
116 3
117 3
118 3
119 3
120 3
121 3
122 3
123 3
124 3
125 3
126 3
127 3
128 3
129 3
130 3
131 3
132 3
133 3
134 3
135 3
136 4
137 4
138 4
139 4
140 4
141 4
142 4
143 4
144 4
145 4
146 4
147 4
148 4
149 4
150 4
151 4
152 4
153 4
154 4
155 4
156 4
157 4
158 4
159 4
160 4
161 4
162 4
163 4
164 4
165 4
166 4
167 4
168 4
169 4
170 4
171 4
172 14
173 25
174 5
175 5
176 5
177 5
178 5
179 5
180 5
181 5
182 5
183 5
184 5
185 5
186 5
187 5
188 25
189 5
190 5
191 5
192 5
193 5
194 5
195 5
196 25
197 5
198 5
199 5
200 25
201 5
202 5
203 5
204 25
205 5
206 5
207 5
208 5
209 5
210 5
211 5
212 5
213 5
214 5
215 5
216 25
217 25
218 5
219 5
220 25
221 25
222 25
223 25
224 16
225 14
226 6
227 25
228 25
229 6
230 6
231 14
232 6
233 6
234 6
235 6
236 6
237 6
238 6
239 6
240 6
241 6
242 25
243 6
244 6
245 6
246 6
247 6
248 6
249 6
250 6
251 6
252 6
253 6
254 6
255 6
256 4
257 6
258 6
259 6
260 6
261 14
262 6
263 4
264 6
265 25
266 17
267 13
268 7
269 7
270 7
271 7
272 7
273 7
274 7
275 7
276 7
277 7
278 7
279 7
280 7
281 7
282 7
283 7
284 7
285 7
286 7
287 7
288 7
289 7
290 7
291 7
292 7
293 7
294 7
295 7
296 7
297 7
298 7
299 7
300 8
301 8
302 8
303 8
304 8
305 8
306 8
307 8
308 8
309 8
310 8
311 8
312 8
313 8
314 8
315 8
316 8
317 8
318 8
319 8
320 8
321 8
322 8
323 8
324 8
325 8
326 8
327 8
328 8
329 8
330 8
331 8
332 2
333 9
334 0
335 9
336 9
337 9
338 9
339 9
340 9
341 9
342 9
343 9
344 9
345 9
346 9
347 9
348 9
349 9
350 9
351 9
352 9
353 9
354 9
355 9
356 9
357 9
358 9
359 9
360 9
361 9
362 9
363 9
364 9
365 9
366 9
367 9
368 9
369 9
370 10
371 10
372 10
373 10
374 10
375 10
376 10
377 10
378 10
379 10
380 10
381 10
382 10
383 10
384 10
385 10
386 10
387 10
388 10
389 10
390 10
391 10
392 10
393 10
394 10
395 10
396 10
397 10
398 10
399 10
400 10
401 10
402 16
403 0
404 9
405 11
406 11
407 11
408 11
409 0
410 11
411 9
412 11
413 11
414 0
415 11
416 11
417 1
418 11
419 11
420 11
421 11
422 11
423 9
424 11
425 11
426 27
427 11
428 14
429 11
430 11
431 11
432 2
433 2
434 2
435 2
436 2
437 2
438 2
439 2
440 2
441 2
442 2
443 1
444 2
445 2
446 2
447 2
448 2
449 2
450 11
451 2
452 2
453 2
454 2
455 2
456 2
457 2
458 2
459 2
460 2
461 2
462 2
463 2
464 2
465 2
466 2
467 2
468 2
469 2
470 2
471 2
472 2
473 2
474 2
475 2
476 2
477 2
478 2
479 2
480 2
481 2
482 2
483 2
484 2
485 2
486 11
487 2
488 2
489 2
490 2
491 2
492 2
493 2
494 2
495 2
496 2
497 2
498 2
499 2
500 2
501 2
502 2
503 2
504 2
505 2
506 2
507 2
508 2
509 2
510 2
511 2
512 2
513 2
514 2
515 2
516 2
517 2
518 2
519 2
520 2
521 2
522 11
523 2
524 11
525 2
526 2
527 2
528 2
529 2
530 2
531 2
532 14
533 14
534 14
535 15
536 14
537 14
538 14
539 14
540 14
541 14
542 15
543 14
544 15
545 2
546 2
547 14
548 14
549 14
550 2
551 14
552 15
553 2
554 14
555 14
556 15
557 15
558 15
559 2
560 15
561 15
562 2
563 2
564 15
565 3
566 2
567 15
568 2
569 9
570 15
571 2
572 15
573 15
574 15
575 15
576 15
577 15
578 15
579 15
580 15
581 15
582 15
583 15
584 15
585 15
586 15
587 14
588 15
589 14
590 15
591 14
592 14
593 15
594 15
595 15
596 15
597 15
598 15
599 15
600 14
601 15
602 16
603 26
604 16
605 16
606 16
607 2
608 16
609 16
610 16
611 16
612 16
613 16
614 16
615 16
616 4
617 16
618 16
619 16
620 16
621 16
622 16
623 16
624 16
625 16
626 16
627 16
628 26
629 16
630 16
631 16
632 16
633 16
634 16
635 16
636 16
637 16
638 16
639 16
640 16
641 16
642 16
643 7
644 16
645 16
646 16
647 16
648 16
649 16
650 16
651 2
652 16
653 7
654 17
655 4
656 21
657 4
658 4
659 14
660 4
661 4
662 4
663 4
664 4
665 4
666 17
667 21
668 4
669 4
670 4
671 17
672 4
673 4
674 4
675 4
676 4
677 4
678 4
679 4
680 4
681 4
682 4
683 4
684 4
685 4
686 4
687 4
688 4
689 4
690 4
691 4
692 4
693 16
694 16
695 7
696 18
697 10
698 18
699 27
700 18
701 2
702 18
703 18
704 18
705 18
706 18
707 2
708 2
709 18
710 18
711 18
712 18
713 2
714 2
715 18
716 18
717 18
718 18
719 18
720 18
721 18
722 2
723 3
724 18
725 18
726 18
727 18
728 18
729 18
730 16
731 2
732 18
733 18
734 18
735 27
736 18
737 27
738 27
739 18
740 18
741 18
742 18
743 18
744 18
745 18
746 27
747 7
748 4
749 19
750 19
751 19
752 19
753 19
754 19
755 19
756 19
757 19
758 19
759 19
760 19
761 19
762 19
763 19
764 19
765 19
766 19
767 19
768 19
769 19
770 19
771 19
772 19
773 19
774 19
775 19
776 19
777 19
778 19
779 19
780 19
781 19
782 19
783 20
784 20
785 20
786 20
787 20
788 20
789 20
790 20
791 20
792 20
793 20
794 20
795 20
796 20
797 20
798 20
799 20
800 20
801 20
802 20
803 20
804 20
805 20
806 20
807 20
808 20
809 20
810 20
811 20
812 20
813 20
814 20
815 20
816 20
817 20
818 19
819 19
820 21
821 22
822 21
823 21
824 4
825 21
826 21
827 21
828 21
829 21
830 21
831 21
832 4
833 4
834 21
835 21
836 21
837 21
838 21
839 21
840 21
841 4
842 21
843 21
844 22
845 21
846 21
847 4
848 21
849 22
850 21
851 4
852 21
853 21
854 22
855 22
856 22
857 22
858 22
859 22
860 22
861 22
862 22
863 22
864 22
865 22
866 22
867 22
868 22
869 22
870 22
871 22
872 22
873 22
874 22
875 22
876 22
877 22
878 22
879 22
880 22
881 22
882 22
883 22
884 22
885 22
886 22
887 21
888 21
889 23
890 23
891 23
892 23
893 23
894 23
895 23
896 23
897 23
898 23
899 23
900 23
901 23
902 12
903 23
904 23
905 23
906 23
907 23
908 23
909 23
910 23
911 12
912 23
913 23
914 23
915 23
916 23
917 23
918 23
919 23
920 23
921 23
922 23
923 23
924 12
925 16
926 -1
927 -1
928 -1
929 -1
930 -1
931 26
932 -1
933 26
934 26
935 24
936 24
937 26
938 26
939 26
940 26
941 24
942 0
943 0
944 0
945 26
946 0
947 26
948 26
949 26
950 26
951 26
952 26
953 26
954 26
955 26
956 26
957 26
958 26
959 18
960 26
961 26
962 24
963 26
964 24
965 24
966 26
967 24
968 18
969 26
970 24
971 26
972 26
973 18
974 26
975 26
976 18
977 26
978 26
979 24
980 24
981 24
982 24
983 26
984 26
985 26
986 18
987 18
988 18
989 0
990 18
991 26
992 18
993 -1
994 24
995 24
996 24
997 24
998 24
999 24
1000 24
1001 24
1002 24
1003 24
1004 24
1005 24
1006 24
1007 24
1008 24
1009 24
1010 24
1011 24
1012 24
1013 24
1014 24
1015 24
1016 24
1017 24
1018 24
1019 24
1020 24
1021 24
1022 24
1023 24
1024 24
1025 24
1026 24
1027 24
1028 24
1029 24
1030 24
1031 24
1032 24
1033 24
1034 24
1035 27
1036 25
1037 25
1038 25
1039 25
1040 21
1041 15
1042 25
1043 25
1044 15
1045 25
1046 15
1047 25
1048 25
1049 25
1050 25
1051 25
1052 25
1053 25
1054 25
1055 25
1056 25
1057 25
1058 25
1059 25
1060 25
1061 25
1062 25
1063 25
1064 15
1065 25
1066 14
1067 14
1068 25
1069 25
1070 15
1071 25
1072 25
1073 25
1074 18
1075 14
1076 15
1077 15
1078 15
1079 15
1080 15
1081 26
1082 26
1083 26
1084 26
1085 26
1086 26
1087 15
1088 26
1089 26
1090 26
1091 15
1092 15
1093 26
1094 26
1095 15
1096 26
1097 26
1098 26
1099 26
1100 26
1101 26
1102 26
1103 26
1104 26
1105 26
1106 26
1107 26
1108 26
1109 26
1110 26
1111 26
1112 26
1113 26
1114 26
1115 26
1116 26
1117 26
1118 26
1119 26
1120 26
1121 26
1122 26
1123 26
1124 26
1125 26
1126 26
1127 26
1128 26
1129 26
1130 26
1131 26
1132 26
1133 26
1134 26
1135 26
1136 26
1137 26
1138 26
1139 26
1140 26
1141 26
1142 26
1143 26
1144 26
1145 26
1146 26
1147 26
1148 26
1149 26
1150 26
1151 26
1152 26
1153 26
1154 26
1155 14
1156 14
1157 27
1158 27
1159 27
1160 27
1161 18
1162 18
1163 18
1164 18
1165 18
1166 18
1167 18
1168 18
1169 18
1170 27
1171 18
1172 18
1173 18
1174 18
1175 18
1176 27
1177 27
1178 18
1179 27
1180 27
1181 18
1182 18
1183 18
