2 1
3 0
4 0
5 0
6 0
7 0
8 0
9 0
10 1
11 1
12 0
13 0
14 0
15 0
16 0
17 1
18 0
19 0
20 0
21 0
22 1
23 0
24 0
25 0
26 0
27 0
28 0
29 0
30 0
31 0
32 0
33 0
34 0
35 0
36 0
37 0
38 0
39 0
40 0
41 0
42 0
43 0
44 0
45 0
46 0
47 0
48 0
49 0
50 0
51 0
52 0
53 1
54 1
55 1
56 1
57 1
58 1
59 1
60 1
61 1
62 1
63 1
64 1
65 1
66 1
67 1
68 1
69 1
70 1
71 1
72 1
73 1
74 1
75 1
76 1
77 1
78 1
79 1
80 1
81 1
82 1
83 1
84 1
85 1
86 1
87 1
88 1
89 1
90 1
91 1
92 2
93 2
94 2
95 2
96 2
97 2
98 2
99 2
100 2
101 2
102 2
103 2
104 2
105 2
106 2
107 2
108 2
109 2
110 2
111 2
112 2
113 2
114 2
115 2
116 2
117 2
118 2
119 2
120 2
121 2
122 2
123 2
124 2
125 2
126 2
127 2
128 2
129 2
130 2
131 2
132 2
133 2
134 2
135 2
136 2
137 2
138 2
139 2
140 3
141 3
142 3
143 3
144 3
145 3
146 3
147 3
148 3
149 3
150 3
151 3
152 3
153 3
154 3
155 3
156 3
157 3
158 3
159 3
160 3
161 3
162 3
163 3
164 3
165 3
166 3
167 3
168 3
169 3
170 4
171 16
172 6
173 4
174 4
175 4
176 27
177 4
178 4
179 4
180 4
181 4
182 4
183 4
184 4
185 4
186 4
187 16
188 4
189 4
190 4
191 4
192 4
193 16
194 4
195 4
196 4
197 4
198 27
199 27
200 27
201 27
202 4
203 4
204 0
205 6
206 5
207 5
208 5
209 5
210 19
211 19
212 14
213 14
214 5
215 5
216 25
217 25
218 25
219 5
220 5
221 5
222 5
223 6
224 19
225 19
226 5
227 5
228 5
229 5
230 19
231 19
232 5
233 5
234 19
235 19
236 19
237 5
238 5
239 5
240 5
241 5
242 5
243 5
244 5
245 5
246 5
247 6
248 14
249 6
250 6
251 6
252 6
253 16
254 6
255 16
256 13
257 4
258 16
259 16
260 14
261 16
262 16
263 16
264 6
265 14
266 14
267 6
268 7
269 16
270 16
271 4
272 6
273 16
274 16
275 16
276 16
277 16
278 16
279 16
280 16
281 16
282 16
283 16
284 6
285 6
286 16
287 6
288 6
289 6
290 16
291 6
292 6
293 16
294 6
295 6
296 6
297 16
298 6
299 6
300 6
301 6
302 4
303 13
304 6
305 16
306 16
307 16
308 6
309 6
310 6
311 6
312 16
313 16
314 16
315 4
316 13
317 6
318 6
319 6
320 16
321 6
322 16
323 13
324 2
325 16
326 16
327 6
328 5
329 16
330 5
331 4
332 16
333 16
334 16
335 16
336 16
337 4
338 16
339 1
340 8
341 1
342 7
343 7
344 7
345 7
346 7
347 7
348 7
349 7
350 7
351 7
352 7
353 7
354 7
355 7
356 7
357 7
358 7
359 7
360 7
361 7
362 7
363 7
364 7
365 7
366 7
367 7
368 7
369 7
370 7
371 7
372 7
373 7
374 7
375 7
376 7
377 7
378 7
379 7
380 7
381 7
382 7
383 7
384 7
385 7
386 7
387 7
388 7
389 7
390 8
391 8
392 8
393 8
394 8
395 8
396 8
397 8
398 8
399 8
400 8
401 8
402 8
403 8
404 8
405 8
406 8
407 8
408 8
409 8
410 8
411 8
412 8
413 8
414 8
415 8
416 1
417 8
418 8
419 8
420 8
421 8
422 8
423 2
424 3
425 3
426 2
427 2
428 2
429 2
430 2
431 2
432 9
433 3
434 9
435 3
436 9
437 9
438 9
439 9
440 9
441 3
442 9
443 9
444 9
445 9
446 9
447 9
448 9
449 9
450 9
451 9
452 9
453 2
454 9
455 9
456 9
457 9
458 9
459 9
460 9
461 9
462 9
463 9
464 10
465 10
466 10
467 10
468 10
469 10
470 10
471 10
472 10
473 10
474 10
475 10
476 10
477 10
478 10
479 10
480 10
481 10
482 10
483 10
484 10
485 10
486 10
487 10
488 10
489 10
490 10
491 10
492 10
493 10
494 10
495 10
496 10
497 10
498 10
499 10
500 10
501 10
502 10
503 10
504 10
505 10
506 10
507 3
508 10
509 3
510 3
511 3
512 2
513 3
514 3
515 3
516 3
517 3
518 3
519 3
520 3
521 11
522 11
523 11
524 3
525 11
526 11
527 11
528 11
529 11
530 11
531 11
532 11
533 11
534 2
535 2
536 11
537 3
538 11
539 11
540 11
541 11
542 11
543 11
544 11
545 2
546 11
547 11
548 3
549 11
550 3
551 11
552 11
553 11
554 11
555 2
556 11
557 11
558 2
559 2
560 3
561 2
562 0
563 0
564 0
565 0
566 0
567 0
568 0
569 0
570 0
571 0
572 0
573 0
574 0
575 0
576 7
577 0
578 0
579 0
580 0
581 0
582 0
583 0
584 0
585 0
586 0
587 0
588 1
589 0
590 0
591 0
592 0
593 1
594 17
595 6
596 6
597 -1
598 -1
599 -1
600 -1
601 -1
602 -1
603 -1
604 4
605 3
606 -1
607 -1
608 27
609 16
610 10
611 27
612 -1
613 3
614 -1
615 -1
616 -1
617 3
618 -1
619 -1
620 -1
621 -1
622 -1
623 12
624 12
625 -1
626 12
627 12
628 12
629 12
630 -1
631 12
632 12
633 12
634 12
635 12
636 -1
637 -1
638 -1
639 -1
640 -1
641 -1
642 -1
643 12
644 12
645 12
646 12
647 12
648 4
649 12
650 12
651 12
652 12
653 12
654 4
655 12
656 12
657 12
658 12
659 12
660 12
661 4
662 12
663 12
664 12
665 4
666 12
667 12
668 12
669 4
670 4
671 12
672 12
673 12
674 12
675 12
676 4
677 12
678 12
679 12
680 12
681 12
682 4
683 12
684 4
685 12
686 12
687 12
688 12
689 12
690 12
691 4
692 4
693 12
694 12
695 12
696 12
697 12
698 12
699 4
700 12
701 4
702 4
703 4
704 12
705 12
706 12
707 12
708 4
709 12
710 12
711 12
712 4
713 4
714 12
715 6
716 16
717 4
718 12
719 12
720 12
721 4
722 12
723 13
724 13
725 13
726 13
727 13
728 13
729 13
730 12
731 13
732 13
733 27
734 27
735 13
736 4
737 27
738 27
739 13
740 13
741 13
742 12
743 13
744 13
745 19
746 16
747 26
748 13
749 13
750 13
751 13
752 13
753 4
754 13
755 13
756 13
757 13
758 4
759 13
760 4
761 12
762 13
763 13
764 4
765 12
766 14
767 16
768 16
769 14
770 14
771 14
772 14
773 14
774 14
775 14
776 14
777 14
778 14
779 14
780 14
781 14
782 14
783 14
784 23
785 15
786 15
787 15
788 11
789 22
790 23
791 13
792 10
793 18
794 18
795 24
796 24
797 24
798 20
799 11
800 0
801 26
802 26
803 26
804 26
805 26
806 26
807 26
808 26
809 26
810 26
811 26
812 15
813 24
814 25
815 18
816 18
817 0
818 27
819 13
820 13
821 3
822 3
823 0
824 15
825 0
826 7
827 13
828 13
829 13
830 13
831 13
832 13
833 27
834 23
835 18
836 14
837 18
838 2
839 2
840 3
841 14
842 14
843 14
844 14
845 14
846 14
847 14
848 14
849 14
850 14
851 14
852 14
853 14
854 14
855 14
856 14
857 14
858 14
859 14
860 14
861 14
862 14
863 14
864 15
865 14
866 14
867 14
868 15
869 14
870 14
871 14
872 14
873 14
874 14
875 14
876 14
877 14
878 14
879 14
880 15
881 14
882 14
883 14
884 14
885 14
886 14
887 14
888 14
889 14
890 14
891 14
892 14
893 14
894 14
895 14
896 14
897 14
898 14
899 14
900 15
901 15
902 14
903 14
904 14
905 15
906 14
907 14
908 14
909 15
910 15
911 15
912 15
913 14
914 14
915 14
916 15
917 14
918 14
919 15
920 14
921 15
922 14
923 14
924 14
925 14
926 14
927 14
928 14
929 14
930 14
931 15
932 14
933 14
934 14
935 15
936 14
937 14
938 14
939 15
940 15
941 15
942 15
943 15
944 15
945 15
946 14
947 15
948 15
949 14
950 14
951 15
952 15
953 15
954 15
955 14
956 14
957 15
958 15
959 15
960 15
961 15
962 15
963 15
964 15
965 15
966 15
967 15
968 15
969 14
970 15
971 15
972 15
973 15
974 15
975 15
976 15
977 15
978 15
979 15
980 15
981 15
982 15
983 15
984 16
985 4
986 4
987 4
988 3
989 3
990 4
991 3
992 3
993 16
994 4
995 16
996 4
997 13
998 16
999 4
1000 13
1001 16
1002 16
1003 16
1004 16
1005 16
1006 16
1007 16
1008 16
1009 16
1010 16
1011 16
1012 16
1013 4
1014 16
1015 16
1016 16
1017 6
1018 6
1019 16
1020 16
1021 4
1022 27
1023 27
1024 27
1025 27
1026 27
1027 27
1028 27
1029 27
1030 17
1031 17
1032 27
1033 17
1034 27
1035 17
1036 17
1037 17
1038 17
1039 17
1040 17
1041 17
1042 17
1043 17
1044 17
1045 17
1046 17
1047 17
1048 17
1049 17
1050 17
1051 17
1052 17
1053 17
1054 17
1055 17
1056 17
1057 17
1058 17
1059 17
1060 17
1061 17
1062 27
1063 17
1064 17
1065 17
1066 17
1067 27
1068 2
1069 16
1070 2
1071 23
1072 18
1073 27
1074 18
1075 2
1076 18
1077 18
1078 23
1079 23
1080 27
1081 27
1082 18
1083 27
1084 27
1085 27
1086 16
1087 16
1088 27
1089 16
1090 27
1091 27
1092 26
1093 16
1094 15
1095 27
1096 16
1097 23
1098 26
1099 27
1100 27
1101 27
1102 27
1103 16
1104 16
1105 19
1106 19
1107 16
1108 16
1109 19
1110 19
1111 16
1112 19
1113 19
1114 13
1115 19
1116 19
1117 20
1118 19
1119 19
1120 19
1121 19
1122 19
1123 19
1124 19
1125 19
1126 19
1127 19
1128 20
1129 19
1130 19
1131 20
1132 19
1133 20
1134 19
1135 20
1136 20
1137 20
1138 20
1139 20
1140 20
1141 20
1142 20
1143 20
1144 20
1145 20
1146 20
1147 20
1148 20
1149 20
1150 20
1151 20
1152 20
1153 20
1154 20
1155 20
1156 20
1157 20
1158 20
1159 20
1160 20
1161 20
1162 20
1163 20
1164 20
1165 20
1166 20
1167 4
1168 12
1169 4
1170 12
1171 4
1172 12
1173 27
1174 19
1175 12
1176 21
1177 21
1178 15
1179 15
1180 4
1181 21
1182 21
1183 21
1184 21
1185 21
1186 15
1187 21
1188 21
1189 21
1190 21
1191 15
1192 15
1193 15
1194 15
1195 15
1196 15
1197 15
1198 15
1199 15
1200 15
1201 15
1202 15
1203 15
1204 15
1205 15
1206 15
1207 15
1208 15
1209 15
1210 15
1211 21
1212 15
1213 15
1214 15
1215 15
1216 21
1217 14
1218 22
1219 22
1220 22
1221 22
1222 22
1223 15
1224 22
1225 15
1226 22
1227 15
1228 22
1229 22
1230 15
1231 22
1232 22
1233 16
1234 21
1235 22
1236 15
1237 22
1238 15
1239 12
1240 12
1241 22
1242 22
1243 22
1244 22
1245 22
1246 21
1247 22
1248 22
1249 16
1250 22
1251 22
1252 15
1253 21
1254 21
1255 21
1256 21
1257 22
1258 22
1259 15
1260 22
1261 15
1262 15
1263 15
1264 22
1265 22
1266 15
1267 21
1268 21
1269 15
1270 15
1271 15
1272 21
1273 21
1274 15
1275 21
1276 15
1277 15
1278 15
1279 27
1280 15
1281 15
1282 23
1283 4
1284 15
1285 15
1286 15
1287 15
1288 15
1289 15
1290 15
1291 23
1292 15
1293 15
1294 15
1295 15
1296 15
1297 23
1298 15
1299 23
1300 15
1301 15
1302 15
1303 15
1304 15
1305 23
1306 23
1307 15
1308 23
1309 23
1310 23
1311 15
1312 15
1313 15
1314 15
1315 15
1316 15
1317 15
1318 15
1319 15
1320 15
1321 15
1322 15
1323 15
1324 15
1325 23
1326 15
1327 15
1328 15
1329 15
1330 15
1331 14
1332 15
1333 15
1334 15
1335 23
1336 23
1337 15
1338 15
1339 14
1340 26
1341 25
1342 12
1343 24
1344 24
1345 24
1346 24
1347 24
1348 24
1349 24
1350 24
1351 24
1352 24
1353 24
1354 24
1355 24
1356 24
1357 24
1358 24
1359 24
1360 24
1361 24
1362 24
1363 24
1364 24
1365 24
1366 24
1367 24
1368 24
1369 24
1370 24
1371 24
1372 24
1373 24
1374 24
1375 24
1376 24
1377 24
1378 24
1379 24
1380 24
1381 24
1382 24
1383 24
1384 24
1385 25
1386 25
1387 25
1388 25
1389 25
1390 25
1391 25
1392 25
1393 25
1394 25
1395 25
1396 25
1397 25
1398 25
1399 25
1400 25
1401 25
1402 25
1403 25
1404 25
1405 25
1406 25
1407 25
1408 25
1409 25
1410 25
1411 25
1412 25
1413 27
1414 27
1415 27
1416 27
1417 27
1418 27
1419 27
1420 27
1421 27
1422 2
1423 2
1424 2
1425 2
1426 26
1427 2
1428 2
1429 26
1430 26
1431 26
1432 26
1433 26
1434 26
1435 26
1436 26
1437 26
1438 26
1439 26
1440 26
1441 26
1442 26
1443 26
1444 26
1445 26
1446 26
1447 26
1448 26
1449 26
1450 26
1451 26
1452 26
1453 26
1454 26
1455 26
1456 26
1457 26
1458 26
1459 26
1460 26
1461 26
1462 26
1463 26
1464 26
1465 26
1466 26
1467 26
1468 26
1469 26
1470 26
1471 26
1472 18
1473 27
1474 27
1475 27
1476 27
1477 27
1478 27
1479 27
1480 27
1481 27
1482 27
1483 27
1484 27
1485 27
1486 27
1487 27
1488 27
1489 27
1490 27
1491 27
1492 27
1493 27
1494 27
1495 27
1496 27
1497 27
1498 27
1499 27
1500 27
1501 27
1502 27
1503 27
1504 27
1505 27
1506 27
1507 27
1508 27
1509 27
1510 27
1511 27
1512 27
1513 27
1514 27
1515 27
1516 27
1517 27
1518 27
1519 27
1520 27
1521 27
1522 27
1523 27
1524 27
1525 27
1526 27
