2 -1
3 -1
4 -1
5 -1
6 -1
7 -1
8 -1
9 -1
10 -1
11 -1
12 0
13 0
14 1
15 0
16 0
17 0
18 0
19 0
20 0
21 0
22 0
23 2
24 3
25 0
26 0
27 0
28 0
29 0
30 0
31 2
32 2
33 11
34 0
35 2
36 0
37 27
38 23
39 27
40 16
41 2
42 1
43 1
44 1
45 1
46 1
47 1
48 1
49 1
50 1
51 1
52 1
53 1
54 1
55 1
56 1
57 0
58 1
59 1
60 1
61 1
62 1
63 1
64 1
65 1
66 1
67 1
68 1
69 1
70 0
71 1
72 0
73 1
74 1
75 0
76 1
77 1
78 1
79 2
80 2
81 2
82 2
83 2
84 2
85 2
86 2
87 2
88 2
89 2
90 2
91 2
92 2
93 2
94 3
95 2
96 2
97 2
98 2
99 2
100 2
101 2
102 2
103 2
104 2
105 2
106 2
107 2
108 2
109 2
110 2
111 2
112 2
113 2
114 2
115 2
116 3
117 3
118 3
119 3
120 3
121 3
122 3
123 3
124 3
125 3
126 3
127 3
128 3
129 3
130 3
131 3
132 3
133 3
134 3
135 3
136 3
137 3
138 3
139 3
140 3
141 3
142 3
143 3
144 3
145 3
146 3
147 3
148 3
149 2
150 2
151 4
152 4
153 4
154 4
155 4
156 4
157 4
158 4
159 4
160 4
161 4
162 4
163 4
164 4
165 4
166 4
167 4
168 4
169 4
170 4
171 4
172 4
173 4
174 4
175 4
176 4
177 4
178 4
179 4
180 4
181 4
182 6
183 5
184 5
185 5
186 25
187 5
188 5
189 5
190 25
191 25
192 5
193 5
194 5
195 5
196 25
197 5
198 25
199 25
200 5
201 25
202 25
203 25
204 25
205 5
206 25
207 25
208 25
209 5
210 5
211 5
212 5
213 5
214 5
215 5
216 5
217 25
218 25
219 25
220 18
221 16
222 25
223 25
224 6
225 25
226 6
227 6
228 6
229 5
230 5
231 6
232 16
233 18
234 18
235 18
236 0
237 18
238 18
239 0
240 18
241 18
242 0
243 18
244 18
245 26
246 25
247 25
248 6
249 6
250 6
251 6
252 6
253 6
254 6
255 6
256 25
257 6
258 6
259 6
260 6
261 6
262 6
263 6
264 6
265 6
266 6
267 6
268 6
269 6
270 6
271 6
272 6
273 6
274 6
275 6
276 6
277 6
278 6
279 6
280 6
281 6
282 6
283 6
284 4
285 6
286 6
287 6
288 6
289 6
290 6
291 6
292 27
293 7
294 7
295 7
296 7
297 7
298 7
299 7
300 7
301 7
302 7
303 7
304 7
305 7
306 7
307 7
308 7
309 7
310 7
311 7
312 7
313 7
314 7
315 7
316 7
317 7
318 7
319 7
320 7
321 7
322 7
323 7
324 7
325 7
326 8
327 8
328 8
329 8
330 8
331 8
332 8
333 8
334 8
335 8
336 8
337 8
338 8
339 8
340 8
341 8
342 8
343 8
344 8
345 8
346 8
347 8
348 8
349 8
350 8
351 8
352 8
353 8
354 8
355 8
356 8
357 8
358 8
359 3
360 2
361 9
362 9
363 9
364 9
365 9
366 9
367 9
368 9
369 9
370 9
371 9
372 9
373 9
374 9
375 9
376 9
377 9
378 9
379 9
380 9
381 9
382 9
383 9
384 9
385 9
386 9
387 9
388 9
389 9
390 9
391 9
392 9
393 9
394 10
395 9
396 10
397 10
398 10
399 10
400 10
401 10
402 10
403 10
404 10
405 10
406 10
407 10
408 10
409 10
410 10
411 10
412 10
413 10
414 10
415 10
416 10
417 10
418 10
419 10
420 10
421 10
422 10
423 10
424 10
425 10
426 10
427 10
428 10
429 11
430 11
431 11
432 11
433 11
434 11
435 11
436 11
437 11
438 11
439 11
440 11
441 11
442 11
443 11
444 11
445 11
446 11
447 11
448 11
449 11
450 11
451 11
452 11
453 11
454 11
455 11
456 11
457 11
458 11
459 11
460 11
461 11
462 11
463 16
464 2
465 3
466 0
467 0
468 0
469 0
470 0
471 0
472 0
473 0
474 0
475 0
476 0
477 0
478 0
479 18
480 0
481 12
482 12
483 12
484 12
485 12
486 12
487 12
488 12
489 12
490 12
491 12
492 12
493 12
494 12
495 12
496 12
497 12
498 12
499 12
500 12
501 13
502 5
503 12
504 4
505 12
506 13
507 12
508 12
509 12
510 12
511 5
512 12
513 12
514 5
515 12
516 12
517 12
518 12
519 12
520 12
521 12
522 12
523 12
524 12
525 12
526 12
527 12
528 12
529 12
530 12
531 12
532 12
533 12
534 13
535 13
536 13
537 13
538 13
539 13
540 13
541 13
542 13
543 13
544 13
545 13
546 12
547 13
548 13
549 13
550 13
551 13
552 13
553 13
554 13
555 13
556 13
557 13
558 13
559 13
560 13
561 13
562 13
563 13
564 13
565 13
566 13
567 13
568 13
569 13
570 13
571 13
572 13
573 12
574 12
575 -1
576 -1
577 -1
578 14
579 14
580 14
581 14
582 14
583 14
584 14
585 14
586 14
587 14
588 14
589 14
590 14
591 14
592 14
593 14
594 14
595 14
596 14
597 14
598 14
599 14
600 14
601 14
602 14
603 14
604 14
605 14
606 14
607 14
608 14
609 14
610 14
611 14
612 14
613 14
614 14
615 14
616 14
617 14
618 14
619 14
620 14
621 14
622 14
623 14
624 14
625 14
626 14
627 14
628 14
629 14
630 14
631 14
632 14
633 14
634 14
635 14
636 14
637 14
638 14
639 14
640 14
641 14
642 14
643 14
644 14
645 14
646 14
647 14
648 14
649 14
650 15
651 14
652 14
653 14
654 14
655 14
656 14
657 14
658 14
659 14
660 14
661 14
662 14
663 14
664 15
665 15
666 15
667 14
668 14
669 15
670 14
671 15
672 14
673 14
674 16
675 14
676 14
677 15
678 15
679 14
680 16
681 15
682 14
683 15
684 14
685 15
686 15
687 14
688 15
689 15
690 15
691 15
692 14
693 15
694 14
695 14
696 15
697 14
698 14
699 14
700 14
701 15
702 15
703 14
704 15
705 14
706 14
707 15
708 15
709 14
710 15
711 15
712 15
713 15
714 15
715 15
716 15
717 15
718 15
719 15
720 15
721 15
722 15
723 15
724 15
725 15
726 15
727 15
728 15
729 15
730 15
731 15
732 15
733 15
734 15
735 15
736 15
737 15
738 15
739 15
740 15
741 15
742 15
743 15
744 15
745 15
746 15
747 15
748 15
749 15
750 15
751 15
752 15
753 14
754 14
755 15
756 15
757 15
758 15
759 15
760 15
761 15
762 15
763 15
764 15
765 15
766 15
767 15
768 15
769 15
770 15
771 15
772 15
773 15
774 15
775 15
776 15
777 15
778 15
779 15
780 15
781 15
782 15
783 15
784 15
785 15
786 15
787 15
788 15
789 15
790 15
791 15
792 15
793 15
794 16
795 16
796 16
797 16
798 16
799 16
800 16
801 16
802 16
803 16
804 16
805 16
806 16
807 16
808 16
809 16
810 16
811 16
812 16
813 16
814 16
815 16
816 16
817 16
818 16
819 16
820 16
821 16
822 16
823 16
824 16
825 16
826 4
827 16
828 16
829 6
830 16
831 16
832 16
833 16
834 16
835 16
836 16
837 16
838 16
839 16
840 16
841 16
842 16
843 16
844 16
845 16
846 16
847 16
848 16
849 16
850 16
851 16
852 16
853 16
854 16
855 16
856 16
857 16
858 2
859 27
860 17
861 17
862 17
863 17
864 27
865 17
866 17
867 17
868 17
869 17
870 17
871 17
872 17
873 17
874 17
875 17
876 17
877 17
878 17
879 17
880 27
881 17
882 17
883 17
884 17
885 17
886 17
887 17
888 17
889 17
890 17
891 17
892 17
893 17
894 17
895 17
896 16
897 17
898 17
899 17
900 17
901 17
902 17
903 17
904 17
905 17
906 7
907 7
908 16
909 16
910 27
911 18
912 27
913 0
914 27
915 2
916 0
917 3
918 18
919 18
920 18
921 18
922 18
923 18
924 18
925 18
926 18
927 18
928 18
929 18
930 18
931 18
932 1
933 18
934 18
935 18
936 18
937 18
938 18
939 18
940 18
941 18
942 18
943 18
944 1
945 18
946 18
947 18
948 18
949 18
950 18
951 1
952 18
953 0
954 18
955 18
956 18
957 18
958 18
959 18
960 18
961 18
962 27
963 18
964 1
965 18
966 16
967 18
968 16
969 27
970 18
971 1
972 1
973 18
974 18
975 18
976 18
977 18
978 18
979 18
980 18
981 18
982 18
983 18
984 18
985 18
986 18
987 18
988 26
989 27
990 18
991 18
992 18
993 18
994 18
995 18
996 18
997 18
998 18
999 27
1000 18
1001 18
1002 18
1003 18
1004 16
1005 18
1006 18
1007 18
1008 18
1009 18
1010 18
1011 18
1012 18
1013 18
1014 18
1015 18
1016 18
1017 18
1018 27
1019 18
1020 18
1021 18
1022 18
1023 27
1024 18
1025 18
1026 18
1027 18
1028 27
1029 27
1030 0
1031 0
1032 27
1033 7
1034 27
1035 27
1036 27
1037 27
1038 18
1039 27
1040 27
1041 27
1042 7
1043 27
1044 1
1045 7
1046 18
1047 27
1048 18
1049 7
1050 27
1051 27
1052 27
1053 18
1054 1
1055 27
1056 27
1057 18
1058 27
1059 27
1060 27
1061 27
1062 27
1063 18
1064 27
1065 27
1066 27
1067 27
1068 27
1069 27
1070 27
1071 18
1072 27
1073 27
1074 27
1075 1
1076 27
1077 27
1078 27
1079 27
1080 1
1081 27
1082 27
1083 27
1084 27
1085 27
1086 27
1087 27
1088 18
1089 27
1090 27
1091 27
1092 18
1093 18
1094 27
1095 27
1096 27
1097 27
1098 27
1099 27
1100 7
1101 27
1102 27
1103 27
1104 27
1105 27
1106 18
1107 27
1108 27
1109 27
1110 27
1111 18
1112 18
1113 27
1114 27
1115 18
1116 27
1117 8
1118 16
1119 19
1120 19
1121 19
1122 19
1123 19
1124 19
1125 19
1126 19
1127 19
1128 19
1129 19
1130 19
1131 19
1132 19
1133 19
1134 19
1135 19
1136 19
1137 19
1138 19
1139 19
1140 19
1141 19
1142 19
1143 19
1144 16
1145 19
1146 19
1147 19
1148 19
1149 19
1150 19
1151 19
1152 19
1153 19
1154 19
1155 16
1156 19
1157 19
1158 19
1159 19
1160 19
1161 20
1162 20
1163 20
1164 20
1165 20
1166 20
1167 20
1168 20
1169 20
1170 20
1171 20
1172 20
1173 20
1174 20
1175 20
1176 20
1177 20
1178 20
1179 20
1180 20
1181 20
1182 20
1183 20
1184 20
1185 20
1186 20
1187 20
1188 20
1189 20
1190 20
1191 20
1192 20
1193 20
1194 20
1195 20
1196 20
1197 2
1198 20
1199 20
1200 20
1201 20
1202 20
1203 20
1204 20
1205 20
1206 20
1207 20
1208 20
1209 20
1210 20
1211 20
1212 20
1213 20
1214 20
1215 20
1216 20
1217 20
1218 20
1219 20
1220 20
1221 20
1222 16
1223 20
1224 20
1225 20
1226 20
1227 20
1228 20
1229 20
1230 20
1231 20
1232 20
1233 20
1234 20
1235 20
1236 20
1237 20
1238 20
1239 16
1240 20
1241 20
1242 20
1243 20
1244 20
1245 20
1246 20
1247 20
1248 20
1249 20
1250 20
1251 20
1252 20
1253 20
1254 20
1255 20
1256 20
1257 20
1258 20
1259 20
1260 20
1261 20
1262 20
1263 20
1264 20
1265 20
1266 20
1267 20
1268 20
1269 20
1270 20
1271 21
1272 22
1273 15
1274 22
1275 22
1276 22
1277 22
1278 21
1279 21
1280 21
1281 21
1282 21
1283 21
1284 21
1285 21
1286 21
1287 21
1288 21
1289 21
1290 21
1291 21
1292 21
1293 21
1294 21
1295 21
1296 21
1297 21
1298 21
1299 21
1300 19
1301 21
1302 21
1303 21
1304 21
1305 21
1306 21
1307 21
1308 21
1309 21
1310 21
1311 22
1312 21
1313 22
1314 22
1315 22
1316 22
1317 22
1318 22
1319 22
1320 22
1321 22
1322 22
1323 22
1324 22
1325 22
1326 22
1327 22
1328 22
1329 22
1330 22
1331 22
1332 22
1333 22
1334 22
1335 22
1336 22
1337 22
1338 22
1339 22
1340 22
1341 22
1342 22
1343 22
1344 22
1345 22
1346 22
1347 22
1348 22
1349 22
1350 22
1351 17
1352 23
1353 4
1354 23
1355 23
1356 23
1357 23
1358 23
1359 15
1360 23
1361 23
1362 23
1363 23
1364 23
1365 4
1366 23
1367 4
1368 23
1369 23
1370 23
1371 23
1372 15
1373 23
1374 23
1375 23
1376 15
1377 23
1378 15
1379 23
1380 23
1381 23
1382 23
1383 23
1384 23
1385 15
1386 23
1387 23
1388 23
1389 4
1390 23
1391 23
1392 -1
1393 16
1394 18
1395 26
1396 26
1397 26
1398 24
1399 26
1400 26
1401 26
1402 24
1403 26
1404 26
1405 24
1406 24
1407 26
1408 24
1409 26
1410 26
1411 26
1412 26
1413 26
1414 26
1415 24
1416 24
1417 26
1418 26
1419 24
1420 24
1421 24
1422 24
1423 24
1424 24
1425 24
1426 24
1427 24
1428 24
1429 24
1430 24
1431 24
1432 24
1433 24
1434 24
1435 24
1436 24
1437 24
1438 24
1439 24
1440 24
1441 24
1442 24
1443 24
1444 24
1445 24
1446 24
1447 24
1448 24
1449 24
1450 24
1451 24
1452 24
1453 24
1454 24
1455 24
1456 24
1457 24
1458 24
1459 24
1460 25
1461 25
1462 25
1463 25
1464 25
1465 25
1466 25
1467 25
1468 25
1469 25
1470 25
1471 25
1472 25
1473 25
1474 25
1475 25
1476 25
1477 25
1478 25
1479 25
1480 25
1481 25
1482 25
1483 25
1484 25
1485 25
1486 25
1487 25
1488 25
1489 25
1490 25
1491 25
1492 25
1493 25
1494 25
1495 25
1496 25
1497 25
1498 25
1499 24
1500 24
1501 24
1502 24
1503 24
1504 24
1505 24
1506 24
1507 24
1508 24
1509 24
1510 24
1511 14
1512 15
1513 26
1514 26
1515 26
1516 26
1517 26
1518 26
1519 26
1520 26
1521 26
1522 26
1523 26
1524 26
1525 26
1526 26
1527 26
1528 26
1529 26
1530 26
1531 26
1532 26
1533 26
1534 26
1535 26
1536 26
1537 26
1538 26
1539 26
1540 26
1541 26
1542 26
1543 26
1544 26
1545 26
1546 26
1547 26
1548 26
1549 26
1550 26
1551 26
1552 26
1553 26
1554 26
1555 26
1556 26
1557 26
1558 26
1559 26
1560 14
1561 18
1562 27
1563 27
1564 27
1565 27
1566 27
1567 27
1568 18
1569 27
1570 27
1571 27
1572 27
1573 27
1574 27
1575 18
1576 27
1577 27
1578 27
1579 18
1580 18
1581 27
1582 27
1583 18
1584 27
1585 27
1586 27
1587 18
1588 18
1589 18
1590 18
1591 18
1592 27
1593 18
1594 18
1595 18
1596 18
1597 18
1598 18
1599 18
1600 27
1601 18
1602 18
1603 27
1604 27
1605 18
1606 18
1607 18
1608 18
1609 27
1610 18
1611 27
1612 18
1613 27
1614 27
1615 18
1616 27
1617 27
