2 0
3 0
4 0
5 0
6 0
7 0
8 0
9 0
10 0
11 0
12 0
13 0
14 0
15 0
16 0
17 0
18 0
19 0
20 0
21 0
22 0
23 0
24 0
25 1
26 0
27 0
28 1
29 0
30 0
31 0
32 0
33 0
34 0
35 0
36 0
37 0
38 0
39 0
40 0
41 0
42 0
43 0
44 0
45 0
46 0
47 1
48 0
49 0
50 1
51 0
52 0
53 0
54 0
55 2
56 0
57 0
58 3
59 3
60 3
61 3
62 2
63 2
64 3
65 2
66 2
67 3
68 3
69 3
70 2
71 0
72 0
73 0
74 0
75 0
76 0
77 0
78 0
79 0
80 0
81 0
82 0
83 0
84 0
85 0
86 0
87 0
88 0
89 0
90 0
91 0
92 0
93 0
94 0
95 0
96 0
97 0
98 0
99 0
100 0
101 0
102 0
103 0
104 0
105 0
106 0
107 0
108 0
109 0
110 0
111 0
112 0
113 0
114 0
115 0
116 0
117 0
118 0
119 0
120 0
121 0
122 0
123 0
124 0
125 0
126 0
127 0
128 0
129 0
130 0
131 0
132 0
133 0
134 0
135 0
136 0
137 0
138 0
139 0
140 0
141 0
142 0
143 1
144 1
145 1
146 1
147 1
148 1
149 1
150 1
151 1
152 1
153 1
154 1
155 1
156 1
157 1
158 1
159 1
160 1
161 1
162 1
163 1
164 1
165 1
166 1
167 1
168 1
169 1
170 1
171 1
172 1
173 1
174 1
175 1
176 1
177 1
178 7
179 0
180 2
181 2
182 2
183 2
184 2
185 2
186 2
187 2
188 2
189 2
190 2
191 2
192 2
193 2
194 2
195 2
196 2
197 2
198 2
199 2
200 2
201 2
202 2
203 2
204 2
205 2
206 2
207 2
208 2
209 2
210 2
211 2
212 2
213 2
214 2
215 2
216 2
217 2
218 2
219 2
220 2
221 2
222 2
223 2
224 2
225 2
226 2
227 2
228 2
229 2
230 2
231 2
232 2
233 2
234 3
235 2
236 2
237 3
238 3
239 2
240 2
241 2
242 3
243 2
244 2
245 3
246 2
247 3
248 2
249 3
250 2
251 3
252 2
253 3
254 3
255 2
256 2
257 3
258 2
259 2
260 3
261 3
262 2
263 2
264 3
265 2
266 3
267 3
268 3
269 3
270 3
271 3
272 2
273 3
274 2
275 3
276 3
277 3
278 3
279 3
280 3
281 3
282 3
283 3
284 3
285 3
286 3
287 3
288 3
289 3
290 3
291 3
292 3
293 3
294 3
295 2
296 2
297 2
298 3
299 3
300 3
301 3
302 3
303 3
304 3
305 3
306 3
307 3
308 3
309 3
310 3
311 3
312 3
313 4
314 4
315 4
316 4
317 4
318 4
319 4
320 4
321 4
322 4
323 4
324 4
325 4
326 4
327 26
328 4
329 4
330 4
331 4
332 4
333 4
334 4
335 4
336 4
337 4
338 4
339 4
340 4
341 4
342 4
343 4
344 4
345 4
346 4
347 6
348 6
349 4
350 4
351 4
352 4
353 4
354 4
355 4
356 4
357 27
358 4
359 4
360 4
361 4
362 14
363 2
364 2
365 2
366 2
367 2
368 2
369 2
370 2
371 2
372 4
373 4
374 4
375 4
376 4
377 4
378 4
379 4
380 4
381 4
382 16
383 4
384 4
385 4
386 4
387 4
388 4
389 6
390 4
391 4
392 4
393 4
394 4
395 4
396 4
397 4
398 4
399 4
400 4
401 4
402 4
403 4
404 4
405 4
406 4
407 4
408 16
409 16
410 13
411 5
412 6
413 5
414 16
415 5
416 5
417 5
418 5
419 5
420 5
421 5
422 5
423 19
424 5
425 19
426 19
427 5
428 19
429 19
430 5
431 5
432 25
433 5
434 25
435 5
436 5
437 25
438 25
439 5
440 5
441 5
442 5
443 5
444 5
445 5
446 5
447 5
448 5
449 5
450 5
451 16
452 25
453 5
454 25
455 16
456 6
457 6
458 6
459 4
460 25
461 6
462 6
463 13
464 6
465 6
466 6
467 6
468 5
469 6
470 5
471 5
472 16
473 6
474 6
475 5
476 5
477 16
478 6
479 5
480 7
481 16
482 6
483 6
484 16
485 6
486 6
487 6
488 21
489 14
490 6
491 4
492 7
493 7
494 7
495 7
496 7
497 7
498 7
499 7
500 7
501 7
502 7
503 7
504 7
505 7
506 7
507 7
508 7
509 7
510 7
511 7
512 7
513 7
514 7
515 7
516 7
517 7
518 7
519 7
520 7
521 7
522 7
523 7
524 7
525 7
526 7
527 7
528 7
529 7
530 7
531 8
532 8
533 8
534 8
535 8
536 8
537 8
538 8
539 8
540 8
541 8
542 8
543 8
544 8
545 8
546 8
547 8
548 8
549 8
550 8
551 8
552 8
553 8
554 2
555 2
556 2
557 2
558 9
559 9
560 9
561 9
562 9
563 9
564 9
565 9
566 9
567 9
568 9
569 9
570 9
571 9
572 9
573 9
574 9
575 9
576 9
577 9
578 9
579 9
580 9
581 9
582 9
583 9
584 9
585 9
586 9
587 9
588 9
589 9
590 9
591 9
592 9
593 9
594 9
595 9
596 9
597 9
598 9
599 9
600 9
601 9
602 9
603 9
604 9
605 9
606 9
607 9
608 9
609 9
610 9
611 9
612 9
613 9
614 9
615 9
616 9
617 9
618 9
619 9
620 9
621 9
622 9
623 9
624 9
625 9
626 9
627 9
628 9
629 9
630 9
631 9
632 9
633 9
634 9
635 9
636 9
637 9
638 9
639 9
640 10
641 9
642 9
643 9
644 9
645 10
646 9
647 9
648 9
649 9
650 9
651 9
652 27
653 2
654 19
655 18
656 6
657 9
658 9
659 4
660 27
661 21
662 10
663 10
664 9
665 10
666 10
667 10
668 10
669 9
670 10
671 10
672 9
673 10
674 10
675 10
676 9
677 10
678 10
679 10
680 10
681 10
682 10
683 10
684 10
685 10
686 10
687 10
688 10
689 10
690 10
691 10
692 10
693 9
694 2
695 2
696 2
697 2
698 2
699 2
700 2
701 3
702 2
703 2
704 11
705 9
706 9
707 9
708 9
709 9
710 11
711 9
712 9
713 9
714 9
715 9
716 9
717 9
718 9
719 9
720 9
721 9
722 9
723 9
724 9
725 9
726 9
727 9
728 9
729 9
730 9
731 9
732 9
733 9
734 9
735 9
736 9
737 9
738 9
739 9
740 9
741 9
742 9
743 9
744 9
745 9
746 9
747 9
748 9
749 9
750 9
751 9
752 9
753 11
754 9
755 9
756 9
757 11
758 11
759 11
760 0
761 6
762 16
763 16
764 6
765 0
766 25
767 5
768 25
769 12
770 12
771 22
772 12
773 12
774 12
775 12
776 12
777 12
778 12
779 12
780 12
781 12
782 12
783 12
784 12
785 12
786 12
787 12
788 12
789 12
790 12
791 12
792 12
793 12
794 12
795 12
796 12
797 12
798 12
799 12
800 12
801 12
802 12
803 12
804 12
805 12
806 12
807 12
808 12
809 12
810 12
811 12
812 12
813 12
814 12
815 12
816 12
817 12
818 12
819 12
820 12
821 4
822 12
823 12
824 12
825 12
826 12
827 12
828 12
829 12
830 12
831 12
832 13
833 13
834 13
835 13
836 13
837 13
838 13
839 13
840 13
841 13
842 13
843 13
844 13
845 13
846 13
847 13
848 13
849 13
850 13
851 13
852 13
853 13
854 13
855 13
856 13
857 13
858 13
859 13
860 13
861 12
862 16
863 19
864 16
865 15
866 14
867 14
868 14
869 14
870 14
871 14
872 2
873 2
874 2
875 3
876 2
877 2
878 1
879 2
880 2
881 2
882 14
883 14
884 14
885 14
886 14
887 14
888 14
889 15
890 14
891 14
892 14
893 14
894 14
895 14
896 14
897 14
898 14
899 14
900 14
901 14
902 14
903 14
904 14
905 14
906 14
907 14
908 14
909 14
910 14
911 14
912 15
913 14
914 14
915 14
916 14
917 14
918 15
919 14
920 15
921 14
922 14
923 14
924 15
925 14
926 14
927 14
928 14
929 14
930 15
931 14
932 15
933 15
934 15
935 15
936 15
937 14
938 15
939 15
940 15
941 14
942 14
943 14
944 14
945 15
946 14
947 14
948 15
949 15
950 15
951 15
952 14
953 14
954 14
955 14
956 14
957 14
958 2
959 15
960 15
961 15
962 1
963 15
964 14
965 15
966 15
967 15
968 15
969 15
970 15
971 1
972 15
973 15
974 15
975 15
976 15
977 15
978 15
979 15
980 15
981 15
982 14
983 15
984 15
985 15
986 15
987 14
988 15
989 15
990 15
991 15
992 15
993 15
994 15
995 15
996 15
997 15
998 15
999 15
1000 15
1001 15
1002 15
1003 15
1004 15
1005 15
1006 15
1007 15
1008 15
1009 15
1010 15
1011 15
1012 15
1013 15
1014 15
1015 14
1016 15
1017 15
1018 15
1019 15
1020 15
1021 15
1022 15
1023 15
1024 15
1025 15
1026 15
1027 15
1028 15
1029 15
1030 15
1031 15
1032 15
1033 15
1034 15
1035 15
1036 15
1037 15
1038 16
1039 16
1040 16
1041 16
1042 16
1043 16
1044 15
1045 15
1046 16
1047 16
1048 16
1049 13
1050 16
1051 16
1052 16
1053 16
1054 16
1055 16
1056 16
1057 16
1058 16
1059 16
1060 16
1061 13
1062 16
1063 16
1064 16
1065 16
1066 16
1067 16
1068 16
1069 16
1070 16
1071 16
1072 16
1073 16
1074 16
1075 16
1076 16
1077 16
1078 16
1079 16
1080 16
1081 16
1082 16
1083 16
1084 16
1085 16
1086 16
1087 16
1088 16
1089 16
1090 20
1091 16
1092 16
1093 16
1094 16
1095 19
1096 16
1097 16
1098 16
1099 16
1100 16
1101 20
1102 16
1103 27
1104 16
1105 16
1106 16
1107 16
1108 16
1109 16
1110 16
1111 16
1112 16
1113 16
1114 16
1115 16
1116 16
1117 16
1118 16
1119 16
1120 16
1121 16
1122 23
1123 16
1124 16
1125 16
1126 16
1127 16
1128 16
1129 16
1130 16
1131 16
1132 16
1133 16
1134 16
1135 16
1136 16
1137 16
1138 16
1139 16
1140 16
1141 16
1142 16
1143 16
1144 16
1145 16
1146 16
1147 16
1148 16
1149 16
1150 18
1151 17
1152 27
1153 27
1154 27
1155 27
1156 13
1157 17
1158 27
1159 17
1160 17
1161 17
1162 27
1163 27
1164 17
1165 17
1166 17
1167 12
1168 17
1169 17
1170 17
1171 17
1172 22
1173 17
1174 22
1175 22
1176 18
1177 22
1178 17
1179 17
1180 22
1181 17
1182 22
1183 2
1184 17
1185 22
1186 22
1187 22
1188 22
1189 17
1190 17
1191 17
1192 22
1193 17
1194 17
1195 22
1196 17
1197 17
1198 22
1199 18
1200 17
1201 17
1202 17
1203 22
1204 22
1205 22
1206 17
1207 17
1208 17
1209 17
1210 17
1211 16
1212 17
1213 17
1214 17
1215 17
1216 17
1217 17
1218 17
1219 17
1220 17
1221 17
1222 17
1223 17
1224 17
1225 17
1226 17
1227 13
1228 22
1229 17
1230 13
1231 17
1232 17
1233 17
1234 16
1235 17
1236 17
1237 17
1238 22
1239 17
1240 4
1241 16
1242 17
1243 17
1244 17
1245 17
1246 17
1247 17
1248 18
1249 18
1250 18
1251 18
1252 18
1253 18
1254 18
1255 18
1256 18
1257 18
1258 18
1259 18
1260 18
1261 18
1262 18
1263 18
1264 18
1265 18
1266 18
1267 18
1268 18
1269 18
1270 18
1271 18
1272 18
1273 18
1274 18
1275 18
1276 18
1277 18
1278 18
1279 18
1280 18
1281 18
1282 18
1283 18
1284 18
1285 18
1286 18
1287 18
1288 18
1289 18
1290 18
1291 18
1292 18
1293 18
1294 18
1295 18
1296 18
1297 18
1298 18
1299 18
1300 18
1301 18
1302 18
1303 18
1304 18
1305 18
1306 18
1307 18
1308 27
1309 7
1310 16
1311 19
1312 19
1313 19
1314 19
1315 19
1316 19
1317 19
1318 19
1319 19
1320 19
1321 19
1322 20
1323 20
1324 20
1325 20
1326 20
1327 19
1328 19
1329 19
1330 19
1331 19
1332 19
1333 19
1334 19
1335 19
1336 19
1337 19
1338 19
1339 19
1340 19
1341 19
1342 19
1343 19
1344 19
1345 19
1346 19
1347 20
1348 20
1349 20
1350 20
1351 20
1352 20
1353 20
1354 20
1355 20
1356 20
1357 20
1358 20
1359 20
1360 20
1361 20
1362 20
1363 20
1364 20
1365 20
1366 20
1367 20
1368 20
1369 20
1370 20
1371 19
1372 19
1373 16
1374 16
1375 16
1376 13
1377 12
1378 4
1379 21
1380 21
1381 21
1382 21
1383 21
1384 21
1385 21
1386 21
1387 21
1388 21
1389 21
1390 21
1391 21
1392 21
1393 21
1394 21
1395 21
1396 21
1397 21
1398 21
1399 21
1400 21
1401 21
1402 21
1403 21
1404 21
1405 15
1406 21
1407 21
1408 4
1409 19
1410 21
1411 21
1412 21
1413 21
1414 21
1415 21
1416 21
1417 21
1418 21
1419 21
1420 21
1421 21
1422 21
1423 21
1424 21
1425 21
1426 21
1427 21
1428 21
1429 12
1430 21
1431 21
1432 21
1433 12
1434 22
1435 17
1436 21
1437 21
1438 17
1439 12
1440 17
1441 21
1442 12
1443 21
1444 21
1445 12
1446 12
1447 21
1448 12
1449 12
1450 12
1451 21
1452 22
1453 21
1454 21
1455 12
1456 21
1457 15
1458 21
1459 21
1460 21
1461 21
1462 21
1463 12
1464 12
1465 4
1466 21
1467 12
1468 21
1469 12
1470 23
1471 23
1472 23
1473 23
1474 23
1475 16
1476 23
1477 23
1478 23
1479 23
1480 23
1481 23
1482 23
1483 23
1484 23
1485 23
1486 15
1487 23
1488 23
1489 23
1490 23
1491 23
1492 23
1493 23
1494 23
1495 23
1496 23
1497 23
1498 23
1499 23
1500 23
1501 14
1502 12
1503 12
1504 14
1505 15
1506 15
1507 14
1508 14
1509 14
1510 15
1511 -1
1512 -1
1513 -1
1514 -1
1515 -1
1516 -1
1517 -1
1518 -1
1519 -1
1520 -1
1521 -1
1522 -1
1523 -1
1524 -1
1525 -1
1526 -1
1527 -1
1528 -1
1529 24
1530 24
1531 24
1532 24
1533 24
1534 24
1535 24
1536 24
1537 24
1538 24
1539 24
1540 24
1541 24
1542 24
1543 24
1544 24
1545 24
1546 24
1547 24
1548 24
1549 24
1550 24
1551 24
1552 24
1553 24
1554 24
1555 24
1556 24
1557 24
1558 24
1559 24
1560 24
1561 24
1562 24
1563 24
1564 24
1565 24
1566 24
1567 24
1568 24
1569 24
1570 24
1571 24
1572 24
1573 24
1574 24
1575 24
1576 24
1577 24
1578 24
1579 24
1580 24
1581 24
1582 24
1583 24
1584 24
1585 24
1586 24
1587 24
1588 24
1589 24
1590 24
1591 25
1592 2
1593 25
1594 25
1595 25
1596 2
1597 23
1598 25
1599 25
1600 25
1601 25
1602 25
1603 25
1604 25
1605 25
1606 25
1607 25
1608 25
1609 25
1610 25
1611 25
1612 25
1613 25
1614 25
1615 25
1616 25
1617 25
1618 25
1619 25
1620 25
1621 25
1622 25
1623 25
1624 25
1625 25
1626 25
1627 25
1628 25
1629 25
1630 25
1631 25
1632 26
1633 26
1634 4
1635 26
1636 26
1637 26
1638 26
1639 18
1640 27
1641 27
1642 27
1643 27
1644 27
1645 27
1646 26
1647 0
1648 27
1649 0
1650 27
1651 26
1652 26
1653 26
1654 26
1655 26
1656 26
1657 26
1658 26
1659 26
1660 26
1661 26
1662 26
1663 26
1664 26
1665 26
1666 26
1667 26
1668 26
1669 26
1670 26
1671 26
1672 26
1673 26
1674 26
1675 26
1676 26
1677 26
1678 26
1679 26
1680 26
1681 26
1682 26
1683 26
1684 26
1685 26
1686 26
1687 26
1688 26
1689 26
1690 26
1691 26
1692 26
1693 26
1694 26
1695 26
1696 26
1697 26
1698 26
1699 26
1700 26
1701 26
1702 26
1703 26
1704 26
1705 26
1706 26
1707 26
1708 26
1709 26
1710 27
1711 27
1712 27
1713 27
1714 27
1715 27
1716 27
1717 27
1718 27
1719 27
1720 27
1721 27
1722 27
1723 27
1724 27
1725 27
1726 27
1727 27
1728 27
1729 27
1730 27
1731 27
1732 27
1733 27
1734 27
1735 27
1736 27
1737 27
1738 27
1739 27
1740 27
1741 27
1742 27
1743 27
1744 27
1745 27
1746 27
1747 27
1748 27
1749 27
1750 27
