2 0
3 0
4 0
5 0
6 0
7 0
8 0
9 0
10 0
11 0
12 0
13 0
14 0
15 0
16 0
17 0
18 0
19 0
20 0
21 0
22 0
23 0
24 0
25 0
26 0
27 0
28 0
29 0
30 0
31 0
32 1
33 0
34 0
35 7
36 0
37 0
38 0
39 0
40 1
41 1
42 26
43 26
44 26
45 26
46 4
47 4
48 26
49 26
50 26
51 26
52 26
53 16
54 26
55 26
56 26
57 18
58 16
59 18
60 18
61 18
62 18
63 18
64 0
65 0
66 18
67 0
68 0
69 0
70 18
71 0
72 18
73 18
74 0
75 0
76 0
77 18
78 0
79 18
80 0
81 0
82 0
83 0
84 18
85 0
86 0
87 18
88 0
89 0
90 18
91 0
92 18
93 1
94 0
95 0
96 18
97 0
98 0
99 0
100 0
101 0
102 0
103 26
104 24
105 4
106 24
107 24
108 24
109 4
110 24
111 4
112 6
113 24
114 4
115 4
116 4
117 4
118 4
119 4
120 25
121 4
122 1
123 24
124 4
125 4
126 4
127 4
128 24
129 24
130 24
131 24
132 1
133 4
134 24
135 24
136 1
137 24
138 26
139 26
140 26
141 26
142 1
143 8
144 1
145 1
146 1
147 1
148 1
149 1
150 1
151 1
152 1
153 8
154 1
155 1
156 1
157 1
158 1
159 1
160 1
161 1
162 1
163 1
164 1
165 1
166 1
167 1
168 1
169 1
170 1
171 1
172 1
173 1
174 1
175 1
176 1
177 1
178 1
179 8
180 1
181 1
182 1
183 1
184 1
185 1
186 7
187 7
188 2
189 2
190 2
191 2
192 2
193 2
194 2
195 2
196 2
197 2
198 2
199 3
200 2
201 2
202 2
203 2
204 2
205 2
206 2
207 2
208 2
209 2
210 2
211 2
212 2
213 2
214 2
215 2
216 2
217 2
218 2
219 2
220 2
221 2
222 2
223 2
224 2
225 2
226 2
227 2
228 2
229 2
230 2
231 2
232 2
233 2
234 2
235 2
236 2
237 2
238 2
239 2
240 2
241 2
242 2
243 2
244 2
245 2
246 2
247 2
248 2
249 2
250 2
251 2
252 2
253 2
254 2
255 2
256 2
257 2
258 2
259 2
260 2
261 2
262 2
263 3
264 3
265 2
266 3
267 3
268 2
269 2
270 2
271 2
272 2
273 2
274 2
275 2
276 2
277 2
278 2
279 2
280 2
281 2
282 2
283 2
284 2
285 2
286 2
287 2
288 2
289 2
290 2
291 2
292 2
293 2
294 3
295 2
296 2
297 2
298 2
299 2
300 2
301 3
302 2
303 3
304 2
305 3
306 2
307 2
308 3
309 3
310 2
311 2
312 2
313 2
314 2
315 2
316 2
317 2
318 2
319 2
320 2
321 2
322 2
323 2
324 2
325 2
326 2
327 2
328 3
329 2
330 2
331 2
332 2
333 2
334 3
335 3
336 2
337 2
338 2
339 3
340 3
341 3
342 2
343 2
344 2
345 2
346 2
347 3
348 2
349 3
350 2
351 2
352 2
353 2
354 2
355 2
356 3
357 3
358 2
359 3
360 3
361 3
362 3
363 2
364 3
365 3
366 3
367 3
368 2
369 3
370 3
371 3
372 3
373 3
374 2
375 2
376 3
377 2
378 2
379 2
380 2
381 2
382 2
383 2
384 2
385 2
386 2
387 3
388 2
389 2
390 2
391 2
392 2
393 2
394 2
395 3
396 3
397 2
398 3
399 3
400 3
401 3
402 2
403 2
404 2
405 2
406 3
407 3
408 3
409 2
410 2
411 2
412 3
413 3
414 3
415 3
416 3
417 3
418 3
419 2
420 3
421 2
422 3
423 2
424 2
425 2
426 3
427 2
428 3
429 3
430 2
431 3
432 2
433 3
434 2
435 3
436 3
437 3
438 2
439 2
440 3
441 3
442 2
443 3
444 2
445 3
446 3
447 3
448 2
449 2
450 2
451 3
452 2
453 2
454 3
455 3
456 2
457 2
458 2
459 3
460 2
461 2
462 2
463 2
464 2
465 2
466 2
467 2
468 2
469 2
470 2
471 3
472 3
473 3
474 3
475 2
476 2
477 2
478 2
479 2
480 2
481 2
482 3
483 2
484 3
485 2
486 2
487 2
488 3
489 2
490 2
491 3
492 2
493 3
494 3
495 3
496 2
497 3
498 3
499 2
500 2
501 3
502 2
503 2
504 2
505 2
506 2
507 2
508 2
509 2
510 2
511 2
512 2
513 2
514 2
515 2
516 3
517 3
518 2
519 3
520 2
521 3
522 3
523 3
524 2
525 2
526 3
527 2
528 2
529 2
530 2
531 2
532 2
533 2
534 2
535 2
536 2
537 3
538 3
539 3
540 3
541 2
542 2
543 2
544 2
545 2
546 2
547 2
548 2
549 2
550 2
551 2
552 3
553 0
554 0
555 0
556 16
557 26
558 26
559 27
560 26
561 16
562 26
563 1
564 4
565 4
566 4
567 4
568 4
569 4
570 4
571 4
572 4
573 2
574 4
575 4
576 27
577 4
578 4
579 27
580 4
581 4
582 4
583 4
584 4
585 4
586 4
587 4
588 4
589 4
590 4
591 4
592 4
593 1
594 1
595 1
596 26
597 26
598 26
599 27
600 5
601 5
602 25
603 18
604 5
605 5
606 0
607 5
608 5
609 18
610 10
611 5
612 6
613 14
614 0
615 13
616 14
617 13
618 25
619 20
620 18
621 14
622 5
623 5
624 5
625 5
626 16
627 5
628 5
629 5
630 5
631 16
632 5
633 5
634 12
635 6
636 6
637 14
638 14
639 5
640 14
641 15
642 14
643 15
644 14
645 14
646 22
647 14
648 5
649 14
650 22
651 22
652 5
653 5
654 5
655 25
656 5
657 25
658 5
659 14
660 15
661 5
662 10
663 5
664 5
665 5
666 5
667 5
668 5
669 5
670 5
671 5
672 5
673 5
674 10
675 5
676 14
677 25
678 25
679 5
680 14
681 26
682 6
683 5
684 25
685 25
686 25
687 5
688 26
689 25
690 25
691 14
692 14
693 10
694 14
695 25
696 5
697 26
698 18
699 26
700 25
701 5
702 5
703 14
704 16
705 15
706 25
707 25
708 25
709 14
710 14
711 26
712 26
713 14
714 25
715 14
716 25
717 14
718 5
719 5
720 5
721 5
722 25
723 25
724 25
725 5
726 25
727 25
728 25
729 5
730 5
731 25
732 5
733 18
734 18
735 18
736 18
737 18
738 18
739 18
740 18
741 18
742 16
743 26
744 7
745 1
746 2
747 2
748 2
749 2
750 0
751 0
752 18
753 18
754 0
755 18
756 0
757 0
758 0
759 0
760 0
761 1
762 0
763 0
764 1
765 0
766 0
767 0
768 0
769 3
770 3
771 3
772 3
773 2
774 0
775 0
776 18
777 27
778 3
779 18
780 18
781 18
782 18
783 18
784 18
785 18
786 18
787 18
788 18
789 18
790 18
791 18
792 18
793 18
794 18
795 18
796 2
797 2
798 3
799 27
800 16
801 27
802 27
803 2
804 18
805 18
806 2
807 27
808 18
809 18
810 18
811 2
812 7
813 18
814 18
815 18
816 18
817 18
818 18
819 1
820 26
821 18
822 27
823 27
824 18
825 27
826 18
827 27
828 27
829 27
830 27
831 27
832 27
833 18
834 18
835 18
836 18
837 18
838 16
839 18
840 18
841 18
842 18
843 18
844 18
845 18
846 18
847 18
848 18
849 18
850 18
851 18
852 18
853 18
854 18
855 18
856 18
857 16
858 18
859 18
860 18
861 18
862 18
863 18
864 18
865 18
866 18
867 18
868 18
869 18
870 18
871 18
872 18
873 18
874 18
875 18
876 18
877 18
878 18
879 18
880 27
881 26
882 26
883 16
884 26
885 14
886 26
887 13
888 15
889 6
890 6
891 6
892 6
893 6
894 6
895 6
896 6
897 6
898 6
899 6
900 25
901 6
902 5
903 6
904 13
905 13
906 5
907 8
908 19
909 13
910 13
911 8
912 26
913 5
914 14
915 14
916 14
917 14
918 14
919 14
920 5
921 6
922 24
923 24
924 25
925 24
926 25
927 25
928 6
929 25
930 6
931 6
932 6
933 6
934 6
935 6
936 6
937 6
938 6
939 5
940 6
941 4
942 6
943 6
944 26
945 6
946 6
947 4
948 25
949 25
950 16
951 6
952 25
953 6
954 6
955 5
956 6
957 6
958 13
959 13
960 6
961 4
962 4
963 6
964 6
965 7
966 6
967 25
968 6
969 6
970 6
971 6
972 6
973 6
974 6
975 6
976 15
977 6
978 6
979 6
980 6
981 6
982 6
983 6
984 6
985 6
986 6
987 6
988 6
989 6
990 6
991 6
992 6
993 6
994 6
995 6
996 6
997 6
998 6
999 6
1000 6
1001 6
1002 6
1003 6
1004 6
1005 6
1006 6
1007 6
1008 6
1009 6
1010 6
1011 6
1012 6
1013 6
1014 6
1015 6
1016 16
1017 1
1018 1
1019 1
1020 1
1021 7
1022 7
1023 8
1024 7
1025 7
1026 8
1027 7
1028 7
1029 7
1030 7
1031 7
1032 7
1033 7
1034 1
1035 7
1036 7
1037 7
1038 7
1039 7
1040 7
1041 7
1042 7
1043 7
1044 7
1045 7
1046 7
1047 7
1048 7
1049 7
1050 7
1051 7
1052 7
1053 7
1054 7
1055 7
1056 7
1057 7
1058 7
1059 7
1060 7
1061 7
1062 7
1063 7
1064 7
1065 7
1066 7
1067 7
1068 7
1069 7
1070 7
1071 7
1072 7
1073 7
1074 7
1075 7
1076 7
1077 7
1078 7
1079 7
1080 1
1081 1
1082 1
1083 1
1084 1
1085 1
1086 1
1087 7
1088 7
1089 7
1090 7
1091 7
1092 7
1093 7
1094 7
1095 7
1096 7
1097 7
1098 7
1099 7
1100 7
1101 7
1102 7
1103 7
1104 7
1105 14
1106 14
1107 14
1108 14
1109 21
1110 14
1111 14
1112 14
1113 14
1114 14
1115 14
1116 14
1117 14
1118 14
1119 14
1120 14
1121 15
1122 15
1123 7
1124 7
1125 7
1126 7
1127 7
1128 7
1129 7
1130 7
1131 7
1132 7
1133 7
1134 7
1135 7
1136 8
1137 7
1138 7
1139 8
1140 7
1141 7
1142 7
1143 7
1144 7
1145 7
1146 7
1147 7
1148 8
1149 7
1150 8
1151 7
1152 7
1153 7
1154 7
1155 7
1156 7
1157 7
1158 7
1159 7
1160 7
1161 7
1162 7
1163 7
1164 7
1165 7
1166 7
1167 7
1168 7
1169 7
1170 8
1171 8
1172 8
1173 8
1174 8
1175 8
1176 8
1177 8
1178 8
1179 8
1180 8
1181 8
1182 8
1183 8
1184 8
1185 8
1186 8
1187 8
1188 8
1189 8
1190 8
1191 8
1192 8
1193 8
1194 8
1195 8
1196 8
1197 7
1198 3
1199 2
1200 2
1201 2
1202 2
1203 9
1204 2
1205 3
1206 3
1207 9
1208 9
1209 3
1210 0
1211 1
1212 2
1213 0
1214 7
1215 9
1216 9
1217 3
1218 0
1219 0
1220 0
1221 1
1222 1
1223 3
1224 0
1225 1
1226 10
1227 10
1228 9
1229 9
1230 9
1231 9
1232 9
1233 9
1234 9
1235 10
1236 10
1237 10
1238 9
1239 10
1240 9
1241 9
1242 9
1243 9
1244 9
1245 9
1246 9
1247 10
1248 27
1249 9
1250 9
1251 9
1252 10
1253 9
1254 10
1255 2
1256 9
1257 9
1258 9
1259 9
1260 9
1261 3
1262 3
1263 9
1264 3
1265 3
1266 10
1267 10
1268 9
1269 10
1270 10
1271 3
1272 10
1273 3
1274 9
1275 9
1276 9
1277 10
1278 9
1279 9
1280 3
1281 3
1282 3
1283 3
1284 3
1285 2
1286 3
1287 2
1288 0
1289 3
1290 3
1291 3
1292 3
1293 0
1294 3
1295 3
1296 3
1297 9
1298 9
1299 9
1300 3
1301 9
1302 2
1303 0
1304 10
1305 3
1306 3
1307 9
1308 2
1309 0
1310 3
1311 3
1312 3
1313 9
1314 9
1315 2
1316 9
1317 9
1318 2
1319 3
1320 9
1321 3
1322 3
1323 3
1324 3
1325 3
1326 3
1327 9
1328 3
1329 3
1330 2
1331 3
1332 3
1333 9
1334 9
1335 3
1336 3
1337 3
1338 0
1339 0
1340 3
1341 3
1342 3
1343 3
1344 0
1345 3
1346 0
1347 1
1348 3
1349 0
1350 3
1351 0
1352 0
1353 9
1354 0
1355 0
1356 1
1357 1
1358 10
1359 1
1360 3
1361 3
1362 10
1363 9
1364 10
1365 0
1366 1
1367 1
1368 0
1369 10
1370 10
1371 10
1372 9
1373 9
1374 0
1375 2
1376 0
1377 10
1378 9
1379 10
1380 3
1381 10
1382 3
1383 10
1384 4
1385 10
1386 26
1387 4
1388 10
1389 14
1390 14
1391 5
1392 5
1393 5
1394 23
1395 23
1396 23
1397 14
1398 14
1399 14
1400 14
1401 22
1402 22
1403 14
1404 21
1405 21
1406 21
1407 21
1408 21
1409 21
1410 21
1411 14
1412 21
1413 21
1414 21
1415 14
1416 0
1417 14
1418 15
1419 10
1420 15
1421 26
1422 0
1423 10
1424 10
1425 19
1426 19
1427 10
1428 10
1429 10
1430 10
1431 10
1432 10
1433 10
1434 10
1435 27
1436 4
1437 10
1438 10
1439 10
1440 10
1441 10
1442 10
1443 4
1444 4
1445 4
1446 4
1447 4
1448 4
1449 26
1450 4
1451 4
1452 10
1453 4
1454 4
1455 4
1456 10
1457 19
1458 4
1459 4
1460 4
1461 19
1462 4
1463 4
1464 26
1465 10
1466 10
1467 4
1468 0
1469 5
1470 5
1471 4
1472 5
1473 0
1474 5
1475 0
1476 10
1477 0
1478 0
1479 4
1480 27
1481 0
1482 0
1483 0
1484 27
1485 0
1486 0
1487 5
1488 4
1489 4
1490 5
1491 4
1492 4
1493 4
1494 5
1495 4
1496 27
1497 27
1498 4
1499 5
1500 5
1501 10
1502 10
1503 10
1504 5
1505 15
1506 25
1507 25
1508 15
1509 15
1510 15
1511 15
1512 14
1513 14
1514 14
1515 26
1516 14
1517 14
1518 14
1519 14
1520 15
1521 14
1522 14
1523 14
1524 14
1525 14
1526 14
1527 14
1528 14
1529 14
1530 14
1531 14
1532 26
1533 14
1534 16
1535 14
1536 14
1537 14
1538 14
1539 15
1540 15
1541 15
1542 14
1543 23
1544 4
1545 4
1546 27
1547 27
1548 27
1549 4
1550 4
1551 4
1552 23
1553 4
1554 23
1555 23
1556 0
1557 0
1558 16
1559 14
1560 15
1561 15
1562 15
1563 14
1564 14
1565 16
1566 16
1567 14
1568 15
1569 15
1570 14
1571 5
1572 15
1573 23
1574 27
1575 27
1576 10
1577 10
1578 10
1579 10
1580 27
1581 14
1582 27
1583 3
1584 18
1585 18
1586 5
1587 27
1588 27
1589 18
1590 27
1591 0
1592 27
1593 18
1594 27
1595 27
1596 9
1597 10
1598 27
1599 2
1600 4
1601 27
1602 27
1603 5
1604 4
1605 27
1606 27
1607 27
1608 4
1609 4
1610 4
1611 27
1612 4
1613 4
1614 4
1615 27
1616 16
1617 4
1618 27
1619 26
1620 27
1621 4
1622 10
1623 26
1624 15
1625 4
1626 27
1627 25
1628 27
1629 25
1630 27
1631 4
1632 4
1633 25
1634 4
1635 4
1636 4
1637 4
1638 4
1639 4
1640 4
1641 4
1642 26
1643 4
1644 4
1645 4
1646 27
1647 27
1648 10
1649 9
1650 0
1651 0
1652 0
1653 9
1654 0
1655 9
1656 9
1657 9
1658 9
1659 9
1660 9
1661 9
1662 9
1663 9
1664 9
1665 3
1666 3
1667 9
1668 9
1669 5
1670 9
1671 10
1672 10
1673 0
1674 3
1675 10
1676 10
1677 27
1678 10
1679 10
1680 10
1681 10
1682 10
1683 5
1684 10
1685 9
1686 10
1687 10
1688 5
1689 5
1690 10
1691 5
1692 10
1693 10
1694 9
1695 10
1696 10
1697 10
1698 10
1699 0
1700 10
1701 9
1702 10
1703 10
1704 10
1705 10
1706 10
1707 10
1708 10
1709 10
1710 10
1711 10
1712 10
1713 10
1714 0
1715 9
1716 9
1717 9
1718 9
1719 0
1720 9
1721 9
1722 9
1723 2
1724 9
1725 0
1726 3
1727 0
1728 0
1729 0
1730 0
1731 2
1732 9
1733 11
1734 2
1735 2
1736 2
1737 2
1738 3
1739 2
1740 2
1741 2
1742 2
1743 3
1744 2
1745 3
1746 2
1747 2
1748 2
1749 2
1750 2
1751 2
1752 3
1753 2
1754 3
1755 2
1756 3
1757 2
1758 3
1759 2
1760 2
1761 2
1762 2
1763 2
1764 2
1765 2
1766 2
1767 3
1768 2
1769 2
1770 2
1771 2
1772 2
1773 2
1774 9
1775 2
1776 2
1777 2
1778 2
1779 2
1780 3
1781 11
1782 11
1783 11
1784 11
1785 0
1786 0
1787 11
1788 11
1789 11
1790 11
1791 11
1792 11
1793 11
1794 11
1795 11
1796 11
1797 11
1798 11
1799 11
1800 11
1801 11
1802 9
1803 9
1804 3
1805 9
1806 3
1807 9
1808 11
1809 11
1810 11
1811 11
1812 3
1813 3
1814 11
1815 11
1816 11
1817 9
1818 11
1819 11
1820 11
1821 11
1822 11
1823 11
1824 11
1825 11
1826 11
1827 11
1828 9
1829 11
1830 11
1831 11
1832 11
1833 11
1834 11
1835 11
1836 11
1837 0
1838 11
1839 0
1840 16
1841 0
1842 0
1843 0
1844 0
1845 0
1846 0
1847 18
1848 0
1849 16
1850 0
1851 1
1852 27
1853 26
1854 18
1855 0
1856 0
1857 0
1858 5
1859 16
1860 16
1861 12
1862 23
1863 12
1864 12
1865 12
1866 12
1867 12
1868 12
1869 12
1870 12
1871 12
1872 12
1873 12
1874 12
1875 12
1876 12
1877 12
1878 12
1879 12
1880 12
1881 12
1882 15
1883 12
1884 12
1885 12
1886 12
1887 12
1888 12
1889 6
1890 12
1891 12
1892 14
1893 12
1894 12
1895 12
1896 12
1897 12
1898 12
1899 12
1900 12
1901 12
1902 12
1903 12
1904 12
1905 12
1906 12
1907 12
1908 12
1909 12
1910 12
1911 12
1912 12
1913 12
1914 12
1915 12
1916 12
1917 12
1918 12
1919 12
1920 12
1921 12
1922 12
1923 13
1924 13
1925 13
1926 13
1927 13
1928 13
1929 13
1930 13
1931 13
1932 13
1933 13
1934 13
1935 13
1936 13
1937 13
1938 13
1939 13
1940 13
1941 13
1942 13
1943 13
1944 13
1945 27
1946 -1
1947 0
1948 0
1949 8
1950 14
1951 10
1952 27
1953 25
1954 27
1955 3
1956 3
1957 3
1958 -1
1959 -1
1960 -1
1961 -1
1962 -1
1963 -1
1964 -1
1965 -1
1966 -1
1967 21
1968 27
1969 11
1970 4
1971 27
1972 27
1973 11
1974 4
1975 27
1976 27
1977 27
1978 4
1979 4
1980 27
1981 27
1982 4
1983 27
1984 4
1985 27
1986 14
1987 3
1988 -1
1989 27
1990 15
1991 -1
1992 14
1993 14
1994 14
1995 15
1996 14
1997 15
1998 15
1999 15
2000 15
2001 14
2002 16
2003 14
2004 15
2005 15
2006 15
2007 14
2008 16
2009 14
2010 14
2011 14
2012 14
2013 14
2014 14
2015 15
2016 14
2017 15
2018 15
2019 14
2020 14
2021 15
2022 15
2023 15
2024 14
2025 13
2026 15
2027 16
2028 16
2029 16
2030 16
2031 16
2032 16
2033 16
2034 16
2035 16
2036 16
2037 16
2038 16
2039 16
2040 16
2041 16
2042 16
2043 16
2044 16
2045 16
2046 16
2047 16
2048 16
2049 16
2050 16
2051 16
2052 16
2053 16
2054 16
2055 16
2056 16
2057 16
2058 16
2059 16
2060 16
2061 16
2062 16
2063 16
2064 16
2065 16
2066 16
2067 16
2068 16
2069 16
2070 16
2071 16
2072 16
2073 16
2074 16
2075 16
2076 16
2077 16
2078 16
2079 16
2080 16
2081 16
2082 16
2083 16
2084 16
2085 16
2086 16
2087 16
2088 16
2089 17
2090 17
2091 17
2092 17
2093 17
2094 17
2095 17
2096 17
2097 17
2098 17
2099 17
2100 17
2101 17
2102 18
2103 18
2104 18
2105 17
2106 17
2107 17
2108 17
2109 -1
2110 -1
2111 -1
2112 -1
2113 -1
2114 -1
2115 -1
2116 -1
2117 -1
2118 -1
2119 -1
2120 -1
2121 -1
2122 -1
2123 -1
2124 -1
2125 27
2126 27
2127 27
2128 27
2129 27
2130 27
2131 -1
2132 -1
2133 -1
2134 -1
2135 -1
2136 -1
2137 -1
2138 -1
2139 -1
2140 -1
2141 -1
2142 -1
2143 17
2144 18
2145 18
2146 18
2147 18
2148 18
2149 17
2150 17
2151 17
2152 17
2153 17
2154 17
2155 17
2156 17
2157 17
2158 17
2159 17
2160 17
2161 17
2162 17
2163 17
2164 17
2165 17
2166 17
2167 17
2168 17
2169 17
2170 17
2171 17
2172 17
2173 17
2174 17
2175 17
2176 17
2177 17
2178 17
2179 17
2180 17
2181 17
2182 17
2183 17
2184 17
2185 17
2186 17
2187 17
2188 17
2189 17
2190 17
2191 17
2192 17
2193 17
2194 15
2195 17
2196 4
2197 4
2198 4
2199 18
2200 18
2201 18
2202 16
2203 18
2204 7
2205 27
2206 27
2207 27
2208 14
2209 18
2210 18
2211 27
2212 14
2213 16
2214 18
2215 18
2216 18
2217 18
2218 16
2219 18
2220 18
2221 18
2222 18
2223 18
2224 18
2225 18
2226 18
2227 18
2228 18
2229 18
2230 18
2231 18
2232 18
2233 18
2234 18
2235 18
2236 18
2237 18
2238 18
2239 18
2240 18
2241 18
2242 18
2243 18
2244 18
2245 18
2246 18
2247 18
2248 18
2249 18
2250 18
2251 18
2252 18
2253 18
2254 18
2255 18
2256 18
2257 18
2258 18
2259 18
2260 18
2261 18
2262 27
2263 18
2264 18
2265 18
2266 26
2267 18
2268 18
2269 16
2270 18
2271 27
2272 18
2273 18
2274 18
2275 18
2276 16
2277 16
2278 20
2279 16
2280 19
2281 16
2282 19
2283 19
2284 13
2285 16
2286 19
2287 19
2288 16
2289 16
2290 13
2291 20
2292 19
2293 19
2294 19
2295 19
2296 19
2297 19
2298 19
2299 19
2300 19
2301 19
2302 19
2303 19
2304 19
2305 19
2306 19
2307 19
2308 19
2309 19
2310 20
2311 20
2312 19
2313 20
2314 20
2315 20
2316 20
2317 20
2318 20
2319 20
2320 20
2321 20
2322 19
2323 20
2324 20
2325 20
2326 20
2327 20
2328 20
2329 20
2330 20
2331 20
2332 20
2333 20
2334 20
2335 25
2336 20
2337 20
2338 20
2339 25
2340 20
2341 20
2342 20
2343 20
2344 20
2345 20
2346 19
2347 20
2348 16
2349 16
2350 16
2351 13
2352 16
2353 12
2354 16
2355 16
2356 16
2357 16
2358 12
2359 12
2360 12
2361 12
2362 16
2363 12
2364 12
2365 12
2366 12
2367 12
2368 12
2369 21
2370 12
2371 21
2372 21
2373 21
2374 21
2375 21
2376 21
2377 21
2378 21
2379 21
2380 12
2381 12
2382 19
2383 12
2384 21
2385 12
2386 12
2387 21
2388 21
2389 21
2390 21
2391 21
2392 21
2393 21
2394 21
2395 12
2396 21
2397 21
2398 15
2399 21
2400 21
2401 15
2402 15
2403 21
2404 21
2405 21
2406 21
2407 21
2408 21
2409 21
2410 21
2411 21
2412 21
2413 12
2414 12
2415 15
2416 21
2417 16
2418 12
2419 21
2420 16
2421 16
2422 16
2423 12
2424 12
2425 16
2426 16
2427 12
2428 12
2429 16
2430 16
2431 16
2432 12
2433 12
2434 12
2435 16
2436 12
2437 16
2438 15
2439 21
2440 21
2441 21
2442 21
2443 21
2444 21
2445 12
2446 12
2447 12
2448 21
2449 21
2450 21
2451 12
2452 12
2453 12
2454 12
2455 12
2456 12
2457 21
2458 12
2459 21
2460 12
2461 21
2462 21
2463 21
2464 21
2465 21
2466 21
2467 21
2468 21
2469 21
2470 12
2471 14
2472 12
2473 12
2474 12
2475 12
2476 21
2477 21
2478 12
2479 12
2480 12
2481 12
2482 21
2483 21
2484 21
2485 21
2486 21
2487 21
2488 21
2489 21
2490 21
2491 12
2492 21
2493 12
2494 22
2495 19
2496 12
2497 22
2498 22
2499 12
2500 22
2501 19
2502 12
2503 22
2504 15
2505 16
2506 22
2507 22
2508 22
2509 21
2510 22
2511 21
2512 16
2513 12
2514 15
2515 15
2516 12
2517 16
2518 12
2519 12
2520 16
2521 25
2522 25
2523 0
2524 4
2525 4
2526 4
2527 3
2528 27
2529 27
2530 27
2531 27
2532 12
2533 12
2534 22
2535 12
2536 12
2537 25
2538 15
2539 15
2540 12
2541 12
2542 12
2543 12
2544 12
2545 12
2546 12
2547 21
2548 12
2549 12
2550 12
2551 12
2552 12
2553 12
2554 12
2555 16
2556 15
2557 15
2558 12
2559 12
2560 15
2561 12
2562 21
2563 12
2564 12
2565 21
2566 14
2567 16
2568 12
2569 15
2570 15
2571 13
2572 15
2573 15
2574 15
2575 15
2576 15
2577 15
2578 23
2579 15
2580 15
2581 15
2582 23
2583 23
2584 15
2585 15
2586 15
2587 14
2588 23
2589 1
2590 23
2591 23
2592 15
2593 16
2594 15
2595 16
2596 27
2597 15
2598 26
2599 26
2600 -1
2601 -1
2602 -1
2603 -1
2604 -1
2605 -1
2606 -1
2607 -1
2608 -1
2609 -1
2610 -1
2611 -1
2612 -1
2613 -1
2614 -1
2615 -1
2616 -1
2617 -1
2618 -1
2619 -1
2620 -1
2621 -1
2622 -1
2623 -1
2624 -1
2625 -1
2626 -1
2627 -1
2628 27
2629 6
2630 6
2631 27
2632 -1
2633 -1
2634 -1
2635 3
2636 -1
2637 -1
2638 4
2639 3
2640 -1
2641 4
2642 4
2643 4
2644 4
2645 4
2646 -1
2647 -1
2648 -1
2649 -1
2650 -1
2651 -1
2652 -1
2653 -1
2654 -1
2655 -1
2656 -1
2657 -1
2658 -1
2659 -1
2660 18
2661 -1
2662 18
2663 18
2664 18
2665 18
2666 18
2667 18
2668 18
2669 18
2670 18
2671 18
2672 18
2673 18
2674 18
2675 18
2676 26
2677 18
2678 18
2679 18
2680 18
2681 26
2682 26
2683 26
2684 18
2685 18
2686 18
2687 18
2688 18
2689 18
2690 26
2691 26
2692 24
2693 18
2694 18
2695 26
2696 18
2697 18
2698 0
2699 18
2700 18
2701 18
2702 18
2703 26
2704 18
2705 18
2706 18
2707 18
2708 26
2709 18
2710 26
2711 18
2712 18
2713 18
2714 24
2715 18
2716 18
2717 26
2718 26
2719 18
2720 18
2721 24
2722 18
2723 18
2724 26
2725 18
2726 26
2727 18
2728 18
2729 26
2730 26
2731 26
2732 18
2733 18
2734 18
2735 26
2736 18
2737 18
2738 18
2739 18
2740 18
2741 18
2742 18
2743 18
2744 18
2745 24
2746 18
2747 18
2748 26
2749 26
2750 26
2751 26
2752 26
2753 26
2754 26
2755 26
2756 26
2757 26
2758 26
2759 26
2760 26
2761 26
2762 26
2763 26
2764 26
2765 26
2766 18
2767 18
2768 18
2769 26
2770 26
2771 26
2772 26
2773 18
2774 26
2775 26
2776 26
2777 26
2778 26
2779 26
2780 25
2781 25
2782 25
2783 25
2784 25
2785 26
2786 26
2787 25
2788 25
2789 25
2790 25
2791 25
2792 25
2793 25
2794 25
2795 25
2796 25
2797 25
2798 25
2799 25
2800 25
2801 25
2802 25
2803 25
2804 25
2805 25
2806 25
2807 25
2808 25
2809 25
2810 24
2811 26
2812 26
2813 26
2814 26
2815 26
2816 26
2817 18
2818 26
2819 26
2820 18
2821 26
2822 26
2823 18
2824 18
2825 26
2826 26
2827 26
2828 18
2829 18
2830 26
2831 18
2832 26
2833 26
2834 26
2835 26
2836 26
2837 26
2838 26
2839 26
2840 26
2841 26
2842 26
2843 26
2844 26
2845 26
2846 26
2847 26
2848 26
2849 26
2850 26
2851 26
2852 26
2853 26
2854 26
2855 26
2856 26
2857 26
2858 26
2859 26
2860 26
2861 26
2862 26
2863 26
2864 26
2865 26
2866 26
2867 26
2868 26
2869 26
2870 26
2871 26
2872 26
2873 26
2874 26
2875 26
2876 26
2877 26
2878 26
2879 26
2880 26
2881 26
2882 26
2883 26
2884 26
2885 26
2886 26
2887 26
2888 26
2889 26
2890 18
2891 27
2892 18
2893 7
2894 2
2895 2
2896 2
2897 27
2898 2
2899 7
2900 27
