2 0
3 26
4 9
5 0
6 27
7 0
8 0
9 0
10 27
11 11
12 0
13 1
14 0
15 6
16 0
17 27
18 18
19 6
20 11
21 0
22 0
23 0
24 0
25 0
26 27
27 18
28 0
29 0
30 0
31 4
32 0
33 0
34 7
35 0
36 0
37 1
38 0
39 0
40 6
41 1
42 0
43 0
44 0
45 0
46 1
47 0
48 0
49 11
50 27
51 0
52 0
53 0
54 1
55 1
56 1
57 1
58 1
59 1
60 1
61 18
62 1
63 1
64 1
65 1
66 1
67 1
68 1
69 1
70 27
71 1
72 1
73 1
74 1
75 1
76 1
77 1
78 0
79 16
80 2
81 2
82 3
83 2
84 18
85 0
86 3
87 0
88 27
89 27
90 0
91 6
92 9
93 23
94 17
95 16
96 11
97 11
98 6
99 3
100 3
101 9
102 4
103 8
104 4
105 2
106 2
107 4
108 2
109 2
110 2
111 2
112 27
113 23
114 2
115 0
116 17
117 27
118 7
119 23
120 23
121 23
122 11
123 18
124 4
125 2
126 2
127 3
128 3
129 3
130 3
131 3
132 3
133 3
134 3
135 3
136 3
137 0
138 3
139 3
140 3
141 3
142 3
143 3
144 3
145 3
146 3
147 3
148 3
149 3
150 4
151 4
152 4
153 13
154 4
155 4
156 4
157 11
158 4
159 4
160 18
161 4
162 2
163 6
164 2
165 27
166 6
167 0
168 18
169 6
170 2
171 4
172 16
173 18
174 2
175 27
176 2
177 2
178 18
179 2
180 1
181 2
182 18
183 5
184 5
185 5
186 5
187 5
188 5
189 5
190 24
191 5
192 5
193 5
194 5
195 5
196 5
197 16
198 5
199 5
200 5
201 5
202 5
203 5
204 5
205 0
206 5
207 5
208 5
209 5
210 5
211 5
212 5
213 5
214 5
215 18
216 18
217 8
218 22
219 22
220 18
221 10
222 10
223 10
224 10
225 22
226 22
227 10
228 10
229 22
230 22
231 10
232 10
233 10
234 10
235 10
236 9
237 10
238 9
239 9
240 9
241 10
242 9
243 9
244 5
245 27
246 9
247 27
248 9
249 14
250 14
251 14
252 14
253 25
254 25
255 16
256 11
257 5
258 14
259 5
260 5
261 5
262 6
263 6
264 6
265 6
266 6
267 9
268 9
269 1
270 6
271 1
272 6
273 6
274 11
275 6
276 6
277 6
278 11
279 2
280 6
281 6
282 1
283 5
284 14
285 5
286 25
287 25
288 16
289 3
290 25
291 5
292 18
293 18
294 18
295 6
296 18
297 9
298 18
299 7
300 5
301 11
302 6
303 6
304 14
305 14
306 14
307 14
308 25
309 14
310 14
311 14
312 14
313 14
314 14
315 14
316 14
317 14
318 14
319 14
320 27
321 14
322 14
323 14
324 6
325 14
326 14
327 11
328 14
329 14
330 14
331 18
332 11
333 1
334 14
335 14
336 5
337 6
338 15
339 1
340 15
341 5
342 2
343 27
344 2
345 2
346 2
347 2
348 2
349 15
350 15
351 27
352 8
353 8
354 8
355 7
356 8
357 7
358 7
359 8
360 7
361 7
362 27
363 8
364 7
365 7
366 2
367 7
368 7
369 27
370 2
371 27
372 8
373 8
374 8
375 8
376 8
377 8
378 8
379 8
380 8
381 8
382 8
383 8
384 8
385 8
386 8
387 8
388 8
389 8
390 8
391 8
392 8
393 8
394 8
395 8
396 8
397 8
398 8
399 8
400 9
401 9
402 9
403 9
404 9
405 9
406 9
407 9
408 9
409 9
410 9
411 9
412 27
413 9
414 18
415 18
416 9
417 9
418 9
419 16
420 27
421 9
422 9
423 9
424 16
425 27
426 9
427 27
428 9
429 9
430 11
431 9
432 27
433 9
434 9
435 7
436 27
437 27
438 3
439 0
440 6
441 9
442 11
443 11
444 1
445 9
446 11
447 16
448 11
449 11
450 11
451 11
452 10
453 27
454 10
455 10
456 0
457 10
458 10
459 27
460 10
461 27
462 27
463 5
464 25
465 25
466 16
467 18
468 4
469 27
470 16
471 11
472 25
473 25
474 25
475 25
476 5
477 0
478 11
479 11
480 11
481 2
482 5
483 9
484 18
485 23
486 16
487 23
488 23
489 5
490 23
491 6
492 13
493 23
494 6
495 27
496 9
497 16
498 13
499 18
500 23
501 23
502 16
503 16
504 11
505 2
506 0
507 11
508 0
509 0
510 11
511 1
512 27
513 16
514 16
515 11
516 27
517 11
518 3
519 3
520 3
521 27
522 0
523 16
524 27
525 6
526 27
527 11
528 18
529 3
530 2
531 2
532 7
533 4
534 2
535 18
536 2
537 2
538 27
539 17
540 2
541 27
542 11
543 3
544 18
545 18
546 11
547 18
548 3
549 18
550 11
551 2
552 11
553 6
554 6
555 10
556 27
557 1
558 27
559 19
560 7
561 27
562 16
563 0
564 5
565 6
566 18
567 12
568 27
569 18
570 12
571 27
572 7
573 4
574 4
575 12
576 12
577 12
578 12
579 6
580 12
581 12
582 27
583 26
584 18
585 25
586 18
587 18
588 23
589 23
590 18
591 23
592 13
593 13
594 11
595 3
596 13
597 13
598 27
599 13
600 6
601 13
602 2
603 2
604 2
605 0
606 2
607 9
608 2
609 3
610 2
611 16
612 2
613 2
614 2
615 2
616 2
617 2
618 2
619 2
620 2
621 2
622 14
623 18
624 27
625 27
626 27
627 9
628 2
629 6
630 14
631 18
632 3
633 4
634 3
635 2
636 2
637 3
638 2
639 10
640 2
641 6
642 6
643 6
644 11
645 15
646 15
647 6
648 15
649 16
650 16
651 15
652 16
653 15
654 3
655 27
656 15
657 11
658 27
659 6
660 6
661 6
662 27
663 18
664 16
665 6
666 2
667 3
668 16
669 16
670 16
671 11
672 27
673 6
674 16
675 6
676 16
677 16
678 16
679 9
680 27
681 9
682 16
683 16
684 16
685 16
686 16
687 16
688 16
689 16
690 16
691 16
692 23
693 6
694 6
695 6
696 6
697 4
698 8
699 16
700 0
701 6
702 6
703 27
704 27
705 11
706 6
707 27
708 27
709 6
710 26
711 4
712 11
713 17
714 3
715 27
716 26
717 11
718 16
719 17
720 3
721 11
722 22
723 2
724 22
725 22
726 23
727 17
728 6
729 17
730 6
731 17
732 6
733 21
734 6
735 21
736 6
737 27
738 6
739 18
740 11
741 11
742 27
743 16
744 27
745 11
746 16
747 11
748 18
749 18
750 18
751 11
752 18
753 18
754 18
755 18
756 18
757 18
758 18
759 18
760 18
761 18
762 18
763 18
764 11
765 18
766 18
767 6
768 18
769 27
770 27
771 0
772 18
773 18
774 0
775 18
776 18
777 18
778 18
779 18
780 18
781 18
782 6
783 6
784 6
785 18
786 6
787 18
788 18
789 27
790 6
791 6
792 16
793 18
794 16
795 6
796 27
797 6
798 6
799 27
800 16
801 19
802 11
803 6
804 6
805 6
806 23
807 3
808 23
809 23
810 16
811 3
812 16
813 11
814 16
815 11
816 2
817 16
818 27
819 16
820 16
821 6
822 6
823 27
824 16
825 16
826 27
827 20
828 16
829 6
830 20
831 20
832 27
833 20
834 20
835 11
836 7
837 20
838 11
839 11
840 11
841 16
842 27
843 6
844 27
845 3
846 11
847 16
848 27
849 6
850 6
851 1
852 17
853 27
854 2
855 17
856 9
857 2
858 27
859 17
860 27
861 17
862 27
863 6
864 9
865 27
866 6
867 6
868 27
869 6
870 27
871 6
872 3
873 2
874 26
875 20
876 23
877 23
878 10
879 27
880 7
881 16
882 27
883 27
884 27
885 15
886 11
887 6
888 7
889 27
890 21
891 15
892 23
893 3
894 21
895 1
896 18
897 18
898 18
899 2
900 27
901 10
902 6
903 6
904 14
905 11
906 6
907 6
908 15
909 3
910 6
911 11
912 3
913 11
914 6
915 6
916 16
917 22
918 6
919 6
920 11
921 16
922 16
923 22
924 4
925 16
926 4
927 22
928 22
929 6
930 16
931 22
932 27
933 16
934 22
935 11
936 11
937 11
938 6
939 16
940 16
941 22
942 23
943 9
944 27
945 9
946 0
947 27
948 3
949 18
950 3
951 3
952 15
953 27
954 27
955 11
956 6
957 11
958 23
959 27
960 27
961 27
962 27
963 16
964 23
965 27
966 7
967 4
968 2
969 27
970 27
971 27
972 23
973 11
974 16
975 16
976 3
977 3
978 27
979 11
980 3
981 16
982 2
983 2
984 2
985 6
986 2
987 3
988 17
989 27
990 4
991 1
992 6
993 13
994 4
995 1
996 21
997 14
998 3
999 2
1000 0
1001 8
1002 24
1003 11
1004 11
1005 16
1006 6
1007 16
1008 24
1009 6
1010 6
1011 13
1012 10
1013 5
1014 23
1015 1
1016 14
1017 6
1018 23
1019 27
1020 16
1021 2
1022 24
1023 24
1024 24
1025 25
1026 24
1027 24
1028 24
1029 27
1030 6
1031 24
1032 6
1033 11
1034 11
1035 17
1036 11
1037 27
1038 6
1039 0
1040 2
1041 1
1042 6
1043 6
1044 24
1045 6
1046 18
1047 6
1048 26
1049 18
1050 24
1051 0
1052 24
1053 27
1054 27
1055 27
1056 27
1057 25
1058 16
1059 6
1060 27
1061 3
1062 16
1063 16
1064 6
1065 3
1066 16
1067 3
1068 3
1069 16
1070 27
1071 6
1072 6
1073 16
1074 6
1075 6
1076 16
1077 11
1078 6
1079 16
1080 26
1081 26
1082 16
1083 6
1084 16
1085 6
1086 16
1087 16
1088 6
1089 26
1090 16
1091 16
1092 11
1093 26
1094 26
1095 11
1096 16
1097 11
1098 26
1099 26
1100 26
1101 11
1102 26
1103 26
1104 26
1105 11
1106 26
1107 26
1108 26
1109 26
1110 26
1111 26
1112 26
1113 27
1114 26
1115 26
1116 6
1117 26
1118 11
1119 27
1120 16
1121 6
1122 26
1123 16
1124 26
1125 26
1126 26
1127 11
1128 26
1129 26
1130 26
1131 27
1132 26
1133 6
1134 27
1135 27
1136 18
1137 6
1138 16
1139 24
1140 26
1141 16
1142 11
1143 24
1144 16
