2 4
3 27
4 11
5 8
6 18
7 2
8 9
9 27
10 9
11 6
12 23
13 23
14 27
15 27
16 27
17 6
18 11
19 23
20 27
21 8
22 27
23 27
24 27
25 11
26 11
27 27
28 12
29 25
30 0
31 0
32 27
33 0
34 0
35 0
36 23
37 23
38 5
39 5
40 0
41 27
42 23
43 7
44 23
45 23
46 18
47 0
48 23
49 8
50 0
51 23
52 1
53 27
54 0
55 18
56 0
57 0
58 16
59 0
60 0
61 18
62 1
63 2
64 0
65 0
66 16
67 1
68 0
69 2
70 27
71 5
72 15
73 26
74 10
75 11
76 5
77 27
78 27
79 5
80 17
81 16
82 2
83 1
84 1
85 1
86 1
87 1
88 1
89 1
90 0
91 1
92 1
93 1
94 1
95 1
96 24
97 0
98 1
99 26
100 1
101 0
102 11
103 0
104 16
105 0
106 0
107 1
108 8
109 8
110 0
111 0
112 1
113 6
114 26
115 9
116 2
117 11
118 11
119 9
120 27
121 10
122 10
123 9
124 10
125 9
126 17
127 0
128 2
129 2
130 9
131 2
132 2
133 2
134 2
135 2
136 2
137 2
138 2
139 2
140 0
141 11
142 11
143 9
144 0
145 2
146 11
147 2
148 2
149 9
150 3
151 3
152 3
153 3
154 3
155 3
156 3
157 3
158 3
159 3
160 3
161 3
162 3
163 3
164 3
165 3
166 3
167 3
168 3
169 3
170 3
171 3
172 3
173 3
174 3
175 3
176 3
177 3
178 3
179 17
180 11
181 11
182 4
183 4
184 4
185 4
186 27
187 25
188 4
189 25
190 4
191 4
192 4
193 4
194 11
195 11
196 4
197 4
198 4
199 6
200 11
201 27
202 3
203 16
204 11
205 2
206 6
207 27
208 27
209 6
210 11
211 11
212 6
213 11
214 1
215 11
216 2
217 11
218 11
219 11
220 6
221 2
222 4
223 5
224 3
225 5
226 16
227 18
228 11
229 6
230 17
231 0
232 5
233 6
234 0
235 5
236 5
237 6
238 5
239 5
240 5
241 5
242 6
243 11
244 5
245 27
246 5
247 27
248 5
249 11
250 11
251 6
252 27
253 27
254 3
255 23
256 6
257 11
258 27
259 5
260 23
261 5
262 5
263 0
264 10
265 9
266 9
267 15
268 10
269 15
270 5
271 14
272 14
273 14
274 5
275 5
276 14
277 14
278 5
279 6
280 6
281 22
282 14
283 14
284 5
285 5
286 5
287 14
288 14
289 14
290 5
291 14
292 11
293 6
294 5
295 9
296 2
297 17
298 6
299 5
300 6
301 5
302 6
303 6
304 6
305 8
306 5
307 23
308 6
309 23
310 23
311 8
312 5
313 25
314 5
315 5
316 15
317 15
318 15
319 5
320 15
321 15
322 14
323 5
324 25
325 9
326 9
327 6
328 14
329 6
330 14
331 3
332 6
333 6
334 27
335 0
336 0
337 27
338 6
339 6
340 25
341 6
342 6
343 6
344 6
345 6
346 6
347 6
348 6
349 14
350 6
351 6
352 6
353 6
354 6
355 6
356 6
357 6
358 6
359 6
360 6
361 14
362 14
363 6
364 5
365 5
366 7
367 7
368 7
369 7
370 7
371 7
372 8
373 7
374 8
375 7
376 7
377 7
378 7
379 7
380 7
381 7
382 8
383 7
384 7
385 7
386 7
387 8
388 8
389 8
390 8
391 8
392 8
393 8
394 8
395 8
396 8
397 8
398 8
399 8
400 8
401 8
402 8
403 8
404 8
405 8
406 8
407 8
408 8
409 8
410 8
411 8
412 8
413 8
414 8
415 8
416 8
417 8
418 8
419 8
420 8
421 8
422 8
423 8
424 8
425 8
426 8
427 6
428 18
429 10
430 9
431 9
432 9
433 9
434 9
435 9
436 9
437 9
438 9
439 9
440 9
441 9
442 9
443 9
444 9
445 9
446 9
447 9
448 10
449 9
450 9
451 10
452 9
453 9
454 9
455 9
456 10
457 9
458 9
459 10
460 9
461 5
462 5
463 5
464 1
465 5
466 5
467 5
468 5
469 5
470 5
471 3
472 1
473 10
474 10
475 5
476 5
477 5
478 5
479 5
480 0
481 5
482 5
483 5
484 5
485 5
486 0
487 5
488 5
489 0
490 10
491 5
492 0
493 0
494 9
495 0
496 10
497 0
498 9
499 10
500 10
501 0
502 10
503 5
504 11
505 9
506 11
507 1
508 10
509 1
510 9
511 0
512 1
513 8
514 1
515 12
516 12
517 9
518 23
519 5
520 18
521 0
522 0
523 3
524 0
525 3
526 3
527 9
528 9
529 0
530 27
531 10
532 2
533 10
534 2
535 3
536 9
537 10
538 5
539 5
540 27
541 5
542 9
543 9
544 10
545 10
546 9
547 5
548 9
549 9
550 5
551 9
552 6
553 27
554 3
555 9
556 5
557 3
558 10
559 10
560 5
561 6
562 10
563 3
564 27
565 5
566 0
567 18
568 10
569 5
570 27
571 3
572 17
573 9
574 2
575 1
576 6
577 5
578 6
579 9
580 18
581 9
582 9
583 18
584 6
585 8
586 16
587 27
588 5
589 3
590 9
591 10
592 10
593 2
594 27
595 18
596 27
597 27
598 10
599 10
600 10
601 5
602 23
603 2
604 10
605 16
606 10
607 3
608 4
609 16
610 4
611 0
612 4
613 5
614 4
615 4
616 4
617 4
618 4
619 5
620 4
621 5
622 5
623 5
624 5
625 5
626 5
627 25
628 5
629 5
630 5
631 10
632 5
633 25
634 5
635 5
636 5
637 5
638 27
639 6
640 15
641 25
642 16
643 26
644 2
645 18
646 27
647 27
648 5
649 3
650 7
651 16
652 10
653 27
654 18
655 0
656 2
657 3
658 3
659 2
660 3
661 3
662 3
663 3
664 2
665 2
666 2
667 2
668 2
669 2
670 2
671 2
672 3
673 3
674 3
675 2
676 2
677 3
678 3
679 2
680 2
681 2
682 2
683 3
684 3
685 2
686 2
687 2
688 2
689 2
690 3
691 3
692 9
693 7
694 23
695 18
696 17
697 27
698 23
699 23
700 18
701 23
702 3
703 3
704 2
705 2
706 3
707 3
708 2
709 2
710 2
711 2
712 3
713 3
714 27
715 5
716 10
717 2
718 3
719 3
720 2
721 3
722 18
723 5
724 23
725 18
726 23
727 10
728 23
729 0
730 3
731 11
732 23
733 18
734 8
735 5
736 9
737 3
738 0
739 17
740 26
741 0
742 3
743 17
744 0
745 0
746 10
747 5
748 0
749 17
750 0
751 3
752 3
753 0
754 3
755 0
756 0
757 0
758 0
759 3
760 0
761 0
762 3
763 1
764 0
765 0
766 0
767 0
768 0
769 1
770 1
771 3
772 1
773 0
774 1
775 1
776 10
777 4
778 12
779 4
780 27
781 12
782 12
783 12
784 12
785 12
786 17
787 12
788 12
789 12
790 12
791 12
792 12
793 9
794 12
795 12
796 12
797 27
798 12
799 12
800 12
801 12
802 12
803 12
804 13
805 12
806 12
807 27
808 2
809 12
810 10
811 12
812 12
813 12
814 12
815 5
816 9
817 12
818 12
819 13
820 12
821 12
822 8
823 18
824 12
825 5
826 23
827 23
828 13
829 13
830 10
831 13
832 13
833 13
834 13
835 13
836 13
837 13
838 13
839 13
840 13
841 13
842 13
843 13
844 13
845 13
846 13
847 13
848 13
849 13
850 17
851 13
852 13
853 13
854 13
855 27
856 13
857 13
858 13
859 13
860 13
861 13
862 9
863 13
864 9
865 11
866 2
867 6
868 9
869 6
870 27
871 10
872 15
873 6
874 15
875 15
876 15
877 15
878 14
879 15
880 15
881 14
882 14
883 14
884 19
885 16
886 16
887 16
888 18
889 16
890 9
891 9
892 14
893 14
894 16
895 14
896 14
897 21
898 14
899 14
900 14
901 14
902 1
903 1
904 6
905 23
906 0
907 2
908 23
909 8
910 9
911 18
912 5
913 27
914 5
915 9
916 14
917 5
918 14
919 14
920 14
921 27
922 18
923 11
924 23
925 23
926 18
927 23
928 14
929 27
930 23
931 23
932 18
933 23
934 23
935 5
936 27
937 23
938 23
939 23
940 6
941 9
942 14
943 14
944 14
945 14
946 14
947 14
948 14
949 14
950 14
951 14
952 2
953 6
954 14
955 9
956 9
957 27
958 18
959 2
960 14
961 11
962 14
963 11
964 14
965 14
966 14
967 11
968 14
969 14
970 14
971 6
972 14
973 14
974 14
975 14
976 14
977 27
978 11
979 16
980 16
981 23
982 14
983 3
984 2
985 3
986 0
987 27
988 27
989 5
990 27
991 9
992 14
993 14
994 16
995 14
996 14
997 16
998 14
999 15
1000 15
1001 11
1002 11
1003 15
1004 15
1005 15
1006 15
1007 15
1008 2
1009 15
1010 15
1011 27
1012 0
1013 15
1014 11
1015 11
1016 15
1017 15
1018 16
1019 27
1020 16
1021 15
1022 15
1023 15
1024 16
1025 15
1026 15
1027 15
1028 15
1029 15
1030 16
1031 15
1032 15
1033 15
1034 15
1035 15
1036 15
1037 11
1038 11
1039 16
1040 16
1041 2
1042 18
1043 16
1044 16
1045 16
1046 16
1047 2
1048 0
1049 16
1050 16
1051 16
1052 18
1053 16
1054 27
1055 27
1056 27
1057 27
1058 6
1059 6
1060 16
1061 18
1062 5
1063 16
1064 17
1065 16
1066 18
1067 5
1068 3
1069 26
1070 16
1071 16
1072 27
1073 16
1074 16
1075 17
1076 22
1077 17
1078 11
1079 17
1080 16
1081 27
1082 17
1083 6
1084 10
1085 17
1086 17
1087 17
1088 17
1089 16
1090 17
1091 11
1092 17
1093 17
1094 17
1095 17
1096 17
1097 17
1098 17
1099 6
1100 6
1101 16
1102 17
1103 17
1104 17
1105 17
1106 17
1107 17
1108 25
1109 17
1110 17
1111 17
1112 17
1113 16
1114 4
1115 6
1116 18
1117 18
1118 18
1119 18
1120 18
1121 27
1122 18
1123 4
1124 12
1125 4
1126 18
1127 18
1128 18
1129 18
1130 18
1131 18
1132 18
1133 18
1134 18
1135 18
1136 18
1137 18
1138 18
1139 18
1140 18
1141 18
1142 18
1143 18
1144 18
1145 18
1146 18
1147 18
1148 18
1149 27
1150 18
1151 18
1152 7
1153 4
1154 19
1155 19
1156 19
1157 19
1158 19
1159 19
1160 19
1161 19
1162 19
1163 19
1164 19
1165 19
1166 19
1167 19
1168 19
1169 19
1170 19
1171 19
1172 19
1173 27
1174 19
1175 19
1176 19
1177 20
1178 20
1179 20
1180 20
1181 5
1182 20
1183 20
1184 20
1185 20
1186 20
1187 20
1188 20
1189 20
1190 20
1191 20
1192 20
1193 20
1194 20
1195 20
1196 20
1197 20
1198 20
1199 20
1200 20
1201 20
1202 20
1203 14
1204 14
1205 15
1206 14
1207 22
1208 15
1209 21
1210 4
1211 2
1212 21
1213 19
1214 15
1215 15
1216 17
1217 21
1218 15
1219 15
1220 11
1221 15
1222 15
1223 15
1224 21
1225 21
1226 21
1227 15
1228 15
1229 15
1230 15
1231 21
1232 21
1233 21
1234 21
1235 21
1236 15
1237 21
1238 21
1239 21
1240 21
1241 15
1242 15
1243 21
1244 22
1245 22
1246 22
1247 22
1248 22
1249 22
1250 22
1251 22
1252 22
1253 22
1254 22
1255 22
1256 22
1257 22
1258 22
1259 22
1260 22
1261 22
1262 22
1263 22
1264 22
1265 22
1266 17
1267 22
1268 15
1269 14
1270 15
1271 23
1272 14
1273 23
1274 14
1275 15
1276 14
1277 23
1278 14
1279 14
1280 23
1281 14
1282 9
1283 23
1284 23
1285 23
1286 16
1287 23
1288 18
1289 23
1290 23
1291 23
1292 15
1293 23
1294 23
1295 23
1296 14
1297 23
1298 23
1299 14
1300 0
1301 15
1302 15
1303 15
1304 14
1305 6
1306 8
1307 6
1308 16
1309 25
1310 21
1311 11
1312 24
1313 24
1314 24
1315 24
1316 24
1317 24
1318 24
1319 24
1320 1
1321 24
1322 24
1323 24
1324 24
1325 24
1326 24
1327 24
1328 24
1329 24
1330 24
1331 24
1332 9
1333 27
1334 24
1335 24
1336 24
1337 24
1338 24
1339 24
1340 24
1341 24
1342 24
1343 24
1344 24
1345 24
1346 24
1347 24
1348 24
1349 11
1350 11
1351 25
1352 1
1353 15
1354 16
1355 3
1356 25
1357 15
1358 15
1359 25
1360 9
1361 18
1362 16
1363 21
1364 16
1365 6
1366 6
1367 21
1368 16
1369 16
1370 14
1371 14
1372 2
1373 11
1374 9
1375 27
1376 27
1377 2
1378 16
1379 16
1380 27
1381 11
1382 11
1383 11
1384 26
1385 26
1386 0
1387 26
1388 0
1389 26
1390 0
1391 26
1392 0
1393 26
1394 26
1395 26
1396 26
1397 24
1398 26
1399 26
1400 6
1401 26
1402 26
1403 26
1404 26
1405 26
1406 13
1407 24
1408 26
1409 13
1410 11
1411 18
1412 6
1413 16
1414 16
1415 16
1416 16
1417 16
1418 16
1419 16
1420 6
1421 11
1422 16
1423 16
