2 0
3 0
4 0
5 0
6 0
7 0
8 0
9 0
10 0
11 0
12 0
13 0
14 0
15 0
16 0
17 0
18 0
19 0
20 0
21 0
22 0
23 0
24 0
25 0
26 0
27 0
28 0
29 0
30 0
31 0
32 0
33 0
34 0
35 0
36 0
37 0
38 0
39 0
40 0
41 0
42 0
43 16
44 0
45 0
46 18
47 7
48 7
49 26
50 14
51 14
52 1
53 1
54 1
55 1
56 1
57 1
58 1
59 1
60 1
61 1
62 1
63 1
64 1
65 1
66 1
67 1
68 1
69 1
70 0
71 0
72 27
73 2
74 3
75 3
76 2
77 3
78 2
79 3
80 3
81 2
82 2
83 2
84 3
85 3
86 3
87 2
88 2
89 3
90 3
91 3
92 3
93 3
94 2
95 2
96 3
97 3
98 2
99 3
100 3
101 2
102 2
103 2
104 2
105 2
106 3
107 3
108 3
109 3
110 3
111 3
112 3
113 3
114 3
115 3
116 3
117 3
118 3
119 3
120 2
121 3
122 3
123 3
124 3
125 3
126 2
127 3
128 3
129 2
130 3
131 3
132 2
133 3
134 3
135 3
136 2
137 2
138 3
139 3
140 3
141 3
142 3
143 2
144 2
145 2
146 3
147 2
148 2
149 2
150 2
151 2
152 2
153 2
154 2
155 3
156 2
157 3
158 10
159 10
160 3
161 2
162 3
163 3
164 3
165 2
166 2
167 2
168 2
169 2
170 2
171 2
172 0
173 4
174 12
175 3
176 13
177 1
178 3
179 1
180 11
181 1
182 2
183 2
184 2
185 2
186 2
187 2
188 2
189 2
190 2
191 2
192 2
193 2
194 2
195 2
196 2
197 2
198 2
199 2
200 2
201 2
202 2
203 2
204 2
205 2
206 2
207 2
208 3
209 2
210 2
211 2
212 2
213 2
214 3
215 2
216 2
217 2
218 2
219 2
220 2
221 2
222 2
223 2
224 2
225 2
226 2
227 2
228 3
229 3
230 3
231 3
232 3
233 3
234 3
235 3
236 3
237 3
238 3
239 3
240 3
241 3
242 3
243 3
244 3
245 3
246 3
247 3
248 3
249 3
250 3
251 3
252 27
253 27
254 27
255 27
256 26
257 26
258 26
259 27
260 26
261 26
262 3
263 1
264 1
265 1
266 1
267 2
268 1
269 2
270 2
271 1
272 4
273 4
274 4
275 4
276 4
277 4
278 4
279 4
280 4
281 4
282 4
283 4
284 3
285 2
286 3
287 16
288 4
289 4
290 4
291 4
292 4
293 4
294 4
295 4
296 4
297 4
298 4
299 4
300 4
301 4
302 4
303 4
304 4
305 0
306 5
307 5
308 5
309 25
310 5
311 5
312 5
313 5
314 5
315 5
316 5
317 5
318 5
319 5
320 5
321 5
322 5
323 5
324 5
325 5
326 5
327 5
328 5
329 5
330 5
331 5
332 5
333 5
334 5
335 5
336 5
337 5
338 5
339 5
340 5
341 5
342 5
343 5
344 5
345 4
346 5
347 4
348 4
349 4
350 4
351 5
352 4
353 5
354 5
355 5
356 5
357 25
358 5
359 5
360 5
361 5
362 4
363 4
364 4
365 4
366 16
367 4
368 5
369 5
370 4
371 5
372 5
373 27
374 18
375 5
376 5
377 5
378 6
379 6
380 6
381 6
382 6
383 6
384 6
385 6
386 6
387 6
388 6
389 6
390 6
391 6
392 6
393 6
394 6
395 6
396 6
397 6
398 6
399 6
400 6
401 6
402 6
403 4
404 6
405 6
406 6
407 6
408 6
409 6
410 6
411 0
412 15
413 7
414 7
415 7
416 7
417 7
418 7
419 7
420 7
421 7
422 7
423 7
424 7
425 7
426 7
427 7
428 7
429 7
430 7
431 7
432 7
433 7
434 7
435 7
436 7
437 7
438 7
439 7
440 7
441 7
442 7
443 7
444 7
445 8
446 8
447 8
448 8
449 8
450 8
451 8
452 8
453 8
454 8
455 8
456 8
457 8
458 8
459 8
460 8
461 8
462 8
463 8
464 8
465 8
466 8
467 8
468 8
469 8
470 8
471 8
472 8
473 8
474 8
475 8
476 7
477 7
478 11
479 11
480 0
481 11
482 11
483 0
484 11
485 11
486 11
487 11
488 11
489 9
490 11
491 0
492 11
493 2
494 0
495 0
496 0
497 0
498 11
499 0
500 0
501 11
502 11
503 11
504 11
505 11
506 11
507 0
508 11
509 0
510 11
511 0
512 3
513 3
514 3
515 3
516 10
517 10
518 10
519 3
520 10
521 10
522 10
523 10
524 10
525 10
526 10
527 10
528 10
529 10
530 10
531 10
532 10
533 10
534 10
535 10
536 10
537 10
538 10
539 10
540 10
541 10
542 10
543 3
544 3
545 3
546 5
547 3
548 11
549 3
550 3
551 3
552 4
553 4
554 1
555 6
556 3
557 11
558 11
559 11
560 11
561 11
562 11
563 11
564 11
565 11
566 11
567 11
568 11
569 11
570 11
571 11
572 11
573 11
574 11
575 11
576 11
577 11
578 11
579 11
580 11
581 11
582 11
583 11
584 11
585 3
586 3
587 2
588 1
589 0
590 0
591 0
592 0
593 0
594 1
595 0
596 1
597 27
598 26
599 26
600 26
601 5
602 5
603 5
604 5
605 5
606 24
607 5
608 5
609 5
610 5
611 5
612 5
613 5
614 5
615 5
616 4
617 4
618 5
619 5
620 4
621 12
622 12
623 4
624 7
625 4
626 2
627 27
628 20
629 27
630 27
631 27
632 27
633 27
634 14
635 14
636 14
637 16
638 25
639 14
640 0
641 16
642 6
643 15
644 7
645 18
646 12
647 6
648 12
649 6
650 4
651 12
652 12
653 12
654 12
655 4
656 12
657 12
658 12
659 12
660 12
661 12
662 12
663 12
664 4
665 13
666 4
667 12
668 12
669 12
670 4
671 4
672 12
673 4
674 12
675 12
676 12
677 12
678 12
679 12
680 12
681 12
682 12
683 12
684 12
685 12
686 12
687 12
688 12
689 12
690 12
691 12
692 12
693 12
694 12
695 12
696 13
697 13
698 13
699 13
700 13
701 13
702 13
703 13
704 13
705 13
706 13
707 13
708 13
709 13
710 13
711 13
712 13
713 13
714 13
715 13
716 13
717 13
718 13
719 13
720 13
721 13
722 13
723 13
724 12
725 15
726 14
727 14
728 14
729 14
730 14
731 14
732 14
733 14
734 15
735 14
736 14
737 14
738 14
739 14
740 14
741 14
742 14
743 14
744 14
745 14
746 14
747 14
748 14
749 14
750 14
751 14
752 14
753 14
754 14
755 14
756 15
757 15
758 15
759 15
760 15
761 15
762 15
763 15
764 15
765 15
766 15
767 15
768 15
769 15
770 15
771 15
772 15
773 15
774 15
775 15
776 15
777 15
778 15
779 15
780 15
781 15
782 15
783 15
784 4
785 16
786 16
787 16
788 2
789 2
790 16
791 16
792 7
793 7
794 17
795 26
796 18
797 7
798 7
799 7
800 7
801 7
802 16
803 16
804 16
805 16
806 16
807 16
808 16
809 16
810 16
811 16
812 16
813 16
814 16
815 16
816 16
817 16
818 16
819 16
820 16
821 16
822 4
823 4
824 4
825 4
826 4
827 4
828 4
829 4
830 4
831 4
832 16
833 16
834 16
835 16
836 16
837 16
838 16
839 16
840 16
841 14
842 0
843 18
844 18
845 7
846 7
847 7
848 15
849 18
850 7
851 7
852 15
853 4
854 4
855 17
856 6
857 6
858 6
859 11
860 6
861 4
862 7
863 19
864 6
865 6
866 6
867 17
868 19
869 6
870 0
871 6
872 4
873 16
874 16
875 16
876 16
877 16
878 16
879 19
880 19
881 20
882 19
883 19
884 19
885 19
886 19
887 16
888 16
889 16
890 16
891 16
892 16
893 16
894 16
895 16
896 16
897 18
898 16
899 16
900 16
901 16
902 16
903 16
904 16
905 16
906 16
907 16
908 16
909 16
910 16
911 16
912 3
913 4
914 4
915 4
916 4
917 4
918 4
919 4
920 4
921 16
922 3
923 10
924 4
925 5
926 4
927 4
928 4
929 6
930 6
931 5
932 5
933 16
934 4
935 16
936 5
937 4
938 3
939 16
940 6
941 6
942 4
943 16
944 16
945 16
946 16
947 16
948 4
949 4
950 16
951 16
952 6
953 10
954 5
955 4
956 3
957 5
958 6
959 5
960 3
961 4
962 3
963 5
964 4
965 3
966 17
967 4
968 4
969 4
970 4
971 19
972 4
973 4
974 4
975 4
976 4
977 4
978 5
979 5
980 4
981 4
982 16
983 19
984 16
985 16
986 13
987 16
988 16
989 4
990 1
991 0
992 16
993 16
994 13
995 16
996 17
997 10
998 17
999 16
1000 4
1001 14
1002 4
1003 17
1004 0
1005 17
1006 4
1007 17
1008 16
1009 4
1010 4
1011 17
1012 5
1013 4
1014 4
1015 4
1016 4
1017 10
1018 5
1019 5
1020 6
1021 4
1022 7
1023 17
1024 7
1025 18
1026 7
1027 16
1028 3
1029 3
1030 19
1031 16
1032 6
1033 0
1034 6
1035 4
1036 19
1037 16
1038 19
1039 19
1040 19
1041 10
1042 19
1043 19
1044 6
1045 19
1046 19
1047 19
1048 19
1049 19
1050 19
1051 19
1052 19
1053 19
1054 17
1055 19
1056 7
1057 19
1058 19
1059 19
1060 19
1061 22
1062 22
1063 22
1064 17
1065 17
1066 17
1067 17
1068 17
1069 17
1070 17
1071 17
1072 17
1073 17
1074 17
1075 17
1076 17
1077 17
1078 17
1079 17
1080 17
1081 17
1082 17
1083 17
1084 17
1085 17
1086 17
1087 17
1088 17
1089 17
1090 17
1091 17
1092 17
1093 17
1094 17
1095 17
1096 17
1097 17
1098 17
1099 17
1100 17
1101 17
1102 17
1103 17
1104 17
1105 17
1106 17
1107 17
1108 17
1109 17
1110 17
1111 17
1112 17
1113 17
1114 17
1115 17
1116 17
1117 17
1118 17
1119 17
1120 17
1121 17
1122 17
1123 17
1124 17
1125 17
1126 17
1127 17
1128 17
1129 17
1130 17
1131 17
1132 17
1133 17
1134 0
1135 18
1136 18
1137 18
1138 18
1139 18
1140 18
1141 18
1142 27
1143 27
1144 27
1145 27
1146 27
1147 27
1148 27
1149 18
1150 27
1151 27
1152 18
1153 18
1154 18
1155 27
1156 18
1157 27
1158 18
1159 16
1160 18
1161 27
1162 18
1163 18
1164 27
1165 18
1166 18
1167 18
1168 7
1169 2
1170 9
1171 16
1172 17
1173 27
1174 3
1175 19
1176 19
1177 19
1178 19
1179 19
1180 19
1181 19
1182 19
1183 19
1184 19
1185 19
1186 19
1187 19
1188 19
1189 19
1190 19
1191 19
1192 19
1193 19
1194 19
1195 19
1196 19
1197 19
1198 19
1199 19
1200 19
1201 19
1202 19
1203 19
1204 19
1205 19
1206 19
1207 20
1208 20
1209 20
1210 20
1211 20
1212 20
1213 20
1214 20
1215 20
1216 20
1217 20
1218 20
1219 20
1220 20
1221 20
1222 20
1223 20
1224 20
1225 20
1226 20
1227 20
1228 20
1229 20
1230 20
1231 20
1232 20
1233 20
1234 20
1235 19
1236 19
1237 5
1238 16
1239 16
1240 19
1241 21
1242 21
1243 21
1244 21
1245 21
1246 21
1247 21
1248 21
1249 21
1250 21
1251 19
1252 17
1253 17
1254 7
1255 17
1256 17
1257 17
1258 18
1259 17
1260 18
1261 7
1262 21
1263 14
1264 21
1265 21
1266 14
1267 19
1268 21
1269 14
1270 21
1271 15
1272 21
1273 22
1274 22
1275 22
1276 22
1277 22
1278 22
1279 22
1280 22
1281 22
1282 22
1283 22
1284 22
1285 22
1286 22
1287 22
1288 22
1289 22
1290 22
1291 22
1292 22
1293 22
1294 22
1295 22
1296 22
1297 17
1298 21
1299 23
1300 23
1301 23
1302 23
1303 23
1304 23
1305 23
1306 23
1307 23
1308 23
1309 23
1310 23
1311 23
1312 23
1313 23
1314 23
1315 23
1316 23
1317 23
1318 23
1319 23
1320 23
1321 23
1322 23
1323 27
1324 23
1325 23
1326 23
1327 23
1328 23
1329 23
1330 23
1331 23
1332 12
1333 15
1334 -1
1335 7
1336 18
1337 4
1338 4
1339 24
1340 26
1341 24
1342 24
1343 24
1344 24
1345 0
1346 24
1347 24
1348 26
1349 26
1350 24
1351 26
1352 24
1353 24
1354 26
1355 26
1356 24
1357 26
1358 26
1359 26
1360 26
1361 26
1362 26
1363 26
1364 26
1365 26
1366 24
1367 26
1368 26
1369 26
1370 14
1371 25
1372 26
1373 26
1374 26
1375 24
1376 26
1377 26
1378 26
1379 26
1380 24
1381 26
1382 25
1383 25
1384 25
1385 25
1386 25
1387 25
1388 25
1389 25
1390 25
1391 25
1392 18
1393 24
1394 24
1395 25
1396 25
1397 25
1398 18
1399 24
1400 25
1401 25
1402 25
1403 26
1404 18
1405 25
1406 27
1407 25
1408 18
1409 25
1410 18
1411 25
1412 25
1413 25
1414 25
1415 17
1416 15
1417 26
1418 26
1419 26
1420 26
1421 26
1422 26
1423 26
1424 26
1425 26
1426 26
1427 26
1428 26
1429 26
1430 26
1431 26
1432 26
1433 26
1434 26
1435 26
1436 26
1437 26
1438 26
1439 26
1440 26
1441 26
1442 26
1443 26
1444 26
1445 26
1446 26
1447 26
1448 26
1449 26
1450 26
1451 26
1452 26
1453 26
1454 26
1455 26
1456 15
1457 26
1458 27
1459 18
1460 24
1461 18
1462 16
1463 18
1464 26
1465 18
1466 18
1467 27
1468 18
1469 16
1470 27
1471 26
1472 18
1473 18
1474 26
1475 27
1476 16
1477 26
