2 0
3 0
4 0
5 0
6 0
7 0
8 0
9 0
10 0
11 0
12 0
13 0
14 0
15 0
16 0
17 0
18 0
19 7
20 0
21 0
22 0
23 0
24 0
25 0
26 0
27 0
28 0
29 0
30 0
31 0
32 0
33 0
34 0
35 0
36 0
37 0
38 0
39 0
40 0
41 0
42 0
43 1
44 0
45 0
46 0
47 0
48 0
49 0
50 0
51 0
52 0
53 0
54 0
55 0
56 1
57 1
58 1
59 1
60 1
61 1
62 1
63 1
64 1
65 1
66 1
67 1
68 1
69 1
70 1
71 1
72 1
73 1
74 1
75 1
76 1
77 1
78 1
79 1
80 1
81 1
82 1
83 1
84 1
85 8
86 7
87 4
88 2
89 2
90 2
91 2
92 2
93 2
94 2
95 2
96 2
97 2
98 2
99 2
100 2
101 2
102 2
103 2
104 2
105 2
106 2
107 3
108 2
109 2
110 2
111 2
112 2
113 2
114 2
115 2
116 2
117 2
118 2
119 2
120 2
121 2
122 2
123 2
124 2
125 2
126 2
127 2
128 2
129 2
130 2
131 2
132 3
133 3
134 3
135 3
136 3
137 3
138 3
139 3
140 3
141 3
142 3
143 3
144 3
145 3
146 3
147 3
148 3
149 3
150 3
151 3
152 3
153 3
154 3
155 3
156 3
157 3
158 3
159 3
160 3
161 3
162 3
163 3
164 3
165 3
166 3
167 3
168 3
169 3
170 14
171 26
172 4
173 4
174 4
175 4
176 4
177 4
178 4
179 4
180 4
181 4
182 18
183 18
184 18
185 18
186 18
187 18
188 18
189 18
190 18
191 18
192 4
193 4
194 4
195 4
196 4
197 4
198 4
199 26
200 4
201 6
202 5
203 5
204 5
205 5
206 5
207 5
208 5
209 5
210 5
211 5
212 5
213 5
214 5
215 5
216 5
217 5
218 5
219 5
220 5
221 5
222 5
223 5
224 5
225 5
226 5
227 5
228 5
229 5
230 5
231 5
232 5
233 5
234 5
235 25
236 5
237 5
238 16
239 16
240 16
241 16
242 16
243 16
244 27
245 16
246 27
247 16
248 16
249 4
250 26
251 16
252 16
253 18
254 18
255 18
256 14
257 18
258 18
259 5
260 14
261 18
262 16
263 16
264 16
265 16
266 16
267 15
268 4
269 6
270 1
271 16
272 16
273 4
274 16
275 16
276 6
277 16
278 4
279 16
280 16
281 16
282 16
283 16
284 16
285 4
286 4
287 25
288 16
289 16
290 16
291 4
292 6
293 6
294 6
295 6
296 6
297 6
298 4
299 6
300 6
301 4
302 4
303 4
304 4
305 6
306 6
307 6
308 6
309 6
310 6
311 4
312 4
313 6
314 4
315 4
316 4
317 6
318 4
319 6
320 4
321 6
322 6
323 4
324 6
325 6
326 4
327 6
328 4
329 27
330 13
331 7
332 7
333 7
334 7
335 7
336 7
337 7
338 7
339 7
340 7
341 7
342 7
343 7
344 7
345 7
346 7
347 7
348 7
349 7
350 7
351 7
352 7
353 7
354 7
355 7
356 8
357 8
358 8
359 8
360 8
361 8
362 8
363 8
364 8
365 8
366 8
367 8
368 8
369 8
370 8
371 8
372 16
373 8
374 27
375 27
376 8
377 8
378 8
379 8
380 8
381 8
382 8
383 8
384 1
385 3
386 7
387 0
388 7
389 0
390 11
391 11
392 11
393 0
394 0
395 11
396 0
397 0
398 0
399 0
400 0
401 0
402 0
403 0
404 0
405 0
406 0
407 0
408 0
409 0
410 0
411 0
412 0
413 0
414 0
415 0
416 0
417 0
418 0
419 0
420 0
421 9
422 3
423 3
424 14
425 14
426 14
427 3
428 10
429 3
430 3
431 14
432 3
433 3
434 10
435 3
436 3
437 3
438 3
439 3
440 18
441 2
442 3
443 3
444 3
445 3
446 3
447 10
448 3
449 3
450 3
451 3
452 18
453 18
454 18
455 18
456 18
457 18
458 18
459 18
460 18
461 18
462 3
463 3
464 3
465 0
466 3
467 11
468 11
469 11
470 11
471 11
472 3
473 0
474 3
475 15
476 3
477 0
478 3
479 3
480 0
481 16
482 7
483 7
484 1
485 3
486 7
487 7
488 7
489 2
490 7
491 7
492 11
493 11
494 11
495 11
496 11
497 0
498 11
499 11
500 11
501 11
502 11
503 11
504 11
505 11
506 11
507 11
508 11
509 11
510 11
511 11
512 0
513 3
514 11
515 7
516 3
517 7
518 7
519 0
520 5
521 0
522 0
523 0
524 0
525 0
526 0
527 0
528 0
529 0
530 0
531 0
532 0
533 14
534 18
535 0
536 0
537 18
538 18
539 18
540 18
541 18
542 12
543 7
544 12
545 12
546 12
547 2
548 12
549 4
550 13
551 12
552 12
553 12
554 12
555 12
556 12
557 12
558 12
559 12
560 12
561 12
562 12
563 12
564 12
565 12
566 12
567 12
568 12
569 12
570 3
571 3
572 13
573 13
574 13
575 13
576 13
577 13
578 13
579 13
580 13
581 13
582 3
583 3
584 27
585 3
586 3
587 2
588 7
589 10
590 2
591 3
592 -1
593 13
594 -1
595 27
596 16
597 14
598 14
599 11
600 -1
601 27
602 4
603 4
604 6
605 4
606 4
607 4
608 4
609 4
610 4
611 4
612 25
613 4
614 11
615 16
616 14
617 27
618 14
619 4
620 14
621 14
622 14
623 14
624 14
625 14
626 14
627 14
628 14
629 14
630 14
631 14
632 14
633 14
634 14
635 14
636 14
637 14
638 14
639 14
640 14
641 14
642 14
643 14
644 14
645 14
646 14
647 14
648 14
649 14
650 14
651 14
652 14
653 14
654 14
655 14
656 14
657 14
658 14
659 14
660 14
661 14
662 15
663 15
664 15
665 15
666 15
667 15
668 15
669 15
670 15
671 15
672 15
673 15
674 15
675 15
676 15
677 15
678 15
679 15
680 15
681 15
682 15
683 15
684 15
685 15
686 15
687 15
688 15
689 15
690 15
691 15
692 15
693 15
694 15
695 15
696 15
697 16
698 16
699 16
700 16
701 16
702 18
703 18
704 14
705 18
706 18
707 0
708 18
709 18
710 16
711 16
712 16
713 11
714 16
715 16
716 16
717 16
718 16
719 16
720 16
721 16
722 16
723 16
724 16
725 16
726 16
727 16
728 16
729 16
730 16
731 16
732 16
733 16
734 16
735 16
736 16
737 17
738 17
739 17
740 17
741 17
742 17
743 17
744 17
745 17
746 17
747 17
748 17
749 17
750 17
751 17
752 17
753 17
754 17
755 17
756 17
757 17
758 17
759 17
760 17
761 17
762 17
763 17
764 17
765 17
766 17
767 17
768 17
769 17
770 17
771 17
772 17
773 4
774 4
775 18
776 18
777 18
778 18
779 18
780 18
781 18
782 18
783 18
784 18
785 18
786 18
787 18
788 18
789 18
790 18
791 4
792 15
793 22
794 22
795 22
796 22
797 15
798 15
799 15
800 2
801 15
802 18
803 18
804 18
805 18
806 18
807 27
808 18
809 27
810 18
811 4
812 18
813 18
814 18
815 18
816 18
817 18
818 18
819 18
820 18
821 18
822 18
823 18
824 18
825 18
826 18
827 18
828 18
829 18
830 18
831 18
832 18
833 18
834 16
835 18
836 18
837 18
838 18
839 18
840 18
841 18
842 18
843 18
844 18
845 18
846 18
847 18
848 18
849 18
850 18
851 18
852 18
853 18
854 18
855 18
856 18
857 18
858 18
859 7
860 16
861 19
862 19
863 19
864 19
865 19
866 19
867 19
868 19
869 19
870 19
871 19
872 19
873 19
874 19
875 19
876 19
877 19
878 19
879 19
880 19
881 19
882 19
883 19
884 19
885 19
886 19
887 19
888 19
889 15
890 15
891 15
892 20
893 -1
894 -1
895 -1
896 20
897 20
898 -1
899 -1
900 -1
901 -1
902 4
903 4
904 4
905 4
906 4
907 16
908 16
909 27
910 16
911 20
912 20
913 20
914 20
915 20
916 20
917 20
918 20
919 20
920 20
921 20
922 20
923 20
924 20
925 20
926 20
927 20
928 20
929 20
930 20
931 20
932 20
933 20
934 20
935 20
936 20
937 20
938 20
939 20
940 20
941 20
942 20
943 20
944 19
945 16
946 12
947 19
948 21
949 21
950 21
951 21
952 21
953 21
954 21
955 21
956 21
957 21
958 21
959 21
960 21
961 21
962 21
963 21
964 21
965 21
966 21
967 21
968 21
969 21
970 21
971 21
972 21
973 18
974 14
975 21
976 21
977 18
978 21
979 21
980 21
981 21
982 21
983 22
984 22
985 21
986 22
987 22
988 22
989 22
990 22
991 22
992 22
993 22
994 22
995 22
996 22
997 22
998 22
999 22
1000 22
1001 15
1002 22
1003 22
1004 15
1005 22
1006 22
1007 22
1008 22
1009 22
1010 22
1011 22
1012 22
1013 22
1014 22
1015 22
1016 23
1017 23
1018 23
1019 23
1020 23
1021 12
1022 23
1023 23
1024 23
1025 23
1026 23
1027 23
1028 23
1029 23
1030 23
1031 12
1032 23
1033 23
1034 23
1035 23
1036 23
1037 23
1038 23
1039 23
1040 23
1041 23
1042 23
1043 23
1044 23
1045 23
1046 23
1047 14
1048 15
1049 -1
1050 -1
1051 -1
1052 -1
1053 4
1054 4
1055 4
1056 4
1057 26
1058 24
1059 24
1060 24
1061 24
1062 24
1063 24
1064 24
1065 24
1066 24
1067 24
1068 24
1069 24
1070 24
1071 24
1072 24
1073 0
1074 18
1075 26
1076 26
1077 24
1078 24
1079 24
1080 24
1081 24
1082 24
1083 24
1084 24
1085 24
1086 24
1087 24
1088 24
1089 24
1090 26
1091 24
1092 24
1093 26
1094 26
1095 24
1096 24
1097 24
1098 24
1099 24
1100 24
1101 24
1102 26
1103 26
1104 26
1105 24
1106 24
1107 24
1108 25
1109 25
1110 25
1111 25
1112 26
1113 25
1114 25
1115 25
1116 25
1117 25
1118 25
1119 25
1120 25
1121 25
1122 25
1123 25
1124 24
1125 25
1126 25
1127 25
1128 24
1129 24
1130 25
1131 25
1132 25
1133 25
1134 26
1135 26
1136 24
1137 18
1138 26
1139 24
1140 26
1141 26
1142 26
1143 26
1144 26
1145 26
1146 26
1147 26
1148 26
1149 26
1150 26
1151 26
1152 26
1153 26
1154 26
1155 26
1156 26
1157 26
1158 26
1159 26
1160 26
1161 26
1162 27
1163 27
1164 27
1165 27
1166 27
1167 27
1168 27
1169 27
1170 27
1171 27
1172 24
1173 18
1174 18
1175 18
1176 25
1177 25
1178 25
1179 25
1180 25
1181 25
1182 27
1183 27
1184 27
1185 27
1186 27
1187 27
1188 27
1189 27
1190 27
1191 27
1192 18
1193 18
1194 18
1195 18
1196 18
1197 18
1198 18
1199 18
