2 1
3 1
4 0
5 0
6 0
7 1
8 0
9 0
10 0
11 0
12 0
13 0
14 0
15 0
16 0
17 0
18 0
19 0
20 0
21 0
22 0
23 2
24 0
25 1
26 0
27 1
28 18
29 0
30 0
31 0
32 0
33 0
34 0
35 0
36 0
37 0
38 0
39 0
40 0
41 0
42 0
43 0
44 0
45 0
46 0
47 0
48 0
49 0
50 0
51 0
52 0
53 1
54 0
55 0
56 0
57 0
58 0
59 0
60 0
61 0
62 0
63 0
64 0
65 0
66 1
67 1
68 1
69 1
70 1
71 1
72 1
73 1
74 1
75 1
76 1
77 1
78 1
79 1
80 1
81 1
82 1
83 1
84 1
85 1
86 1
87 1
88 1
89 1
90 1
91 1
92 1
93 1
94 1
95 1
96 1
97 7
98 2
99 2
100 2
101 2
102 2
103 2
104 2
105 2
106 2
107 2
108 2
109 2
110 2
111 2
112 2
113 2
114 2
115 2
116 2
117 2
118 2
119 2
120 2
121 2
122 2
123 2
124 2
125 2
126 2
127 2
128 2
129 2
130 2
131 2
132 2
133 2
134 3
135 3
136 3
137 3
138 3
139 3
140 3
141 3
142 3
143 3
144 3
145 3
146 3
147 3
148 3
149 3
150 3
151 3
152 3
153 3
154 3
155 3
156 3
157 3
158 3
159 3
160 3
161 3
162 4
163 4
164 4
165 14
166 23
167 14
168 14
169 4
170 4
171 4
172 4
173 4
174 4
175 4
176 4
177 4
178 4
179 4
180 4
181 4
182 4
183 4
184 4
185 4
186 4
187 4
188 4
189 4
190 4
191 4
192 4
193 4
194 4
195 4
196 14
197 17
198 10
199 5
200 5
201 4
202 10
203 5
204 5
205 5
206 5
207 5
208 5
209 5
210 5
211 5
212 5
213 5
214 5
215 5
216 5
217 5
218 5
219 5
220 5
221 5
222 5
223 5
224 5
225 5
226 5
227 5
228 5
229 5
230 5
231 5
232 5
233 5
234 5
235 5
236 5
237 5
238 5
239 5
240 5
241 5
242 5
243 5
244 5
245 5
246 5
247 5
248 5
249 5
250 5
251 5
252 5
253 5
254 5
255 5
256 5
257 5
258 5
259 5
260 5
261 5
262 5
263 5
264 5
265 5
266 5
267 5
268 5
269 5
270 5
271 5
272 5
273 5
274 5
275 5
276 5
277 5
278 5
279 5
280 5
281 5
282 5
283 4
284 5
285 4
286 4
287 5
288 5
289 5
290 5
291 5
292 5
293 5
294 5
295 5
296 5
297 5
298 5
299 5
300 5
301 5
302 5
303 5
304 5
305 5
306 5
307 5
308 5
309 5
310 5
311 5
312 6
313 5
314 6
315 5
316 5
317 5
318 5
319 5
320 5
321 5
322 6
323 12
324 6
325 6
326 6
327 6
328 6
329 6
330 6
331 6
332 6
333 5
334 6
335 6
336 6
337 6
338 6
339 6
340 6
341 6
342 6
343 6
344 6
345 6
346 6
347 6
348 6
349 6
350 6
351 6
352 6
353 6
354 6
355 6
356 6
357 6
358 6
359 6
360 6
361 6
362 6
363 6
364 6
365 6
366 6
367 6
368 6
369 6
370 6
371 6
372 6
373 6
374 6
375 6
376 6
377 6
378 6
379 6
380 6
381 6
382 6
383 6
384 6
385 6
386 6
387 6
388 6
389 6
390 6
391 6
392 6
393 6
394 6
395 6
396 6
397 6
398 6
399 6
400 19
401 7
402 8
403 7
404 7
405 7
406 7
407 7
408 7
409 7
410 7
411 7
412 7
413 7
414 7
415 7
416 7
417 7
418 7
419 7
420 7
421 7
422 7
423 7
424 7
425 7
426 8
427 8
428 8
429 8
430 8
431 8
432 8
433 8
434 8
435 8
436 8
437 8
438 8
439 8
440 8
441 8
442 8
443 8
444 8
445 8
446 8
447 8
448 8
449 8
450 8
451 8
452 8
453 8
454 7
455 9
456 9
457 9
458 9
459 9
460 9
461 9
462 9
463 9
464 9
465 9
466 9
467 9
468 9
469 9
470 9
471 9
472 9
473 9
474 9
475 9
476 9
477 9
478 9
479 9
480 9
481 9
482 9
483 9
484 9
485 9
486 9
487 9
488 9
489 0
490 0
491 0
492 0
493 0
494 0
495 0
496 0
497 0
498 0
499 0
500 0
501 0
502 0
503 0
504 7
505 0
506 0
507 0
508 0
509 0
510 0
511 7
512 0
513 0
514 0
515 0
516 0
517 0
518 0
519 0
520 7
521 0
522 0
523 8
524 8
525 0
526 0
527 0
528 5
529 0
530 0
531 0
532 7
533 0
534 10
535 0
536 0
537 0
538 0
539 0
540 0
541 0
542 0
543 0
544 8
545 8
546 0
547 8
548 8
549 8
550 8
551 1
552 0
553 8
554 5
555 8
556 8
557 8
558 8
559 8
560 8
561 0
562 8
563 7
564 5
565 8
566 0
567 8
568 0
569 0
570 8
571 8
572 0
573 0
574 0
575 0
576 0
577 22
578 14
579 13
580 15
581 15
582 15
583 15
584 16
585 16
586 24
587 16
588 16
589 24
590 14
591 24
592 24
593 4
594 22
595 10
596 10
597 10
598 10
599 10
600 10
601 10
602 10
603 10
604 10
605 0
606 5
607 10
608 5
609 1
610 10
611 10
612 10
613 10
614 10
615 10
616 10
617 10
618 10
619 10
620 8
621 10
622 0
623 10
624 10
625 10
626 0
627 5
628 0
629 0
630 0
631 0
632 0
633 6
634 11
635 6
636 0
637 0
638 27
639 10
640 10
641 27
642 27
643 7
644 0
645 0
646 7
647 7
648 0
649 11
650 7
651 11
652 0
653 11
654 11
655 11
656 7
657 11
658 11
659 11
660 11
661 11
662 11
663 11
664 11
665 11
666 11
667 11
668 0
669 11
670 11
671 11
672 11
673 11
674 11
675 11
676 3
677 11
678 11
679 11
680 11
681 11
682 11
683 11
684 11
685 11
686 11
687 11
688 11
689 11
690 0
691 11
692 11
693 11
694 11
695 11
696 2
697 11
698 11
699 11
700 11
701 11
702 0
703 0
704 7
705 7
706 7
707 7
708 0
709 7
710 27
711 27
712 7
713 7
714 7
715 7
716 7
717 7
718 7
719 7
720 7
721 7
722 7
723 7
724 7
725 7
726 7
727 0
728 7
729 12
730 12
731 12
732 12
733 12
734 12
735 12
736 12
737 12
738 12
739 12
740 12
741 12
742 19
743 16
744 12
745 13
746 19
747 12
748 16
749 16
750 16
751 16
752 16
753 16
754 12
755 12
756 12
757 4
758 12
759 12
760 12
761 12
762 12
763 12
764 12
765 12
766 12
767 19
768 12
769 12
770 12
771 12
772 12
773 12
774 12
775 12
776 12
777 12
778 12
779 12
780 12
781 12
782 12
783 12
784 12
785 2
786 12
787 12
788 12
789 12
790 12
791 12
792 12
793 12
794 12
795 12
796 12
797 12
798 12
799 12
800 12
801 12
802 12
803 12
804 12
805 12
806 12
807 12
808 13
809 13
810 13
811 12
812 13
813 13
814 13
815 13
816 13
817 13
818 13
819 13
820 13
821 13
822 13
823 13
824 13
825 4
826 5
827 13
828 13
829 13
830 14
831 13
832 13
833 13
834 13
835 12
836 19
837 14
838 14
839 14
840 14
841 14
842 14
843 14
844 14
845 14
846 14
847 14
848 14
849 14
850 14
851 14
852 15
853 14
854 14
855 14
856 14
857 14
858 14
859 14
860 14
861 14
862 14
863 13
864 14
865 14
866 15
867 14
868 14
869 14
870 14
871 14
872 14
873 14
874 15
875 15
876 15
877 15
878 15
879 19
880 15
881 15
882 19
883 15
884 15
885 15
886 15
887 15
888 15
889 19
890 15
891 15
892 15
893 12
894 12
895 15
896 15
897 20
898 15
899 15
900 13
901 15
902 15
903 15
904 13
905 15
906 15
907 13
908 15
909 15
910 13
911 15
912 15
913 15
914 12
915 16
916 20
917 16
918 16
919 20
920 16
921 16
922 16
923 20
924 16
925 16
926 16
927 16
928 16
929 16
930 16
931 14
932 6
933 16
934 16
935 16
936 16
937 16
938 16
939 16
940 20
941 16
942 20
943 27
944 16
945 6
946 16
947 20
948 16
949 16
950 11
951 -1
952 7
953 17
954 0
955 17
956 12
957 17
958 17
959 17
960 17
961 17
962 17
963 17
964 17
965 17
966 17
967 17
968 22
969 17
970 17
971 17
972 17
973 17
974 17
975 17
976 17
977 17
978 17
979 17
980 17
981 17
982 17
983 17
984 17
985 23
986 17
987 17
988 17
989 4
990 17
991 4
992 7
993 15
994 16
995 12
996 12
997 12
998 18
999 15
1000 15
1001 18
1002 23
1003 19
1004 18
1005 15
1006 15
1007 16
1008 15
1009 16
1010 17
1011 17
1012 16
1013 17
1014 18
1015 16
1016 18
1017 15
1018 18
1019 18
1020 18
1021 18
1022 18
1023 18
1024 15
1025 16
1026 4
1027 4
1028 12
1029 7
1030 23
1031 15
1032 12
1033 -1
1034 16
1035 18
1036 16
1037 18
1038 18
1039 18
1040 12
1041 18
1042 18
1043 18
1044 18
1045 18
1046 15
1047 15
1048 15
1049 15
1050 15
1051 15
1052 18
1053 4
1054 23
1055 15
1056 15
1057 27
1058 -1
1059 18
1060 16
1061 15
1062 18
1063 16
1064 18
1065 15
1066 15
1067 15
1068 4
1069 23
1070 15
1071 16
1072 4
1073 14
1074 16
1075 16
1076 14
1077 -1
1078 19
1079 14
1080 19
1081 19
1082 19
1083 19
1084 19
1085 19
1086 19
1087 19
1088 19
1089 19
1090 19
1091 19
1092 19
1093 19
1094 19
1095 19
1096 19
1097 19
1098 20
1099 19
1100 19
1101 20
1102 19
1103 19
1104 20
1105 20
1106 20
1107 20
1108 20
1109 20
1110 20
1111 20
1112 20
1113 20
1114 20
1115 20
1116 20
1117 20
1118 20
1119 20
1120 20
1121 20
1122 20
1123 20
1124 20
1125 20
1126 20
1127 20
1128 20
1129 20
1130 20
1131 20
1132 14
1133 13
1134 19
1135 21
1136 21
1137 21
1138 21
1139 21
1140 19
1141 19
1142 19
1143 0
1144 19
1145 21
1146 14
1147 21
1148 -1
1149 19
1150 19
1151 19
1152 19
1153 19
1154 21
1155 20
1156 20
1157 21
1158 19
1159 19
1160 19
1161 19
1162 12
1163 19
1164 21
1165 21
1166 21
1167 21
1168 21
1169 21
1170 21
1171 21
1172 19
1173 19
1174 21
1175 21
1176 15
1177 21
1178 21
1179 21
1180 21
1181 15
1182 22
1183 15
1184 21
1185 21
1186 21
1187 21
1188 21
1189 21
1190 21
1191 21
1192 21
1193 21
1194 21
1195 21
1196 21
1197 21
1198 21
1199 21
1200 21
1201 21
1202 21
1203 21
1204 12
1205 16
1206 12
1207 15
1208 15
1209 15
1210 15
1211 15
1212 12
1213 15
1214 15
1215 15
1216 15
1217 15
1218 15
1219 12
1220 15
1221 12
1222 15
1223 19
1224 15
1225 15
1226 15
1227 15
1228 15
1229 15
1230 18
1231 15
1232 12
1233 15
1234 15
1235 23
1236 15
1237 15
1238 15
1239 15
1240 15
1241 2
1242 15
1243 3
1244 15
1245 15
1246 15
1247 15
1248 15
1249 -1
1250 14
1251 16
1252 15
1253 14
1254 15
1255 15
1256 15
1257 15
1258 15
1259 15
1260 27
1261 4
1262 -1
1263 -1
1264 -1
1265 -1
1266 -1
1267 -1
1268 -1
1269 -1
1270 -1
1271 -1
1272 -1
1273 -1
1274 -1
1275 -1
1276 26
1277 -1
1278 18
1279 26
1280 24
1281 26
1282 0
1283 24
1284 24
1285 24
1286 24
1287 26
1288 24
1289 24
1290 24
1291 24
1292 24
1293 24
1294 24
1295 24
1296 24
1297 24
1298 24
1299 24
1300 24
1301 24
1302 24
1303 24
1304 24
1305 24
1306 24
1307 24
1308 24
1309 24
1310 24
1311 24
1312 24
1313 24
1314 24
1315 24
1316 24
1317 24
1318 24
1319 24
1320 24
1321 24
1322 24
1323 24
1324 24
1325 24
1326 25
1327 25
1328 25
1329 25
1330 25
1331 25
1332 25
1333 25
1334 25
1335 24
1336 24
1337 25
1338 25
1339 25
1340 25
1341 25
1342 25
1343 25
1344 25
1345 25
1346 25
1347 25
1348 25
1349 25
1350 25
1351 25
1352 25
1353 25
1354 1
1355 27
1356 18
1357 18
1358 26
1359 26
1360 26
1361 26
1362 26
1363 26
1364 26
1365 26
1366 26
1367 26
1368 26
1369 26
1370 26
1371 26
1372 26
1373 26
1374 26
1375 26
1376 26
1377 26
1378 26
1379 26
1380 26
1381 18
1382 26
1383 26
1384 26
1385 26
1386 26
1387 26
1388 26
1389 26
1390 26
1391 26
1392 26
1393 26
1394 26
1395 26
1396 26
1397 26
1398 26
1399 26
1400 26
1401 26
1402 0
1403 0
1404 18
1405 18
1406 0
1407 27
1408 3
1409 -1
1410 -1
1411 -1
1412 -1
1413 -1
1414 -1
1415 -1
1416 -1
1417 18
1418 -1
1419 -1
1420 -1
1421 -1
1422 -1
1423 -1
1424 -1
1425 -1
1426 -1
1427 -1
1428 -1
1429 -1
1430 -1
1431 -1
1432 27
1433 -1
1434 -1
1435 -1
1436 -1
1437 -1
1438 14
1439 14
1440 26
1441 26
1442 26
1443 26
1444 26
1445 26
1446 18
1447 26
1448 26
1449 26
1450 26
1451 26
1452 26
1453 26
1454 26
1455 18
1456 26
1457 26
1458 26
1459 26
1460 26
1461 26
1462 26
1463 18
1464 18
1465 26
1466 26
1467 16
1468 3
1469 -1
1470 26
1471 26
1472 26
1473 26
1474 26
1475 26
1476 27
1477 27
1478 27
1479 27
1480 27
1481 27
1482 27
1483 27
1484 27
1485 27
1486 27
1487 27
1488 27
1489 27
1490 27
1491 27
1492 27
1493 27
1494 27
1495 27
1496 27
1497 27
1498 27
1499 27
1500 27
1501 27
1502 27
1503 27
1504 27
1505 27
1506 27
1507 27
1508 27
1509 27
1510 27
1511 27
1512 27
1513 27
1514 27
1515 27
1516 27
1517 27
1518 27
1519 27
1520 27
1521 27
1522 27
1523 27
