2 0
3 0
4 0
5 1
6 0
7 0
8 0
9 0
10 0
11 0
12 0
13 0
14 0
15 0
16 0
17 0
18 0
19 0
20 0
21 0
22 0
23 1
24 0
25 0
26 0
27 0
28 0
29 0
30 0
31 0
32 0
33 0
34 0
35 0
36 0
37 0
38 0
39 0
40 0
41 0
42 0
43 0
44 0
45 0
46 0
47 0
48 0
49 0
50 1
51 0
52 0
53 0
54 0
55 0
56 0
57 0
58 0
59 0
60 0
61 0
62 0
63 0
64 1
65 1
66 1
67 1
68 1
69 1
70 1
71 1
72 1
73 1
74 1
75 1
76 1
77 1
78 1
79 1
80 1
81 1
82 1
83 1
84 1
85 1
86 1
87 1
88 1
89 1
90 1
91 1
92 1
93 1
94 1
95 1
96 1
97 1
98 1
99 1
100 1
101 0
102 2
103 2
104 2
105 2
106 2
107 2
108 2
109 2
110 2
111 2
112 2
113 2
114 2
115 2
116 2
117 2
118 2
119 2
120 2
121 2
122 2
123 2
124 2
125 2
126 2
127 2
128 2
129 2
130 2
131 3
132 3
133 3
134 3
135 3
136 3
137 3
138 3
139 3
140 3
141 3
142 3
143 3
144 3
145 3
146 3
147 3
148 3
149 3
150 3
151 3
152 3
153 3
154 3
155 3
156 3
157 3
158 3
159 3
160 3
161 3
162 4
163 4
164 4
165 4
166 4
167 4
168 4
169 4
170 4
171 4
172 4
173 4
174 4
175 4
176 4
177 4
178 4
179 4
180 4
181 4
182 4
183 4
184 4
185 4
186 4
187 4
188 4
189 4
190 4
191 4
192 4
193 4
194 4
195 5
196 5
197 5
198 5
199 5
200 5
201 5
202 5
203 5
204 5
205 5
206 5
207 5
208 5
209 5
210 5
211 5
212 5
213 5
214 5
215 5
216 5
217 5
218 5
219 5
220 5
221 5
222 5
223 5
224 5
225 5
226 5
227 5
228 5
229 5
230 5
231 5
232 5
233 5
234 5
235 12
236 6
237 5
238 7
239 5
240 6
241 6
242 6
243 6
244 6
245 6
246 6
247 6
248 6
249 6
250 6
251 6
252 6
253 6
254 7
255 7
256 6
257 6
258 7
259 6
260 6
261 6
262 6
263 6
264 7
265 6
266 6
267 6
268 6
269 6
270 8
271 7
272 7
273 7
274 7
275 7
276 7
277 7
278 7
279 7
280 7
281 7
282 7
283 7
284 7
285 7
286 7
287 7
288 7
289 7
290 7
291 7
292 7
293 7
294 7
295 7
296 7
297 8
298 8
299 8
300 8
301 8
302 8
303 8
304 8
305 8
306 8
307 8
308 8
309 8
310 8
311 8
312 8
313 8
314 8
315 8
316 8
317 8
318 8
319 8
320 8
321 8
322 8
323 8
324 8
325 8
326 8
327 8
328 8
329 8
330 8
331 8
332 8
333 8
334 9
335 9
336 9
337 9
338 9
339 9
340 9
341 9
342 9
343 9
344 9
345 9
346 9
347 9
348 9
349 9
350 9
351 9
352 9
353 9
354 9
355 9
356 9
357 9
358 9
359 9
360 9
361 9
362 9
363 9
364 10
365 10
366 10
367 10
368 10
369 10
370 10
371 10
372 10
373 10
374 10
375 10
376 10
377 10
378 10
379 10
380 10
381 10
382 10
383 10
384 10
385 10
386 10
387 10
388 10
389 10
390 10
391 10
392 10
393 10
394 10
395 10
396 10
397 10
398 10
399 10
400 10
401 10
402 10
403 10
404 10
405 10
406 10
407 10
408 10
409 10
410 0
411 11
412 11
413 11
414 3
415 3
416 3
417 3
418 3
419 3
420 11
421 11
422 11
423 11
424 11
425 11
426 0
427 11
428 3
429 11
430 11
431 11
432 11
433 3
434 0
435 27
436 7
437 0
438 0
439 1
440 0
441 4
442 25
443 12
444 12
445 12
446 12
447 12
448 19
449 12
450 12
451 12
452 12
453 12
454 12
455 12
456 12
457 12
458 12
459 12
460 12
461 12
462 19
463 12
464 12
465 12
466 12
467 12
468 12
469 19
470 13
471 13
472 13
473 13
474 13
475 13
476 13
477 13
478 13
479 13
480 13
481 13
482 13
483 13
484 13
485 13
486 13
487 13
488 13
489 13
490 13
491 13
492 13
493 13
494 20
495 15
496 14
497 14
498 14
499 14
500 14
501 14
502 14
503 14
504 14
505 14
506 14
507 14
508 14
509 14
510 14
511 15
512 15
513 14
514 15
515 14
516 14
517 14
518 14
519 15
520 14
521 14
522 14
523 14
524 14
525 14
526 14
527 14
528 14
529 14
530 16
531 15
532 15
533 15
534 16
535 15
536 15
537 15
538 15
539 15
540 15
541 15
542 15
543 19
544 15
545 15
546 15
547 15
548 15
549 15
550 15
551 15
552 15
553 15
554 15
555 15
556 16
557 13
558 16
559 16
560 16
561 16
562 16
563 16
564 16
565 16
566 16
567 16
568 16
569 13
570 16
571 16
572 13
573 16
574 13
575 16
576 7
577 26
578 -1
579 7
580 7
581 2
582 16
583 7
584 7
585 3
586 19
587 17
588 16
589 17
590 22
591 12
592 17
593 17
594 17
595 17
596 17
597 17
598 20
599 17
600 26
601 17
602 17
603 17
604 17
605 17
606 17
607 17
608 17
609 17
610 12
611 17
612 17
613 17
614 17
615 17
616 26
617 7
618 18
619 18
620 18
621 23
622 15
623 18
624 18
625 18
626 18
627 18
628 18
629 18
630 18
631 18
632 18
633 18
634 18
635 18
636 18
637 4
638 18
639 18
640 18
641 18
642 18
643 18
644 18
645 16
646 18
647 20
648 19
649 19
650 19
651 19
652 19
653 19
654 19
655 19
656 19
657 19
658 19
659 19
660 19
661 19
662 19
663 19
664 19
665 19
666 19
667 20
668 19
669 19
670 20
671 19
672 19
673 19
674 19
675 19
676 19
677 20
678 20
679 20
680 20
681 20
682 20
683 20
684 20
685 20
686 20
687 20
688 20
689 20
690 20
691 20
692 20
693 20
694 20
695 20
696 20
697 20
698 20
699 20
700 20
701 20
702 20
703 16
704 19
705 12
706 21
707 21
708 21
709 21
710 21
711 21
712 21
713 21
714 21
715 21
716 21
717 21
718 21
719 21
720 21
721 21
722 21
723 21
724 21
725 21
726 21
727 21
728 21
729 21
730 12
731 12
732 20
733 -1
734 19
735 19
736 15
737 16
738 15
739 22
740 20
741 10
742 22
743 22
744 -1
745 22
746 22
747 22
748 22
749 22
750 20
751 16
752 22
753 22
754 22
755 19
756 19
757 22
758 22
759 22
760 20
761 20
762 20
763 19
764 12
765 12
766 12
767 15
768 12
769 16
770 20
771 15
772 15
773 23
774 15
775 15
776 15
777 15
778 15
779 15
780 15
781 15
782 15
783 15
784 -1
785 -1
786 15
787 15
788 15
789 15
790 14
791 15
792 15
793 15
794 14
795 19
796 12
797 19
798 3
799 3
800 3
801 15
802 -1
803 19
804 15
805 15
806 -1
807 -1
808 -1
809 -1
810 -1
811 -1
812 24
813 24
814 24
815 24
816 24
817 24
818 24
819 24
820 24
821 24
822 24
823 24
824 24
825 24
826 24
827 24
828 24
829 24
830 24
831 24
832 24
833 24
834 24
835 24
836 24
837 24
838 24
839 24
840 24
841 25
842 25
843 25
844 25
845 25
846 25
847 25
848 25
849 24
850 25
851 25
852 25
853 25
854 25
855 25
856 25
857 25
858 25
859 25
860 25
861 25
862 25
863 25
864 25
865 25
866 25
867 24
868 3
869 1
870 2
871 0
872 26
873 26
874 2
875 26
876 2
877 26
878 26
879 26
880 26
881 26
882 26
883 26
884 26
885 26
886 26
887 26
888 26
889 26
890 26
891 26
892 26
893 26
894 26
895 26
896 26
897 26
898 26
899 26
900 26
901 26
902 26
903 26
904 26
905 26
906 18
907 27
908 27
909 27
910 27
911 27
912 27
913 27
914 27
915 27
916 27
917 7
918 27
919 27
920 27
921 27
922 27
923 27
924 27
925 27
926 27
927 27
928 27
929 27
930 27
