2 0
3 0
4 0
5 0
6 0
7 0
8 0
9 0
10 0
11 0
12 0
13 0
14 0
15 0
16 0
17 0
18 0
19 0
20 0
21 0
22 0
23 0
24 0
25 0
26 0
27 0
28 0
29 0
30 0
31 0
32 1
33 1
34 1
35 1
36 1
37 1
38 1
39 1
40 1
41 1
42 1
43 1
44 1
45 1
46 1
47 1
48 1
49 1
50 1
51 1
52 1
53 1
54 1
55 1
56 1
57 1
58 1
59 7
60 2
61 2
62 2
63 2
64 2
65 2
66 2
67 2
68 2
69 2
70 2
71 2
72 2
73 2
74 2
75 2
76 2
77 2
78 2
79 2
80 2
81 2
82 2
83 2
84 2
85 2
86 2
87 2
88 2
89 2
90 2
91 2
92 2
93 3
94 3
95 3
96 3
97 3
98 3
99 3
100 3
101 3
102 3
103 4
104 7
105 3
106 7
107 3
108 3
109 7
110 3
111 3
112 3
113 3
114 3
115 3
116 3
117 3
118 3
119 3
120 3
121 3
122 3
123 3
124 3
125 3
126 3
127 3
128 3
129 4
130 14
131 15
132 4
133 4
134 4
135 4
136 4
137 4
138 4
139 4
140 4
141 4
142 4
143 4
144 4
145 4
146 4
147 4
148 4
149 4
150 4
151 4
152 4
153 4
154 4
155 4
156 4
157 4
158 4
159 4
160 4
161 2
162 10
163 10
164 5
165 5
166 5
167 5
168 5
169 5
170 5
171 5
172 5
173 5
174 5
175 5
176 5
177 5
178 5
179 5
180 5
181 5
182 5
183 5
184 5
185 5
186 5
187 5
188 5
189 5
190 5
191 5
192 5
193 5
194 5
195 5
196 5
197 5
198 5
199 5
200 5
201 5
202 5
203 5
204 5
205 5
206 5
207 5
208 5
209 5
210 5
211 25
212 5
213 15
214 5
215 14
216 7
217 14
218 7
219 25
220 14
221 25
222 25
223 7
224 12
225 25
226 6
227 6
228 6
229 6
230 7
231 6
232 6
233 6
234 6
235 6
236 6
237 6
238 6
239 6
240 6
241 6
242 6
243 6
244 6
245 6
246 6
247 6
248 6
249 6
250 6
251 6
252 6
253 6
254 6
255 13
256 7
257 7
258 7
259 7
260 7
261 7
262 7
263 7
264 7
265 7
266 7
267 7
268 7
269 7
270 7
271 7
272 7
273 7
274 7
275 7
276 7
277 7
278 7
279 7
280 7
281 7
282 7
283 7
284 7
285 8
286 8
287 8
288 8
289 8
290 8
291 8
292 8
293 8
294 8
295 8
296 8
297 8
298 8
299 8
300 8
301 8
302 8
303 8
304 8
305 8
306 8
307 8
308 8
309 8
310 8
311 8
312 8
313 8
314 9
315 9
316 9
317 9
318 9
319 9
320 9
321 9
322 9
323 9
324 9
325 9
326 9
327 9
328 9
329 9
330 9
331 9
332 9
333 9
334 9
335 9
336 9
337 9
338 9
339 9
340 9
341 9
342 9
343 0
344 9
345 9
346 10
347 10
348 10
349 10
350 10
351 10
352 10
353 10
354 10
355 10
356 10
357 10
358 10
359 10
360 10
361 10
362 10
363 10
364 10
365 10
366 10
367 10
368 10
369 10
370 10
371 10
372 10
373 10
374 10
375 10
376 10
377 0
378 11
379 11
380 11
381 11
382 11
383 11
384 11
385 11
386 11
387 11
388 11
389 11
390 11
391 11
392 11
393 11
394 11
395 3
396 11
397 11
398 11
399 11
400 11
401 11
402 11
403 11
404 11
405 2
406 11
407 0
408 11
409 11
410 11
411 11
412 11
413 11
414 11
415 11
416 11
417 0
418 0
419 0
420 0
421 0
422 0
423 0
424 0
425 0
426 27
427 7
428 25
429 12
430 19
431 3
432 12
433 -1
434 -1
435 -1
436 12
437 -1
438 12
439 12
440 12
441 12
442 12
443 12
444 12
445 12
446 12
447 12
448 12
449 12
450 12
451 12
452 12
453 12
454 12
455 12
456 12
457 12
458 12
459 12
460 13
461 13
462 13
463 13
464 13
465 13
466 13
467 13
468 13
469 13
470 13
471 13
472 13
473 13
474 13
475 13
476 13
477 13
478 13
479 13
480 13
481 13
482 13
483 13
484 13
485 13
486 16
487 14
488 -1
489 -1
490 -1
491 -1
492 14
493 14
494 14
495 14
496 14
497 14
498 14
499 14
500 -1
501 -1
502 -1
503 -1
504 -1
505 -1
506 14
507 14
508 -1
509 5
510 -1
511 -1
512 -1
513 -1
514 22
515 17
516 19
517 22
518 22
519 15
520 16
521 5
522 -1
523 15
524 5
525 15
526 19
527 15
528 15
529 19
530 15
531 15
532 15
533 15
534 15
535 15
536 15
537 15
538 15
539 15
540 15
541 15
542 15
543 15
544 15
545 15
546 15
547 19
548 -1
549 16
550 16
551 16
552 16
553 16
554 16
555 20
556 16
557 19
558 16
559 16
560 16
561 16
562 16
563 16
564 16
565 16
566 20
567 20
568 -1
569 -1
570 -1
571 16
572 16
573 16
574 16
575 16
576 16
577 16
578 19
579 1
580 17
581 17
582 27
583 27
584 -1
585 -1
586 -1
587 -1
588 -1
589 -1
590 17
591 17
592 17
593 17
594 17
595 17
596 17
597 17
598 17
599 17
600 17
601 17
602 17
603 17
604 17
605 17
606 17
607 17
608 17
609 17
610 17
611 17
612 17
613 17
614 17
615 17
616 17
617 17
618 17
619 17
620 17
621 17
622 17
623 18
624 18
625 18
626 18
627 18
628 18
629 0
630 1
631 18
632 18
633 18
634 18
635 18
636 18
637 18
638 18
639 12
640 -1
641 18
642 18
643 18
644 18
645 12
646 18
647 18
648 18
649 19
650 18
651 12
652 18
653 18
654 12
655 12
656 12
657 12
658 12
659 12
660 12
661 12
662 12
663 16
664 19
665 19
666 19
667 -1
668 -1
669 27
670 16
671 -1
672 -1
673 19
674 19
675 19
676 16
677 19
678 19
679 19
680 19
681 19
682 19
683 16
684 19
685 19
686 20
687 20
688 20
689 20
690 20
691 20
692 20
693 20
694 20
695 20
696 20
697 20
698 20
699 20
700 20
701 20
702 20
703 20
704 20
705 20
706 20
707 20
708 20
709 20
710 20
711 20
712 19
713 12
714 21
715 21
716 12
717 12
718 13
719 12
720 21
721 12
722 19
723 19
724 21
725 21
726 21
727 21
728 21
729 19
730 21
731 12
732 21
733 21
734 13
735 12
736 19
737 13
738 21
739 19
740 19
741 21
742 21
743 22
744 19
745 22
746 22
747 22
748 17
749 22
750 22
751 22
752 2
753 1
754 2
755 2
756 27
757 0
758 3
759 10
760 2
761 2
762 18
763 -1
764 -1
765 17
766 -1
767 -1
768 -1
769 -1
770 13
771 15
772 15
773 -1
774 -1
775 13
776 13
777 14
778 14
779 23
780 23
781 23
782 23
783 23
784 14
785 23
786 23
787 23
788 23
789 13
790 23
791 14
792 -1
793 -1
794 -1
795 -1
796 24
797 24
798 24
799 24
800 24
801 24
802 24
803 24
804 24
805 24
806 24
807 24
808 24
809 24
810 24
811 24
812 24
813 24
814 24
815 24
816 24
817 24
818 24
819 24
820 24
821 24
822 24
823 24
824 24
825 24
826 24
827 24
828 24
829 24
830 25
831 25
832 25
833 25
834 25
835 25
836 25
837 25
838 25
839 25
840 25
841 25
842 25
843 25
844 25
845 25
846 25
847 25
848 25
849 25
850 25
851 25
852 25
853 25
854 25
855 25
856 25
857 1
858 27
859 2
860 18
861 26
862 26
863 26
864 26
865 26
866 26
867 26
868 18
869 18
870 26
871 0
872 26
873 26
874 18
875 26
876 26
877 26
878 26
879 26
880 26
881 26
882 26
883 26
884 26
885 26
886 26
887 26
888 26
889 26
890 26
891 26
892 26
893 26
894 26
895 26
896 26
897 26
898 26
899 26
900 26
901 26
902 26
903 26
904 26
905 26
906 26
907 18
908 18
909 27
910 27
911 27
912 27
913 27
914 27
915 27
916 27
917 27
918 18
919 27
920 27
921 27
922 27
923 18
924 0
925 27
