2 0
3 0
4 0
5 0
6 0
7 0
8 0
9 0
10 0
11 0
12 0
13 0
14 0
15 0
16 0
17 0
18 0
19 0
20 0
21 0
22 0
23 0
24 0
25 0
26 0
27 0
28 0
29 0
30 0
31 0
32 0
33 0
34 0
35 0
36 0
37 0
38 0
39 0
40 0
41 0
42 0
43 0
44 0
45 0
46 0
47 0
48 0
49 0
50 0
51 0
52 0
53 1
54 1
55 1
56 1
57 1
58 1
59 1
60 0
61 1
62 1
63 1
64 1
65 1
66 1
67 1
68 1
69 1
70 1
71 1
72 1
73 1
74 1
75 1
76 1
77 0
78 1
79 1
80 1
81 1
82 1
83 1
84 1
85 1
86 0
87 0
88 1
89 0
90 2
91 3
92 2
93 2
94 2
95 2
96 2
97 2
98 2
99 2
100 3
101 2
102 3
103 2
104 2
105 2
106 2
107 2
108 2
109 2
110 3
111 2
112 2
113 2
114 2
115 3
116 3
117 2
118 2
119 2
120 2
121 3
122 2
123 3
124 2
125 2
126 2
127 2
128 2
129 2
130 3
131 3
132 2
133 3
134 2
135 2
136 2
137 2
138 2
139 2
140 3
141 2
142 2
143 2
144 2
145 3
146 2
147 2
148 3
149 2
150 9
151 2
152 2
153 9
154 2
155 4
156 10
157 6
158 4
159 16
160 3
161 5
162 14
163 4
164 3
165 4
166 10
167 6
168 3
169 6
170 3
171 2
172 2
173 2
174 2
175 2
176 2
177 2
178 2
179 2
180 2
181 2
182 2
183 2
184 9
185 18
186 18
187 25
188 0
189 0
190 16
191 27
192 27
193 2
194 2
195 2
196 2
197 2
198 2
199 2
200 2
201 2
202 2
203 2
204 2
205 2
206 2
207 2
208 2
209 3
210 3
211 3
212 2
213 3
214 3
215 2
216 3
217 2
218 3
219 3
220 27
221 5
222 3
223 3
224 0
225 16
226 3
227 3
228 3
229 3
230 3
231 3
232 4
233 3
234 3
235 11
236 3
237 3
238 4
239 6
240 5
241 6
242 16
243 4
244 6
245 3
246 2
247 2
248 27
249 3
250 3
251 3
252 3
253 3
254 3
255 3
256 3
257 3
258 3
259 3
260 10
261 10
262 3
263 3
264 3
265 3
266 3
267 3
268 3
269 3
270 3
271 2
272 2
273 2
274 2
275 2
276 0
277 0
278 0
279 0
280 2
281 2
282 2
283 2
284 2
285 2
286 2
287 2
288 2
289 2
290 2
291 2
292 2
293 7
294 7
295 7
296 2
297 2
298 2
299 2
300 2
301 2
302 2
303 2
304 2
305 2
306 2
307 2
308 2
309 2
310 2
311 2
312 2
313 2
314 2
315 2
316 2
317 2
318 2
319 2
320 2
321 2
322 3
323 1
324 3
325 2
326 3
327 2
328 2
329 2
330 2
331 2
332 2
333 2
334 2
335 2
336 2
337 2
338 2
339 2
340 2
341 2
342 2
343 3
344 2
345 2
346 2
347 2
348 2
349 2
350 2
351 2
352 2
353 2
354 2
355 2
356 2
357 2
358 3
359 2
360 2
361 2
362 2
363 2
364 2
365 2
366 2
367 2
368 2
369 2
370 2
371 2
372 2
373 2
374 2
375 2
376 2
377 2
378 2
379 2
380 3
381 4
382 3
383 4
384 7
385 3
386 16
387 4
388 4
389 3
390 3
391 3
392 2
393 4
394 4
395 4
396 4
397 9
398 4
399 4
400 4
401 -1
402 6
403 2
404 2
405 3
406 2
407 4
408 4
409 4
410 4
411 4
412 4
413 4
414 2
415 2
416 4
417 4
418 4
419 -1
420 4
421 4
422 4
423 6
424 4
425 4
426 2
427 3
428 3
429 2
430 2
431 2
432 2
433 2
434 4
435 4
436 2
437 2
438 9
439 4
440 4
441 -1
442 3
443 4
444 2
445 2
446 2
447 2
448 2
449 10
450 4
451 6
452 3
453 12
454 9
455 2
456 10
457 18
458 18
459 5
460 5
461 5
462 5
463 5
464 5
465 5
466 5
467 5
468 5
469 5
470 5
471 5
472 5
473 5
474 5
475 5
476 5
477 5
478 5
479 5
480 5
481 5
482 5
483 5
484 5
485 5
486 5
487 5
488 5
489 5
490 5
491 5
492 5
493 5
494 5
495 5
496 5
497 5
498 5
499 5
500 5
501 5
502 1
503 0
504 11
505 6
506 6
507 16
508 16
509 5
510 16
511 16
512 25
513 5
514 25
515 4
516 4
517 5
518 4
519 5
520 23
521 23
522 27
523 4
524 25
525 6
526 25
527 16
528 4
529 6
530 6
531 4
532 6
533 2
534 6
535 6
536 6
537 6
538 4
539 4
540 6
541 4
542 6
543 4
544 6
545 20
546 3
547 6
548 6
549 6
550 20
551 6
552 6
553 20
554 4
555 5
556 4
557 16
558 4
559 6
560 4
561 4
562 1
563 8
564 7
565 7
566 7
567 7
568 7
569 7
570 7
571 7
572 7
573 7
574 7
575 7
576 7
577 7
578 7
579 7
580 7
581 7
582 7
583 7
584 7
585 7
586 7
587 7
588 7
589 7
590 7
591 7
592 7
593 8
594 1
595 8
596 8
597 8
598 8
599 8
600 8
601 8
602 8
603 8
604 8
605 8
606 8
607 8
608 8
609 8
610 8
611 8
612 8
613 8
614 8
615 8
616 8
617 8
618 8
619 8
620 8
621 8
622 8
623 8
624 8
625 8
626 8
627 2
628 9
629 9
630 9
631 9
632 2
633 -1
634 2
635 9
636 2
637 2
638 9
639 9
640 9
641 27
642 9
643 9
644 9
645 9
646 9
647 9
648 9
649 9
650 9
651 9
652 9
653 9
654 9
655 9
656 9
657 9
658 9
659 9
660 9
661 9
662 9
663 9
664 9
665 9
666 9
667 9
668 18
669 9
670 9
671 9
672 9
673 9
674 9
675 9
676 9
677 9
678 16
679 2
680 2
681 2
682 3
683 3
684 3
685 3
686 3
687 3
688 3
689 3
690 3
691 10
692 10
693 24
694 1
695 9
696 9
697 10
698 10
699 10
700 10
701 10
702 10
703 9
704 10
705 10
706 10
707 10
708 10
709 10
710 10
711 10
712 10
713 10
714 10
715 10
716 10
717 10
718 10
719 10
720 10
721 10
722 10
723 9
724 10
725 10
726 10
727 10
728 10
729 9
730 9
731 9
732 10
733 10
734 0
735 11
736 11
737 11
738 11
739 11
740 11
741 11
742 11
743 11
744 11
745 11
746 11
747 11
748 11
749 11
750 11
751 11
752 11
753 11
754 9
755 9
756 11
757 11
758 11
759 11
760 9
761 11
762 9
763 11
764 9
765 9
766 11
767 11
768 11
769 11
770 11
771 9
772 11
773 9
774 11
775 11
776 11
777 11
778 3
779 0
780 3
781 0
782 0
783 0
784 0
785 0
786 0
787 0
788 0
789 0
790 0
791 0
792 0
793 0
794 0
795 0
796 0
797 0
798 0
799 0
800 0
801 0
802 0
803 0
804 0
805 0
806 0
807 7
808 0
809 0
810 0
811 0
812 0
813 0
814 0
815 0
816 0
817 0
818 0
819 0
820 0
821 0
822 0
823 0
824 0
825 0
826 0
827 0
828 0
829 0
830 0
831 0
832 0
833 1
834 0
835 0
836 0
837 0
838 0
839 0
840 0
841 0
842 0
843 0
844 0
845 0
846 6
847 12
848 12
849 12
850 12
851 12
852 12
853 12
854 12
855 12
856 12
857 12
858 12
859 12
860 12
861 12
862 12
863 12
864 12
865 12
866 12
867 12
868 12
869 12
870 12
871 12
872 12
873 12
874 12
875 12
876 12
877 12
878 12
879 12
880 12
881 12
882 12
883 12
884 12
885 12
886 12
887 12
888 12
889 12
890 12
891 12
892 12
893 12
894 12
895 12
896 12
897 12
898 12
899 12
900 12
901 12
902 12
903 12
904 12
905 12
906 13
907 13
908 13
909 13
910 13
911 13
912 13
913 13
914 13
915 13
916 13
917 13
918 13
919 13
920 13
921 13
922 13
923 13
924 13
925 13
926 13
927 13
928 13
929 13
930 13
931 13
932 12
933 15
934 15
935 15
936 15
937 15
938 15
939 14
940 15
941 14
942 14
943 14
944 14
945 14
946 14
947 14
948 14
949 14
950 14
951 14
952 14
953 14
954 14
955 14
956 14
957 14
958 14
959 14
960 14
961 14
962 14
963 14
964 14
965 14
966 14
967 14
968 14
969 14
970 14
971 15
972 15
973 15
974 15
975 15
976 15
977 15
978 15
979 15
980 15
981 15
982 15
983 15
984 15
985 15
986 15
987 15
988 15
989 15
990 15
991 15
992 15
993 15
994 15
995 15
996 15
997 15
998 15
999 15
1000 15
1001 15
1002 15
1003 15
1004 15
1005 15
1006 15
1007 15
1008 14
1009 16
1010 16
1011 12
1012 16
1013 16
1014 25
1015 16
1016 16
1017 16
1018 16
1019 16
1020 16
1021 16
1022 16
1023 16
1024 14
1025 14
1026 13
1027 16
1028 16
1029 16
1030 16
1031 16
1032 16
1033 16
1034 16
1035 16
1036 16
1037 16
1038 16
1039 16
1040 16
1041 15
1042 15
1043 16
1044 16
1045 16
1046 16
1047 16
1048 16
1049 16
1050 16
1051 21
1052 14
1053 16
1054 21
1055 16
1056 21
1057 21
1058 16
1059 21
1060 21
1061 19
1062 16
1063 16
1064 14
1065 16
1066 21
1067 19
1068 14
1069 21
1070 16
1071 21
1072 14
1073 15
1074 14
1075 16
1076 15
1077 16
1078 15
1079 15
1080 16
1081 15
1082 19
1083 15
1084 14
1085 16
1086 21
1087 19
1088 19
1089 15
1090 15
1091 15
1092 15
1093 15
1094 15
1095 15
1096 15
1097 22
1098 15
1099 22
1100 22
1101 22
1102 15
1103 22
1104 22
1105 22
1106 22
1107 22
1108 22
1109 22
1110 22
1111 22
1112 22
1113 22
1114 22
1115 22
1116 22
1117 22
1118 22
1119 22
1120 17
1121 17
1122 17
1123 17
1124 17
1125 17
1126 17
1127 17
1128 17
1129 17
1130 17
1131 17
1132 17
1133 17
1134 17
1135 17
1136 17
1137 17
1138 17
1139 17
1140 17
1141 17
1142 17
1143 17
1144 17
1145 17
1146 17
1147 17
1148 17
1149 17
1150 17
1151 17
1152 17
1153 17
1154 17
1155 17
1156 17
1157 17
1158 17
1159 17
1160 17
1161 17
1162 17
1163 17
1164 17
1165 17
1166 17
1167 17
1168 17
1169 17
1170 17
1171 17
1172 17
1173 17
1174 17
1175 17
1176 17
1177 17
1178 17
1179 17
1180 17
1181 17
1182 17
1183 17
1184 17
1185 17
1186 17
1187 17
1188 17
1189 17
1190 17
1191 17
1192 17
1193 17
1194 17
1195 27
1196 18
1197 18
1198 23
1199 4
1200 4
1201 2
1202 23
1203 12
1204 6
1205 23
1206 4
1207 4
1208 1
1209 1
1210 23
1211 23
1212 4
1213 1
1214 4
1215 23
1216 18
1217 23
1218 18
1219 18
1220 18
1221 18
1222 18
1223 18
1224 18
1225 18
1226 18
1227 18
1228 18
1229 18
1230 18
1231 18
1232 18
1233 18
1234 18
1235 18
1236 18
1237 18
1238 18
1239 18
1240 18
1241 18
1242 18
1243 18
1244 18
1245 18
1246 18
1247 18
1248 18
1249 18
1250 18
1251 18
1252 18
1253 16
1254 18
1255 18
1256 18
1257 27
1258 18
1259 18
1260 18
1261 18
1262 18
1263 18
1264 18
1265 18
1266 18
1267 18
1268 18
1269 18
1270 18
1271 18
1272 18
1273 18
1274 18
1275 18
1276 18
1277 18
1278 18
1279 18
1280 18
1281 18
1282 18
1283 18
1284 18
1285 18
1286 18
1287 18
1288 18
1289 18
1290 18
1291 18
1292 18
1293 18
1294 18
1295 18
1296 7
1297 19
1298 19
1299 19
1300 19
1301 19
1302 19
1303 19
1304 19
1305 19
1306 19
1307 19
1308 19
1309 19
1310 19
1311 19
1312 19
1313 19
1314 19
1315 19
1316 19
1317 19
1318 19
1319 19
1320 19
1321 19
1322 19
1323 19
1324 19
1325 19
1326 19
1327 19
1328 19
1329 19
1330 19
1331 20
1332 20
1333 20
1334 20
1335 20
1336 20
1337 20
1338 20
1339 20
1340 19
1341 19
1342 19
1343 19
1344 20
1345 20
1346 20
1347 19
1348 20
1349 19
1350 19
1351 20
1352 19
1353 19
1354 19
1355 19
1356 20
1357 20
1358 19
1359 19
1360 20
1361 19
1362 19
1363 19
1364 19
1365 19
1366 20
1367 19
1368 20
1369 19
1370 19
1371 19
1372 19
1373 20
1374 20
1375 19
1376 15
1377 19
1378 14
1379 21
1380 21
1381 21
1382 21
1383 21
1384 21
1385 21
1386 21
1387 21
1388 21
1389 21
1390 21
1391 21
1392 21
1393 21
1394 21
1395 21
1396 21
1397 21
1398 21
1399 21
1400 21
1401 21
1402 21
1403 21
1404 21
1405 21
1406 21
1407 21
1408 21
1409 21
1410 21
1411 21
1412 21
1413 21
1414 21
1415 21
1416 21
1417 21
1418 21
1419 21
1420 21
1421 21
1422 21
1423 21
1424 21
1425 21
1426 17
1427 22
1428 22
1429 22
1430 22
1431 22
1432 22
1433 22
1434 22
1435 22
1436 22
1437 22
1438 22
1439 22
1440 22
1441 22
1442 22
1443 21
1444 19
1445 19
1446 19
1447 19
1448 19
1449 19
1450 19
1451 19
1452 19
1453 12
1454 19
1455 19
1456 19
1457 12
1458 19
1459 19
1460 19
1461 19
1462 19
1463 19
1464 19
1465 19
1466 19
1467 19
1468 19
1469 19
1470 19
1471 19
1472 19
1473 12
1474 19
1475 12
1476 19
1477 12
1478 21
1479 21
1480 22
1481 22
1482 22
1483 22
1484 22
1485 17
1486 22
1487 22
1488 22
1489 22
1490 22
1491 22
1492 22
1493 22
1494 22
1495 22
1496 22
1497 22
1498 22
1499 22
1500 22
1501 22
1502 22
1503 22
1504 22
1505 22
1506 22
1507 17
1508 22
1509 22
1510 22
1511 22
1512 22
1513 22
1514 22
1515 22
1516 22
1517 22
1518 22
1519 22
1520 22
1521 22
1522 17
1523 17
1524 17
1525 18
1526 21
1527 21
1528 16
1529 23
1530 23
1531 23
1532 23
1533 23
1534 23
1535 23
1536 23
1537 23
1538 23
1539 23
1540 23
1541 23
1542 23
1543 23
1544 23
1545 23
1546 23
1547 21
1548 21
1549 23
1550 23
1551 15
1552 14
1553 15
1554 23
1555 23
1556 15
1557 23
1558 23
1559 23
1560 23
1561 18
1562 21
1563 23
1564 23
1565 23
1566 23
1567 21
1568 27
1569 16
1570 23
1571 23
1572 15
1573 13
1574 16
1575 16
1576 23
1577 16
1578 16
1579 23
1580 23
1581 15
1582 18
1583 13
1584 15
1585 15
1586 15
1587 15
1588 14
1589 16
1590 23
1591 16
1592 23
1593 23
1594 16
1595 18
1596 23
1597 23
1598 21
1599 23
1600 23
1601 23
1602 23
1603 23
1604 23
1605 23
1606 23
1607 21
1608 23
1609 23
1610 23
1611 23
1612 23
1613 23
1614 23
1615 23
1616 21
1617 23
1618 23
1619 23
1620 23
1621 23
1622 23
1623 23
1624 23
1625 23
1626 23
1627 23
1628 23
1629 23
1630 23
1631 23
1632 23
1633 14
1634 13
1635 15
1636 24
1637 24
1638 0
1639 24
1640 24
1641 24
1642 24
1643 24
1644 24
1645 24
1646 24
1647 24
1648 24
1649 24
1650 24
1651 24
1652 24
1653 24
1654 24
1655 24
1656 24
1657 24
1658 24
1659 24
1660 24
1661 24
1662 24
1663 24
1664 24
1665 24
1666 24
1667 24
1668 24
1669 24
1670 24
1671 24
1672 24
1673 24
1674 24
1675 24
1676 24
1677 24
1678 24
1679 24
1680 24
1681 24
1682 24
1683 24
1684 24
1685 25
1686 25
1687 25
1688 25
1689 25
1690 25
1691 25
1692 25
1693 25
1694 25
1695 25
1696 25
1697 25
1698 25
1699 25
1700 25
1701 25
1702 25
1703 25
1704 25
1705 25
1706 25
1707 25
1708 25
1709 25
1710 25
1711 25
1712 25
1713 25
1714 24
1715 24
1716 24
1717 24
1718 24
1719 24
1720 0
1721 0
1722 7
1723 0
1724 1
1725 26
1726 26
1727 26
1728 26
1729 26
1730 26
1731 26
1732 26
1733 26
1734 26
1735 26
1736 26
1737 26
1738 26
1739 26
1740 26
1741 26
1742 26
1743 26
1744 26
1745 26
1746 26
1747 26
1748 26
1749 26
1750 26
1751 26
1752 26
1753 26
1754 26
1755 26
1756 26
1757 26
1758 26
1759 26
1760 26
1761 26
1762 26
1763 26
1764 26
1765 26
1766 26
1767 26
1768 26
1769 26
1770 26
1771 26
1772 26
1773 26
1774 26
1775 26
1776 26
1777 26
1778 26
1779 26
1780 26
1781 26
1782 26
1783 26
1784 26
1785 26
1786 26
1787 26
1788 26
1789 26
1790 26
1791 26
1792 26
1793 26
1794 26
1795 26
1796 26
1797 26
1798 26
1799 26
1800 26
1801 26
1802 26
1803 26
1804 26
1805 26
1806 26
1807 26
1808 26
1809 26
1810 26
1811 26
1812 26
1813 26
1814 26
1815 26
1816 26
1817 26
1818 26
1819 26
1820 26
1821 26
1822 26
1823 26
1824 26
1825 26
1826 26
1827 26
1828 26
1829 26
1830 26
1831 26
1832 26
1833 26
1834 26
1835 26
1836 26
1837 26
1838 26
1839 26
1840 26
1841 26
1842 26
1843 27
1844 27
1845 27
1846 27
1847 27
1848 27
1849 27
1850 27
1851 27
1852 27
1853 27
1854 18
1855 27
1856 27
1857 27
1858 27
1859 27
1860 27
1861 27
1862 27
1863 27
1864 27
