2 -1
3 -1
4 -1
5 -1
6 -1
7 -1
8 -1
9 -1
10 -1
11 -1
12 0
13 0
14 0
15 0
16 0
17 0
18 0
19 0
20 0
21 1
22 0
23 0
24 0
25 8
26 8
27 0
28 0
29 0
30 0
31 8
32 1
33 0
34 0
35 0
36 0
37 1
38 0
39 1
40 0
41 0
42 0
43 1
44 8
45 0
46 0
47 0
48 0
49 0
50 7
51 0
52 0
53 0
54 0
55 1
56 1
57 1
58 1
59 1
60 1
61 1
62 1
63 0
64 1
65 12
66 1
67 1
68 1
69 1
70 1
71 25
72 1
73 1
74 8
75 1
76 1
77 8
78 18
79 -1
80 -1
81 27
82 2
83 2
84 -1
85 2
86 2
87 2
88 0
89 2
90 -1
91 2
92 2
93 2
94 3
95 3
96 2
97 2
98 2
99 3
100 2
101 2
102 4
103 0
104 2
105 2
106 27
107 2
108 -1
109 -1
110 2
111 2
112 2
113 2
114 9
115 2
116 2
117 2
118 2
119 2
120 2
121 3
122 3
123 4
124 4
125 3
126 3
127 3
128 3
129 16
130 3
131 3
132 4
133 11
134 6
135 9
136 3
137 3
138 4
139 3
140 3
141 6
142 3
143 3
144 6
145 3
146 3
147 3
148 16
149 27
150 4
151 4
152 4
153 4
154 4
155 2
156 4
157 -1
158 -1
159 -1
160 -1
161 -1
162 4
163 4
164 4
165 4
166 -1
167 -1
168 2
169 -1
170 -1
171 2
172 6
173 4
174 10
175 4
176 2
177 5
178 10
179 6
180 4
181 6
182 4
183 19
184 5
185 5
186 5
187 5
188 5
189 5
190 5
191 5
192 10
193 22
194 5
195 5
196 5
197 5
198 5
199 5
200 5
201 5
202 5
203 5
204 5
205 5
206 5
207 5
208 5
209 5
210 5
211 5
212 5
213 5
214 5
215 5
216 5
217 5
218 22
219 5
220 5
221 5
222 5
223 5
224 5
225 5
226 5
227 5
228 6
229 9
230 4
231 0
232 6
233 6
234 4
235 6
236 6
237 4
238 4
239 4
240 6
241 11
242 6
243 6
244 4
245 16
246 25
247 2
248 0
249 4
250 -1
251 16
252 0
253 5
254 5
255 16
256 6
257 6
258 19
259 6
260 6
261 6
262 6
263 10
264 6
265 4
266 20
267 6
268 4
269 19
270 6
271 6
272 16
273 6
274 6
275 6
276 6
277 6
278 6
279 6
280 19
281 6
282 10
283 6
284 6
285 16
286 6
287 4
288 6
289 5
290 19
291 4
292 6
293 6
294 4
295 6
296 6
297 6
298 6
299 10
300 6
301 19
302 6
303 4
304 6
305 4
306 19
307 5
308 19
309 16
310 19
311 4
312 5
313 4
314 6
315 6
316 4
317 10
318 5
319 6
320 19
321 19
322 19
323 6
324 6
325 5
326 4
327 4
328 4
329 10
330 19
331 1
332 7
333 7
334 7
335 7
336 8
337 7
338 7
339 7
340 7
341 7
342 7
343 7
344 7
345 7
346 7
347 7
348 7
349 7
350 7
351 7
352 7
353 7
354 8
355 7
356 7
357 7
358 7
359 8
360 7
361 7
362 7
363 7
364 7
365 7
366 7
367 7
368 8
369 8
370 8
371 8
372 8
373 8
374 8
375 8
376 8
377 8
378 8
379 8
380 8
381 8
382 8
383 8
384 8
385 8
386 8
387 8
388 8
389 8
390 8
391 8
392 8
393 8
394 8
395 8
396 8
397 8
398 8
399 8
400 8
401 8
402 8
403 8
404 8
405 8
406 8
407 8
408 8
409 8
410 8
411 8
412 8
413 8
414 8
415 8
416 8
417 8
418 8
419 8
420 8
421 8
422 8
423 8
424 8
425 8
426 8
427 8
428 8
429 8
430 8
431 8
432 8
433 8
434 8
435 8
436 8
437 8
438 8
439 8
440 8
441 8
442 8
443 8
444 8
445 8
446 8
447 8
448 8
449 8
450 8
451 8
452 8
453 8
454 8
455 8
456 8
457 8
458 8
459 8
460 8
461 8
462 8
463 8
464 8
465 8
466 8
467 8
468 8
469 8
470 8
471 8
472 8
473 8
474 8
475 7
476 7
477 8
478 8
479 8
480 8
481 8
482 8
483 8
484 8
485 8
486 8
487 8
488 8
489 8
490 8
491 8
492 8
493 8
494 8
495 8
496 8
497 8
498 8
499 8
500 8
501 8
502 8
503 8
504 8
505 8
506 8
507 8
508 8
509 8
510 8
511 8
512 3
513 9
514 9
515 9
516 9
517 9
518 9
519 9
520 9
521 9
522 9
523 9
524 9
525 9
526 9
527 9
528 9
529 9
530 9
531 9
532 9
533 9
534 9
535 9
536 9
537 9
538 9
539 9
540 9
541 9
542 3
543 9
544 9
545 9
546 9
547 9
548 9
549 9
550 9
551 9
552 9
553 9
554 0
555 9
556 9
557 9
558 9
559 9
560 3
561 9
562 3
563 3
564 9
565 9
566 9
567 9
568 9
569 9
570 9
571 9
572 9
573 3
574 2
575 9
576 2
577 2
578 2
579 3
580 2
581 2
582 9
583 2
584 9
585 2
586 2
587 2
588 9
589 18
590 2
591 2
592 9
593 3
594 3
595 2
596 2
597 2
598 2
599 27
600 16
601 27
602 9
603 9
604 9
605 9
606 9
607 9
608 9
609 9
610 9
611 9
612 9
613 10
614 10
615 10
616 10
617 10
618 10
619 10
620 10
621 10
622 10
623 10
624 10
625 10
626 10
627 10
628 10
629 10
630 10
631 10
632 10
633 10
634 10
635 10
636 9
637 9
638 3
639 2
640 2
641 2
642 2
643 2
644 2
645 2
646 2
647 2
648 2
649 2
650 2
651 2
652 2
653 2
654 2
655 2
656 2
657 2
658 2
659 2
660 2
661 2
662 2
663 2
664 2
665 2
666 3
667 3
668 2
669 2
670 2
671 2
672 2
673 2
674 26
675 26
676 26
677 26
678 24
679 26
680 26
681 26
682 24
683 24
684 2
685 11
686 11
687 11
688 11
689 11
690 11
691 11
692 11
693 11
694 11
695 11
696 11
697 11
698 11
699 11
700 11
701 11
702 11
703 11
704 0
705 16
706 11
707 27
708 11
709 11
710 11
711 11
712 11
713 11
714 11
715 11
716 11
717 16
718 11
719 9
720 11
721 11
722 11
723 11
724 11
725 11
726 11
727 11
728 11
729 11
730 0
731 0
732 0
733 0
734 0
735 0
736 1
737 0
738 1
739 0
740 0
741 0
742 0
743 0
744 0
745 0
746 0
747 0
748 0
749 0
750 0
751 16
752 25
753 25
754 5
755 5
756 5
757 5
758 5
759 24
760 5
761 25
762 25
763 25
764 15
765 15
766 15
767 25
768 25
769 5
770 5
771 5
772 15
773 14
774 15
775 5
776 25
777 15
778 14
779 5
780 5
781 5
782 5
783 25
784 25
785 12
786 12
787 12
788 12
789 12
790 12
791 12
792 13
793 12
794 12
795 12
796 12
797 12
798 12
799 12
800 12
801 12
802 12
803 12
804 12
805 12
806 12
807 12
808 12
809 12
810 12
811 12
812 12
813 12
814 12
815 12
816 12
817 12
818 12
819 12
820 12
821 12
822 12
823 12
824 12
825 12
826 12
827 12
828 12
829 12
830 12
831 12
832 12
833 12
834 12
835 12
836 12
837 12
838 12
839 12
840 12
841 12
842 12
843 12
844 12
845 12
846 12
847 12
848 12
849 12
850 12
851 12
852 12
853 12
854 12
855 12
856 12
857 12
858 12
859 12
860 12
861 12
862 12
863 12
864 12
865 12
866 12
867 12
868 12
869 12
870 12
871 12
872 13
873 13
874 13
875 13
876 13
877 13
878 13
879 13
880 13
881 13
882 13
883 13
884 13
885 13
886 13
887 13
888 13
889 13
890 13
891 13
892 13
893 13
894 13
895 13
896 13
897 13
898 13
899 13
900 13
901 12
902 19
903 15
904 15
905 15
906 15
907 15
908 15
909 15
910 15
911 15
912 15
913 14
914 14
915 14
916 15
917 14
918 14
919 14
920 14
921 14
922 14
923 14
924 14
925 14
926 14
927 14
928 14
929 14
930 14
931 14
932 14
933 14
934 14
935 14
936 14
937 14
938 14
939 14
940 14
941 14
942 14
943 14
944 14
945 14
946 14
947 14
948 14
949 15
950 14
951 15
952 15
953 15
954 15
955 15
956 15
957 15
958 15
959 15
960 15
961 15
962 15
963 15
964 15
965 15
966 15
967 15
968 15
969 15
970 15
971 15
972 15
973 15
974 15
975 15
976 15
977 15
978 15
979 15
980 15
981 15
982 15
983 15
984 15
985 15
986 15
987 15
988 15
989 15
990 15
991 15
992 15
993 15
994 15
995 15
996 15
997 15
998 15
999 15
1000 15
1001 15
1002 15
1003 15
1004 15
1005 15
1006 15
1007 15
1008 15
1009 15
1010 15
1011 15
1012 15
1013 15
1014 15
1015 15
1016 15
1017 15
1018 15
1019 15
1020 15
1021 15
1022 15
1023 15
1024 15
1025 15
1026 15
1027 15
1028 15
1029 15
1030 15
1031 14
1032 14
1033 14
1034 16
1035 25
1036 4
1037 16
1038 14
1039 13
1040 16
1041 16
1042 14
1043 14
1044 14
1045 14
1046 14
1047 14
1048 14
1049 14
1050 14
1051 14
1052 14
1053 14
1054 14
1055 14
1056 14
1057 14
1058 14
1059 14
1060 14
1061 14
1062 14
1063 14
1064 14
1065 16
1066 18
1067 18
1068 17
1069 17
1070 17
1071 17
1072 17
1073 17
1074 17
1075 17
1076 17
1077 17
1078 17
1079 17
1080 17
1081 17
1082 17
1083 17
1084 17
1085 17
1086 17
1087 17
1088 17
1089 17
1090 17
1091 17
1092 17
1093 17
1094 17
1095 17
1096 17
1097 17
1098 17
1099 17
1100 17
1101 17
1102 17
1103 17
1104 17
1105 17
1106 17
1107 17
1108 17
1109 17
1110 17
1111 17
1112 17
1113 17
1114 17
1115 17
1116 17
1117 17
1118 17
1119 18
1120 18
1121 15
1122 18
1123 18
1124 18
1125 18
1126 18
1127 18
1128 18
1129 18
1130 18
1131 18
1132 18
1133 18
1134 18
1135 18
1136 18
1137 18
1138 18
1139 18
1140 18
1141 18
1142 18
1143 18
1144 18
1145 18
1146 18
1147 18
1148 18
1149 18
1150 18
1151 18
1152 18
1153 18
1154 18
1155 18
1156 18
1157 18
1158 18
1159 18
1160 18
1161 18
1162 18
1163 18
1164 18
1165 18
1166 18
1167 18
1168 18
1169 18
1170 18
1171 18
1172 18
1173 18
1174 18
1175 18
1176 18
1177 18
1178 18
1179 18
1180 18
1181 18
1182 18
1183 18
1184 18
1185 18
1186 12
1187 13
1188 19
1189 19
1190 19
1191 19
1192 19
1193 19
1194 19
1195 19
1196 19
1197 19
1198 19
1199 19
1200 19
1201 19
1202 19
1203 19
1204 19
1205 19
1206 19
1207 19
1208 19
1209 19
1210 19
1211 19
1212 19
1213 19
1214 19
1215 19
1216 19
1217 19
1218 19
1219 19
1220 19
1221 19
1222 19
1223 19
1224 19
1225 19
1226 19
1227 19
1228 19
1229 19
1230 19
1231 19
1232 19
1233 19
1234 20
1235 20
1236 20
1237 20
1238 20
1239 20
1240 20
1241 20
1242 20
1243 20
1244 20
1245 20
1246 20
1247 20
1248 20
1249 20
1250 20
1251 20
1252 20
1253 20
1254 20
1255 20
1256 20
1257 20
1258 19
1259 21
1260 21
1261 21
1262 21
1263 21
1264 21
1265 21
1266 21
1267 21
1268 21
1269 21
1270 21
1271 21
1272 21
1273 21
1274 21
1275 21
1276 21
1277 21
1278 21
1279 21
1280 21
1281 21
1282 21
1283 21
1284 21
1285 21
1286 21
1287 21
1288 21
1289 21
1290 21
1291 21
1292 21
1293 21
1294 21
1295 21
1296 21
1297 15
1298 15
1299 15
1300 15
1301 22
1302 22
1303 22
1304 15
1305 22
1306 22
1307 22
1308 15
1309 22
1310 22
1311 22
1312 22
1313 15
1314 22
1315 15
1316 22
1317 22
1318 22
1319 22
1320 22
1321 15
1322 22
1323 4
1324 23
1325 23
1326 23
1327 23
1328 23
1329 23
1330 23
1331 23
1332 23
1333 23
1334 23
1335 23
1336 23
1337 23
1338 23
1339 23
1340 23
1341 23
1342 23
1343 23
1344 23
1345 23
1346 23
1347 23
1348 23
1349 23
1350 23
1351 23
1352 23
1353 23
1354 23
1355 23
1356 23
1357 23
1358 23
1359 23
1360 23
1361 23
1362 23
1363 23
1364 23
1365 23
1366 23
1367 23
1368 23
1369 23
1370 23
1371 23
1372 23
1373 23
1374 23
1375 23
1376 23
1377 18
1378 7
1379 21
1380 24
1381 24
1382 24
1383 24
1384 24
1385 24
1386 24
1387 24
1388 24
1389 24
1390 24
1391 24
1392 24
1393 24
1394 24
1395 24
1396 24
1397 24
1398 24
1399 24
1400 24
1401 24
1402 24
1403 24
1404 24
1405 24
1406 24
1407 24
1408 24
1409 24
1410 24
1411 24
1412 24
1413 24
1414 24
1415 24
1416 25
1417 25
1418 25
1419 25
1420 25
1421 25
1422 25
1423 25
1424 25
1425 25
1426 25
1427 25
1428 25
1429 25
1430 25
1431 25
1432 25
1433 25
1434 25
1435 25
1436 25
1437 25
1438 25
1439 25
1440 25
1441 25
1442 25
1443 25
1444 25
1445 25
1446 27
1447 26
1448 26
1449 26
1450 26
1451 26
1452 26
1453 26
1454 26
1455 26
1456 26
1457 26
1458 26
1459 24
1460 18
1461 26
1462 26
1463 26
1464 26
1465 26
1466 26
1467 26
1468 26
1469 26
1470 26
1471 26
1472 26
1473 26
1474 26
1475 18
1476 26
1477 26
1478 26
1479 26
1480 26
1481 26
1482 18
1483 26
1484 26
1485 18
1486 18
1487 1
1488 24
1489 18
1490 26
1491 24
1492 26
1493 26
1494 18
1495 26
1496 26
1497 26
1498 26
1499 26
1500 26
1501 26
1502 26
1503 26
1504 26
1505 26
1506 26
1507 26
1508 26
1509 26
1510 26
1511 26
1512 26
1513 26
1514 26
1515 26
1516 26
1517 26
1518 26
1519 26
1520 26
1521 26
1522 26
1523 26
1524 26
1525 26
1526 26
1527 26
1528 26
1529 26
1530 26
1531 26
1532 26
1533 26
1534 26
1535 26
1536 26
1537 26
1538 26
1539 26
1540 26
1541 26
1542 26
1543 26
1544 26
1545 26
1546 26
1547 26
1548 26
1549 26
1550 26
1551 26
1552 26
1553 26
1554 26
1555 26
1556 26
1557 26
1558 26
1559 26
1560 26
1561 26
1562 26
1563 26
1564 27
1565 27
1566 27
1567 27
1568 27
1569 27
1570 27
1571 27
1572 27
1573 27
1574 27
1575 27
1576 27
1577 27
1578 27
1579 27
1580 27
1581 27
