2 -1
3 -1
4 -1
5 -1
6 -1
7 -1
8 -1
9 -1
10 -1
11 -1
12 -1
13 -1
14 -1
15 -1
16 -1
17 -1
18 -1
19 -1
20 -1
21 -1
22 -1
23 -1
24 11
25 11
26 11
27 27
28 27
29 16
30 16
31 11
32 16
33 11
34 27
35 27
36 27
37 16
38 16
39 0
40 5
41 26
42 26
43 18
44 25
45 4
46 11
47 27
48 27
49 11
50 25
51 15
52 15
53 0
54 24
55 24
56 24
57 24
58 24
59 24
60 24
61 24
62 24
63 24
64 24
65 24
66 24
67 24
68 24
69 24
70 18
71 27
72 7
73 0
74 3
75 0
76 0
77 7
78 0
79 27
80 0
81 0
82 2
83 11
84 2
85 2
86 11
87 11
88 11
89 11
90 18
91 2
92 0
93 0
94 0
95 0
96 0
97 0
98 0
99 0
100 0
101 0
102 0
103 0
104 0
105 0
106 0
107 0
108 0
109 0
110 0
111 0
112 0
113 0
114 0
115 0
116 0
117 0
118 0
119 0
120 0
121 0
122 0
123 0
124 0
125 0
126 0
127 0
128 0
129 1
130 0
131 1
132 0
133 0
134 0
135 0
136 0
137 0
138 0
139 0
140 0
141 0
142 0
143 0
144 0
145 0
146 0
147 0
148 0
149 0
150 0
151 0
152 0
153 0
154 0
155 0
156 0
157 1
158 0
159 0
160 0
161 0
162 0
163 0
164 0
165 0
166 0
167 0
168 0
169 0
170 1
171 1
172 1
173 1
174 1
175 18
176 18
177 18
178 9
179 23
180 1
181 0
182 1
183 1
184 1
185 1
186 1
187 1
188 1
189 1
190 1
191 1
192 1
193 1
194 1
195 1
196 1
197 1
198 1
199 1
200 26
201 1
202 1
203 1
204 1
205 1
206 1
207 1
208 1
209 1
210 1
211 26
212 2
213 2
214 2
215 2
216 2
217 2
218 2
219 2
220 2
221 27
222 2
223 2
224 2
225 2
226 2
227 2
228 2
229 2
230 2
231 2
232 2
233 2
234 2
235 2
236 2
237 2
238 2
239 2
240 2
241 2
242 2
243 26
244 26
245 2
246 26
247 26
248 26
249 26
250 2
251 2
252 2
253 2
254 2
255 2
256 2
257 2
258 2
259 2
260 2
261 2
262 2
263 2
264 2
265 2
266 2
267 2
268 2
269 2
270 2
271 2
272 2
273 2
274 2
275 2
276 2
277 2
278 2
279 2
280 2
281 2
282 2
283 2
284 2
285 2
286 2
287 2
288 2
289 2
290 2
291 2
292 2
293 2
294 2
295 2
296 2
297 2
298 2
299 2
300 11
301 0
302 1
303 18
304 18
305 24
306 13
307 5
308 5
309 18
310 13
311 9
312 14
313 14
314 14
315 25
316 25
317 14
318 14
319 14
320 14
321 26
322 4
323 2
324 2
325 2
326 2
327 2
328 2
329 2
330 2
331 2
332 2
333 2
334 2
335 2
336 2
337 2
338 2
339 2
340 2
341 2
342 2
343 2
344 2
345 2
346 2
347 2
348 2
349 2
350 2
351 2
352 2
353 2
354 2
355 2
356 2
357 2
358 2
359 2
360 2
361 2
362 2
363 2
364 2
365 2
366 2
367 2
368 2
369 2
370 3
371 2
372 3
373 3
374 14
375 14
376 14
377 14
378 14
379 14
380 0
381 0
382 0
383 5
384 5
385 5
386 14
387 15
388 2
389 2
390 11
391 1
392 3
393 3
394 3
395 3
396 3
397 3
398 3
399 3
400 3
401 3
402 3
403 3
404 3
405 3
406 3
407 3
408 3
409 3
410 3
411 3
412 3
413 3
414 3
415 3
416 3
417 3
418 3
419 3
420 3
421 3
422 3
423 3
424 3
425 4
426 4
427 4
428 4
429 4
430 4
431 4
432 2
433 2
434 2
435 2
436 2
437 2
438 2
439 26
440 2
441 2
442 4
443 4
444 4
445 4
446 4
447 4
448 4
449 4
450 4
451 4
452 4
453 4
454 4
455 4
456 4
457 4
458 4
459 4
460 4
461 4
462 4
463 4
464 4
465 4
466 4
467 4
468 4
469 4
470 4
471 4
472 5
473 4
474 4
475 4
476 23
477 15
478 14
479 15
480 5
481 2
482 5
483 5
484 5
485 5
486 5
487 5
488 5
489 5
490 5
491 5
492 5
493 5
494 5
495 5
496 5
497 5
498 5
499 5
500 5
501 5
502 5
503 5
504 5
505 5
506 5
507 5
508 2
509 5
510 5
511 5
512 5
513 5
514 5
515 5
516 5
517 5
518 5
519 5
520 5
521 5
522 5
523 5
524 5
525 5
526 5
527 5
528 5
529 5
530 5
531 5
532 5
533 5
534 5
535 5
536 5
537 5
538 5
539 5
540 5
541 5
542 25
543 5
544 5
545 5
546 5
547 5
548 6
549 6
550 6
551 6
552 5
553 6
554 6
555 6
556 6
557 16
558 6
559 6
560 7
561 7
562 7
563 0
564 6
565 6
566 7
567 6
568 6
569 6
570 7
571 6
572 16
573 6
574 16
575 6
576 5
577 1
578 6
579 7
580 1
581 5
582 5
583 1
584 1
585 5
586 6
587 5
588 5
589 1
590 6
591 5
592 5
593 5
594 5
595 5
596 5
597 13
598 12
599 16
600 25
601 25
602 16
603 16
604 18
605 16
606 0
607 16
608 27
609 27
610 16
611 26
612 0
613 15
614 14
615 15
616 15
617 27
618 2
619 27
620 27
621 6
622 27
623 15
624 27
625 0
626 3
627 27
628 2
629 27
630 27
631 27
632 2
633 2
634 2
635 2
636 2
637 27
638 27
639 27
640 27
641 27
642 27
643 27
644 3
645 27
646 27
647 18
648 18
649 13
650 27
651 27
652 5
653 27
654 6
655 6
656 4
657 6
658 6
659 6
660 6
661 6
662 7
663 6
664 6
665 6
666 6
667 6
668 6
669 6
670 6
671 6
672 7
673 6
674 6
675 16
676 6
677 6
678 6
679 6
680 7
681 6
682 6
683 6
684 7
685 6
686 6
687 7
688 6
689 0
690 7
691 7
692 7
693 7
694 7
695 7
696 7
697 7
698 7
699 7
700 7
701 7
702 7
703 2
704 10
705 7
706 7
707 7
708 7
709 7
710 2
711 7
712 7
713 7
714 7
715 7
716 7
717 7
718 7
719 7
720 7
721 7
722 7
723 7
724 7
725 7
726 7
727 7
728 7
729 7
730 7
731 7
732 7
733 7
734 7
735 7
736 7
737 7
738 7
739 7
740 7
741 7
742 7
743 7
744 7
745 7
746 7
747 7
748 7
749 7
750 7
751 7
752 7
753 7
754 7
755 7
756 7
757 8
758 8
759 8
760 8
761 8
762 8
763 8
764 8
765 8
766 8
767 8
768 8
769 8
770 8
771 8
772 8
773 8
774 8
775 8
776 8
777 8
778 8
779 8
780 8
781 8
782 8
783 8
784 8
785 8
786 8
787 8
788 8
789 8
790 8
791 8
792 8
793 8
794 8
795 8
796 8
797 3
798 2
799 9
800 9
801 9
802 9
803 9
804 9
805 9
806 9
807 9
808 9
809 9
810 9
811 9
812 9
813 9
814 9
815 9
816 9
817 9
818 9
819 9
820 9
821 9
822 9
823 9
824 9
825 9
826 9
827 9
828 9
829 9
830 9
831 9
832 9
833 9
834 9
835 9
836 9
837 9
838 9
839 9
840 9
841 9
842 9
843 9
844 9
845 9
846 9
847 9
848 9
849 9
850 9
851 9
852 9
853 10
854 9
855 10
856 10
857 10
858 10
859 10
860 10
861 10
862 10
863 10
864 10
865 10
866 10
867 10
868 10
869 10
870 10
871 10
872 10
873 10
874 10
875 10
876 10
877 10
878 10
879 10
880 10
881 10
882 2
883 2
884 2
885 2
886 2
887 2
888 2
889 2
890 2
891 2
892 9
893 10
894 9
895 10
896 9
897 9
898 9
899 11
900 11
901 11
902 11
903 11
904 11
905 11
906 11
907 11
908 11
909 11
910 11
911 11
912 11
913 11
914 11
915 11
916 11
917 11
918 11
919 11
920 11
921 11
922 11
923 11
924 11
925 11
926 11
927 11
928 11
929 11
930 11
931 11
932 11
933 11
934 11
935 11
936 11
937 11
938 2
939 2
940 2
941 0
942 27
943 0
944 2
945 0
946 2
947 2
948 2
949 2
950 27
951 0
952 3
953 0
954 0
955 27
956 12
957 12
958 12
959 5
960 15
961 12
962 12
963 12
964 5
965 5
966 2
967 10
968 19
969 20
970 5
971 27
972 4
973 13
974 12
975 4
976 12
977 12
978 12
979 4
980 12
981 12
982 12
983 12
984 4
985 12
986 12
987 12
988 12
989 4
990 12
991 12
992 12
993 12
994 15
995 5
996 12
997 12
998 12
999 7
1000 26
1001 12
1002 12
1003 12
1004 12
1005 12
1006 26
1007 12
1008 12
1009 12
1010 12
1011 12
1012 27
1013 27
1014 2
1015 16
1016 16
1017 16
1018 12
1019 9
1020 12
1021 7
1022 12
1023 12
1024 12
1025 12
1026 12
1027 12
1028 12
1029 12
1030 13
1031 26
1032 13
1033 13
1034 13
1035 13
1036 13
1037 13
1038 13
1039 12
1040 13
1041 26
1042 13
1043 13
1044 13
1045 13
1046 13
1047 13
1048 13
1049 13
1050 13
1051 12
1052 2
1053 2
1054 2
1055 2
1056 2
1057 27
1058 2
1059 2
1060 2
1061 2
1062 26
1063 26
1064 13
1065 13
1066 13
1067 13
1068 16
1069 2
1070 27
1071 14
1072 14
1073 14
1074 14
1075 14
1076 14
1077 14
1078 14
1079 14
1080 14
1081 14
1082 14
1083 14
1084 14
1085 14
1086 14
1087 14
1088 14
1089 14
1090 14
1091 2
1092 2
1093 14
1094 -1
1095 -1
1096 14
1097 14
1098 14
1099 14
1100 14
1101 14
1102 14
1103 14
1104 14
1105 14
1106 14
1107 14
1108 14
1109 14
1110 14
1111 14
1112 26
1113 14
1114 26
1115 26
1116 26
1117 26
1118 26
1119 26
1120 26
1121 26
1122 15
1123 9
1124 11
1125 27
1126 2
1127 14
1128 27
1129 27
1130 2
1131 2
1132 2
1133 25
1134 9
1135 6
1136 9
1137 4
1138 16
1139 4
1140 18
1141 15
1142 14
1143 14
1144 14
1145 14
1146 14
1147 14
1148 14
1149 14
1150 14
1151 14
1152 14
1153 14
1154 14
1155 14
1156 14
1157 14
1158 14
1159 14
1160 14
1161 14
1162 2
1163 2
1164 -1
1165 16
1166 2
1167 16
1168 2
1169 4
1170 4
1171 14
1172 26
1173 2
1174 2
1175 2
1176 2
1177 26
1178 26
1179 26
1180 26
1181 26
1182 14
1183 15
1184 14
1185 14
1186 14
1187 14
1188 14
1189 14
1190 14
1191 14
1192 14
1193 14
1194 14
1195 14
1196 14
1197 14
1198 14
1199 14
1200 14
1201 14
1202 11
1203 11
1204 16
1205 1
1206 18
1207 18
1208 18
1209 14
1210 16
1211 4
1212 27
1213 14
1214 -1
1215 -1
1216 -1
1217 -1
1218 -1
1219 -1
1220 -1
1221 -1
1222 26
1223 26
1224 26
1225 26
1226 26
1227 26
1228 26
1229 26
1230 26
1231 26
1232 26
1233 26
1234 14
1235 15
1236 15
1237 15
1238 15
1239 15
1240 15
1241 15
1242 15
1243 15
1244 15
1245 15
1246 4
1247 4
1248 5
1249 2
1250 -1
1251 -1
1252 -1
1253 -1
1254 -1
1255 -1
1256 -1
1257 -1
1258 2
1259 -1
1260 -1
1261 -1
1262 4
1263 -1
1264 -1
1265 -1
1266 -1
1267 -1
1268 -1
1269 -1
1270 -1
1271 4
1272 -1
1273 -1
1274 -1
1275 -1
1276 -1
1277 -1
1278 -1
1279 11
1280 19
1281 1
1282 7
1283 16
1284 19
1285 7
1286 7
1287 7
1288 23
1289 7
1290 3
1291 18
1292 7
1293 5
1294 5
1295 13
1296 15
1297 16
1298 -1
1299 -1
1300 25
1301 25
1302 18
1303 19
1304 25
1305 14
1306 14
1307 15
1308 15
1309 15
1310 15
1311 15
1312 4
1313 2
1314 27
1315 14
1316 11
1317 -1
1318 14
1319 14
1320 3
1321 16
1322 26
1323 26
1324 26
1325 26
1326 26
1327 26
1328 26
1329 26
1330 26
1331 26
1332 4
1333 2
1334 23
1335 4
1336 16
1337 6
1338 23
1339 8
1340 16
1341 4
1342 15
1343 15
1344 15
1345 13
1346 13
1347 15
1348 15
1349 15
1350 13
1351 15
1352 15
1353 15
1354 15
1355 15
1356 15
1357 15
1358 15
1359 15
1360 15
1361 15
1362 15
1363 15
1364 15
1365 15
1366 15
1367 15
1368 15
1369 15
1370 15
1371 15
1372 15
1373 15
1374 15
1375 15
1376 15
1377 15
1378 15
1379 15
1380 15
1381 15
1382 26
1383 2
1384 0
1385 25
1386 16
1387 27
1388 16
1389 27
1390 27
1391 1
1392 -1
1393 2
1394 10
1395 -1
1396 -1
1397 -1
1398 -1
1399 10
1400 -1
1401 3
1402 -1
1403 -1
1404 -1
1405 -1
1406 -1
1407 -1
1408 -1
1409 -1
1410 -1
1411 -1
1412 21
1413 6
1414 16
1415 16
1416 16
1417 16
1418 16
1419 16
1420 16
1421 16
1422 16
1423 6
1424 6
1425 6
1426 16
1427 16
1428 19
1429 13
1430 13
1431 6
1432 19
1433 19
1434 16
1435 6
1436 6
1437 13
1438 13
1439 26
1440 26
1441 16
1442 6
1443 19
1444 16
1445 16
1446 16
1447 19
1448 19
1449 20
1450 19
1451 13
1452 16
1453 16
1454 6
1455 6
1456 6
1457 6
1458 16
1459 16
1460 16
1461 16
1462 10
1463 5
1464 8
1465 27
1466 17
1467 17
1468 17
1469 17
1470 17
1471 17
1472 2
1473 2
1474 2
1475 -1
1476 -1
1477 -1
1478 -1
1479 -1
1480 -1
1481 -1
1482 -1
1483 -1
1484 -1
1485 -1
1486 -1
1487 -1
1488 -1
1489 -1
1490 -1
1491 -1
1492 -1
1493 -1
1494 17
1495 -1
1496 -1
1497 -1
1498 -1
1499 -1
1500 17
1501 17
1502 17
1503 17
1504 5
1505 5
1506 8
1507 17
1508 17
1509 17
1510 5
1511 17
1512 17
1513 17
1514 17
1515 17
1516 17
1517 17
1518 17
1519 17
1520 17
1521 17
1522 2
1523 2
1524 2
1525 27
1526 2
1527 2
1528 2
1529 2
1530 2
1531 2
1532 17
1533 17
1534 15
1535 15
1536 15
1537 17
1538 17
1539 26
1540 17
1541 17
1542 17
1543 7
1544 1
1545 0
1546 0
1547 7
1548 27
1549 27
1550 27
1551 27
1552 16
1553 9
1554 7
1555 7
1556 27
1557 0
1558 16
1559 26
1560 7
1561 0
1562 0
1563 0
1564 0
1565 0
1566 1
1567 4
1568 1
1569 4
1570 4
1571 4
1572 4
1573 4
1574 4
1575 4
1576 4
1577 4
1578 4
1579 4
1580 4
1581 4
1582 4
1583 18
1584 1
1585 4
1586 18
1587 4
1588 4
1589 0
1590 4
1591 4
1592 4
1593 1
1594 6
1595 4
1596 26
1597 0
1598 4
1599 18
1600 4
1601 4
1602 4
1603 4
1604 4
1605 4
1606 4
1607 4
1608 4
1609 4
1610 4
1611 4
1612 2
1613 2
1614 2
1615 2
1616 25
1617 2
1618 2
1619 2
1620 2
1621 2
1622 8
1623 4
1624 4
1625 5
1626 5
1627 4
1628 4
1629 18
1630 4
1631 4
1632 4
1633 4
1634 4
1635 4
1636 4
1637 4
1638 4
1639 6
1640 4
1641 4
1642 4
1643 11
1644 14
1645 14
1646 15
1647 7
1648 6
1649 1
1650 10
1651 3
1652 1
1653 1
1654 1
1655 1
1656 1
1657 1
1658 1
1659 1
1660 1
1661 1
1662 1
1663 1
1664 1
1665 15
1666 1
1667 1
1668 1
1669 1
1670 13
1671 18
1672 18
1673 7
1674 7
1675 1
1676 7
1677 0
1678 5
1679 18
1680 18
1681 18
1682 1
1683 15
1684 1
1685 1
1686 1
1687 1
1688 1
1689 1
1690 4
1691 1
1692 5
1693 1
1694 5
1695 5
1696 1
1697 5
1698 18
1699 1
1700 5
1701 18
1702 1
1703 1
1704 1
1705 1
1706 1
1707 5
1708 5
1709 1
1710 5
1711 1
1712 0
1713 16
1714 0
1715 27
1716 2
1717 2
1718 2
1719 0
1720 2
1721 27
1722 7
1723 19
1724 19
1725 19
1726 19
1727 19
1728 19
1729 19
1730 19
1731 19
1732 2
1733 2
1734 2
1735 2
1736 2
1737 2
1738 2
1739 2
1740 2
1741 2
1742 19
1743 19
1744 19
1745 19
1746 19
1747 19
1748 19
1749 19
1750 19
1751 19
1752 19
1753 19
1754 19
1755 19
1756 19
1757 19
1758 19
1759 19
1760 20
1761 20
1762 20
1763 20
1764 20
1765 20
1766 20
1767 20
1768 20
1769 20
1770 20
1771 20
1772 20
1773 20
1774 20
1775 20
1776 20
1777 20
1778 20
1779 20
1780 20
1781 20
1782 2
1783 20
1784 3
1785 2
1786 26
1787 2
1788 2
1789 2
1790 2
1791 2
1792 20
1793 20
1794 20
1795 20
1796 10
1797 16
1798 20
1799 20
1800 15
1801 15
1802 21
1803 15
1804 15
1805 21
1806 22
1807 22
1808 22
1809 21
1810 21
1811 21
1812 5
1813 23
1814 2
1815 5
1816 26
1817 26
1818 19
1819 26
1820 17
1821 2
1822 21
1823 21
1824 21
1825 22
1826 22
1827 22
1828 22
1829 21
1830 21
1831 22
1832 22
1833 15
1834 15
1835 15
1836 15
1837 15
1838 15
1839 14
1840 15
1841 15
1842 22
1843 15
1844 22
1845 22
1846 14
1847 22
1848 22
1849 22
1850 15
1851 15
1852 2
1853 15
1854 15
1855 4
1856 14
1857 14
1858 2
1859 27
1860 14
1861 14
1862 14
1863 15
1864 15
1865 15
1866 15
1867 14
1868 22
1869 14
1870 22
1871 22
1872 22
1873 22
1874 22
1875 26
1876 26
1877 26
1878 11
1879 15
1880 26
1881 -1
1882 2
1883 2
1884 -1
1885 -1
1886 -1
1887 -1
1888 -1
1889 -1
1890 -1
1891 -1
1892 -1
1893 -1
1894 -1
1895 -1
1896 -1
1897 -1
1898 -1
1899 -1
1900 -1
1901 -1
1902 -1
1903 -1
1904 -1
1905 -1
1906 -1
1907 -1
1908 -1
1909 -1
1910 -1
1911 22
1912 19
1913 -1
1914 23
1915 23
1916 23
1917 23
1918 23
1919 23
1920 23
1921 23
1922 2
1923 2
1924 2
1925 2
1926 2
1927 25
1928 2
1929 2
1930 2
1931 2
1932 15
1933 15
1934 15
1935 15
1936 23
1937 23
1938 23
1939 23
1940 15
1941 23
1942 23
1943 15
1944 23
1945 23
1946 23
1947 23
1948 23
1949 15
1950 23
1951 15
1952 23
1953 23
1954 23
1955 23
1956 23
1957 23
1958 15
1959 23
1960 23
1961 15
1962 15
1963 15
1964 15
1965 15
1966 15
1967 26
1968 26
1969 15
1970 25
1971 15
1972 15
1973 25
1974 25
1975 27
1976 -1
1977 -1
1978 -1
1979 -1
1980 -1
1981 27
1982 -1
1983 -1
1984 -1
1985 -1
1986 -1
1987 -1
1988 -1
1989 -1
1990 -1
1991 -1
1992 -1
1993 -1
1994 -1
1995 -1
1996 -1
1997 -1
1998 -1
1999 -1
2000 -1
2001 -1
2002 -1
2003 -1
2004 -1
2005 -1
2006 -1
2007 -1
2008 24
2009 24
2010 24
2011 24
2012 24
2013 24
2014 24
2015 24
2016 24
2017 24
2018 24
2019 24
2020 24
2021 24
2022 24
2023 24
2024 24
2025 24
2026 24
2027 24
2028 24
2029 24
2030 24
2031 24
2032 24
2033 24
2034 24
2035 24
2036 24
2037 24
2038 24
2039 24
2040 24
2041 24
2042 2
2043 17
2044 2
2045 17
2046 2
2047 2
2048 2
2049 2
2050 2
2051 2
2052 24
2053 24
2054 24
2055 24
2056 24
2057 24
2058 24
2059 24
2060 24
2061 24
2062 26
2063 26
2064 26
2065 26
2066 26
2067 26
2068 26
2069 26
2070 26
2071 26
2072 25
2073 25
2074 25
2075 25
2076 25
2077 2
2078 2
2079 25
2080 25
2081 25
2082 25
2083 25
2084 25
2085 25
2086 25
2087 25
2088 25
2089 25
2090 25
2091 25
2092 2
2093 2
2094 2
2095 2
2096 2
2097 2
2098 2
2099 17
2100 17
2101 2
2102 25
2103 25
2104 25
2105 25
2106 25
2107 24
2108 24
2109 24
2110 24
2111 24
2112 26
2113 26
2114 26
2115 26
2116 26
2117 26
2118 26
2119 26
2120 26
2121 26
2122 26
2123 26
2124 26
2125 26
2126 26
2127 26
2128 26
2129 26
2130 26
2131 26
2132 26
2133 26
2134 26
2135 26
2136 26
2137 26
2138 26
2139 26
2140 26
2141 26
2142 26
2143 26
2144 26
2145 26
2146 26
2147 26
2148 26
2149 26
2150 26
2151 26
2152 26
2153 26
2154 26
2155 26
2156 26
2157 26
2158 26
2159 26
2160 26
2161 26
2162 26
2163 26
2164 18
2165 27
2166 27
2167 27
2168 27
2169 27
2170 27
2171 27
2172 27
2173 27
2174 27
2175 27
2176 27
2177 27
2178 27
2179 27
2180 27
2181 27
2182 2
2183 12
2184 3
2185 1
2186 3
2187 4
2188 1
2189 10
2190 10
2191 3
2192 27
2193 27
2194 27
2195 27
2196 27
2197 27
2198 27
2199 27
2200 27
