2 27
3 15
4 15
5 12
6 15
7 27
8 14
9 0
10 27
11 12
12 14
13 0
14 2
15 14
16 16
17 16
18 27
19 14
20 2
21 27
22 14
23 2
24 27
25 2
26 25
27 2
28 14
29 14
30 14
31 14
32 2
33 0
34 18
35 25
36 26
37 7
38 6
39 18
40 18
41 2
42 14
43 11
44 15
45 6
46 14
47 14
48 6
49 6
50 16
51 14
52 16
53 16
54 1
55 16
56 1
57 0
58 16
59 16
60 1
61 16
62 1
63 0
64 16
65 16
66 0
67 13
68 0
69 1
70 1
71 16
72 14
73 1
74 17
75 18
76 16
77 2
78 16
79 14
80 14
81 1
82 1
83 14
84 6
85 7
86 6
87 6
88 3
89 18
90 23
91 7
92 23
93 0
94 1
95 16
96 0
97 1
98 18
99 1
100 1
101 1
102 1
103 1
104 1
105 1
106 1
107 1
108 1
109 1
110 1
111 11
112 18
113 1
114 16
115 1
116 1
117 16
118 1
119 16
120 1
121 18
122 14
123 1
124 1
125 6
126 1
127 1
128 1
129 16
130 2
131 16
132 2
133 18
134 14
135 14
136 6
137 2
138 2
139 5
140 18
141 18
142 0
143 0
144 2
145 3
146 3
147 2
148 3
149 12
150 2
151 3
152 18
153 0
154 16
155 2
156 0
157 18
158 0
159 2
160 26
161 18
162 2
163 3
164 2
165 2
166 2
167 2
168 2
169 2
170 4
171 4
172 2
173 2
174 2
175 2
176 2
177 2
178 2
179 2
180 21
181 18
182 2
183 2
184 2
185 2
186 13
187 2
188 2
189 2
190 2
191 2
192 3
193 3
194 3
195 2
196 2
197 2
198 2
199 2
200 2
201 2
202 2
203 2
204 2
205 18
206 3
207 2
208 3
209 2
210 3
211 2
212 2
213 2
214 2
215 2
216 2
217 2
218 2
219 3
220 2
221 2
222 3
223 2
224 2
225 15
226 18
227 25
228 3
229 18
230 3
231 2
232 3
233 3
234 3
235 2
236 2
237 16
238 2
239 2
240 2
241 16
242 2
243 16
244 25
245 4
246 16
247 4
248 9
249 2
250 16
251 14
252 18
253 0
254 2
255 27
256 8
257 16
258 6
259 2
260 18
261 27
262 16
263 18
264 27
265 18
266 18
267 18
268 18
269 18
270 18
271 18
272 2
273 3
274 3
275 27
276 2
277 2
278 2
279 2
280 2
281 2
282 3
283 3
284 3
285 3
286 3
287 3
288 3
289 3
290 3
291 3
292 25
293 18
294 18
295 18
296 3
297 11
298 27
299 18
300 16
301 27
302 3
303 3
304 4
305 4
306 4
307 4
308 18
309 4
310 16
311 4
312 4
313 18
314 4
315 16
316 18
317 6
318 4
319 6
320 4
321 4
322 12
323 26
324 17
325 2
326 4
327 2
328 13
329 4
330 9
331 6
332 2
333 3
334 2
335 0
336 2
337 2
338 2
339 8
340 17
341 2
342 26
343 18
344 4
345 4
346 4
347 18
348 18
349 4
350 4
351 27
352 26
353 2
354 16
355 2
356 4
357 26
358 6
359 4
360 4
361 16
362 4
363 5
364 0
365 0
366 5
367 0
368 5
369 7
370 5
371 1
372 27
373 2
374 3
375 18
376 1
377 2
378 2
379 18
380 7
381 1
382 5
383 7
384 5
385 18
386 5
387 2
388 5
389 4
390 6
391 3
392 4
393 18
394 4
395 4
396 8
397 4
398 6
399 2
400 3
401 2
402 5
403 5
404 5
405 5
406 2
407 5
408 5
409 5
410 5
411 5
412 3
413 9
414 6
415 6
416 5
417 5
418 5
419 6
420 5
421 7
422 5
423 13
424 5
425 13
426 6
427 0
428 0
429 0
430 0
431 5
432 0
433 0
434 0
435 12
436 13
437 10
438 13
439 6
440 1
441 10
442 10
443 10
444 5
445 17
446 5
447 10
448 18
449 14
450 4
451 10
452 0
453 26
454 11
455 3
456 13
457 11
458 20
459 6
460 13
461 27
462 1
463 2
464 5
465 5
466 5
467 10
468 5
469 5
470 5
471 5
472 15
473 18
474 2
475 15
476 15
477 0
478 15
479 6
480 15
481 15
482 5
483 5
484 5
485 5
486 10
487 5
488 5
489 5
490 5
491 1
492 16
493 16
494 15
495 27
496 2
497 15
498 16
499 16
500 16
501 11
502 14
503 22
504 10
505 16
506 15
507 14
508 15
509 15
510 25
511 15
512 4
513 16
514 13
515 27
516 13
517 2
518 13
519 5
520 15
521 13
522 25
523 16
524 16
525 2
526 11
527 18
528 16
529 27
530 16
531 11
532 5
533 5
534 27
535 18
536 18
537 27
538 27
539 5
540 5
541 5
542 16
543 18
544 16
545 18
546 18
547 16
548 18
549 5
550 3
551 16
552 18
553 16
554 5
555 18
556 27
557 16
558 9
559 18
560 5
561 5
562 27
563 18
564 2
565 11
566 3
567 9
568 18
569 16
570 2
571 16
572 11
573 1
574 2
575 11
576 11
577 27
578 18
579 27
580 3
581 16
582 18
583 4
584 11
585 2
586 5
587 16
588 18
589 9
590 3
591 2
592 6
593 6
594 16
595 6
596 6
597 6
598 6
599 6
600 6
601 6
602 26
603 16
604 16
605 18
606 6
607 6
608 18
609 18
610 3
611 11
612 16
613 18
614 16
615 16
616 16
617 16
618 16
619 16
620 18
621 16
622 16
623 16
624 18
625 27
626 19
627 27
628 16
629 27
630 16
631 16
632 6
633 6
634 16
635 16
636 4
637 4
638 6
639 6
640 18
641 18
642 4
643 19
644 2
645 18
646 18
647 0
648 2
649 1
650 0
651 18
652 26
653 16
654 16
655 0
656 4
657 16
658 27
659 27
660 6
661 6
662 18
663 4
664 16
665 16
666 16
667 16
668 6
669 11
670 11
671 16
672 17
673 18
674 18
675 16
676 18
677 18
678 16
679 26
680 18
681 16
682 1
683 22
684 1
685 2
686 14
687 1
688 13
689 1
690 15
691 12
692 7
693 7
694 0
695 0
696 7
697 6
698 7
699 7
700 18
701 7
702 7
703 7
704 7
705 7
706 7
707 7
708 7
709 7
710 7
711 7
712 26
713 17
714 7
715 3
716 2
717 2
718 0
719 3
720 2
721 2
722 7
723 7
724 7
725 7
726 7
727 7
728 1
729 8
730 8
731 8
732 8
733 8
734 4
735 8
736 8
737 8
738 8
739 8
740 8
741 8
742 8
743 4
744 1
745 0
746 0
747 8
748 4
749 2
750 3
751 7
752 2
753 8
754 7
755 3
756 18
757 2
758 2
759 2
760 18
761 2
762 2
763 2
764 2
765 2
766 2
767 2
768 9
769 9
770 2
771 10
772 27
773 7
774 5
775 17
776 0
777 9
778 9
779 2
780 27
781 15
782 9
783 9
784 9
785 10
786 9
787 9
788 9
789 9
790 11
791 9
792 9
793 2
794 18
795 18
796 5
797 1
798 2
799 27
800 3
801 27
802 10
803 3
804 3
805 9
806 3
807 9
808 3
809 3
810 9
811 9
812 9
813 9
814 1
815 2
816 9
817 9
818 9
819 2
820 10
821 3
822 9
823 9
824 10
825 10
826 3
827 9
828 9
829 9
830 9
831 9
832 0
833 12
834 12
835 18
836 18
837 9
838 17
839 18
840 27
841 18
842 2
843 0
844 3
845 10
846 10
847 3
848 3
849 3
850 3
851 10
852 4
853 2
854 2
855 4
856 4
857 4
858 10
859 4
860 2
861 27
862 10
863 4
864 10
865 14
866 14
867 4
868 3
869 14
870 2
871 2
872 2
873 2
874 2
875 2
876 2
877 12
878 26
879 4
880 3
881 2
882 3
883 2
884 2
885 2
886 18
887 16
888 18
889 10
890 18
891 2
892 27
893 18
894 16
895 22
896 2
897 27
898 2
899 18
900 18
901 17
902 18
903 6
904 25
905 0
906 27
907 17
908 0
909 18
910 27
911 0
912 16
913 3
914 16
915 16
916 2
917 2
918 11
919 11
920 11
921 16
922 11
923 11
924 0
925 2
926 11
927 11
928 11
929 11
930 11
931 11
932 18
933 2
934 5
935 2
936 17
937 21
938 27
939 2
940 18
941 27
942 5
943 17
944 11
945 23
946 27
947 16
948 27
949 2
950 16
951 27
952 11
953 11
954 11
955 0
956 16
957 16
958 16
959 16
960 16
961 16
962 2
963 6
964 6
965 6
966 6
967 6
968 6
969 3
970 6
971 6
972 18
973 22
974 18
975 5
976 0
977 18
978 24
979 26
980 16
981 16
982 26
983 26
984 26
985 26
986 26
987 6
988 26
989 0
990 6
991 26
992 16
993 4
994 16
995 12
996 16
997 16
998 18
999 16
1000 6
1001 16
1002 26
1003 16
1004 16
1005 7
1006 18
1007 18
1008 22
1009 18
1010 7
1011 7
1012 7
1013 6
1014 4
1015 5
1016 6
1017 11
1018 16
1019 7
1020 16
1021 16
1022 0
1023 4
1024 22
1025 2
1026 2
1027 7
1028 0
1029 3
1030 2
1031 4
1032 7
1033 16
1034 27
1035 7
1036 3
1037 2
1038 14
1039 3
1040 14
1041 2
1042 0
1043 0
1044 2
1045 2
1046 2
1047 1
1048 2
1049 2
1050 0
1051 1
1052 14
1053 22
1054 2
1055 15
1056 15
1057 14
1058 15
1059 15
1060 15
1061 14
1062 1
1063 3
1064 8
1065 8
1066 12
1067 7
1068 7
1069 14
1070 2
1071 11
1072 0
1073 0
1074 0
1075 16
1076 5
1077 5
1078 7
1079 5
1080 7
1081 12
1082 18
1083 5
1084 2
1085 2
1086 2
1087 7
1088 0
1089 7
1090 2
1091 6
1092 7
1093 0
1094 0
1095 7
1096 0
1097 7
1098 0
1099 4
1100 0
1101 7
1102 7
1103 7
1104 5
1105 5
1106 7
1107 15
1108 7
1109 7
1110 7
1111 5
1112 7
1113 7
1114 7
1115 13
1116 13
1117 13
1118 13
1119 13
1120 13
1121 27
1122 13
1123 13
1124 13
1125 13
1126 13
1127 13
1128 13
1129 13
1130 13
1131 13
1132 13
1133 13
1134 13
1135 13
1136 13
1137 13
1138 13
1139 13
1140 13
1141 13
1142 13
1143 13
1144 13
1145 13
1146 13
1147 13
1148 13
1149 13
1150 13
1151 15
1152 14
1153 16
1154 14
1155 4
1156 18
1157 14
1158 4
1159 4
1160 15
1161 6
1162 14
1163 14
1164 14
1165 4
1166 0
1167 4
1168 14
1169 14
1170 14
1171 4
1172 14
1173 14
1174 14
1175 14
1176 14
1177 14
1178 14
1179 14
1180 14
1181 14
1182 14
1183 14
1184 14
1185 14
1186 14
1187 14
1188 14
1189 14
1190 14
1191 15
1192 15
1193 15
1194 15
1195 15
1196 15
1197 15
1198 15
1199 15
1200 15
1201 15
1202 15
1203 15
1204 15
1205 15
1206 15
1207 15
1208 15
1209 15
1210 15
1211 15
1212 6
1213 27
1214 15
1215 15
1216 15
1217 4
1218 3
1219 4
1220 27
1221 27
1222 18
1223 15
1224 15
1225 18
1226 18
1227 2
1228 2
1229 18
1230 2
1231 27
1232 15
1233 15
1234 15
1235 15
1236 15
1237 15
1238 14
1239 14
1240 14
1241 14
1242 15
1243 15
1244 15
1245 14
1246 14
1247 5
1248 14
1249 5
1250 5
1251 5
1252 2
1253 17
1254 18
1255 0
1256 4
1257 18
1258 7
1259 27
1260 3
1261 0
1262 14
1263 14
1264 14
1265 18
1266 18
1267 16
1268 16
1269 14
1270 16
1271 16
1272 14
1273 16
1274 14
1275 16
1276 15
1277 14
1278 15
1279 15
1280 16
1281 14
1282 16
1283 18
1284 11
1285 16
1286 26
1287 16
1288 16
1289 16
1290 16
1291 16
1292 16
1293 18
1294 18
1295 18
1296 17
1297 6
1298 26
1299 16
1300 18
1301 18
1302 16
1303 16
1304 16
1305 26
1306 16
1307 16
1308 6
1309 16
1310 18
1311 16
1312 16
1313 16
1314 16
1315 16
1316 16
1317 16
1318 16
1319 16
1320 16
1321 18
1322 16
1323 16
1324 16
1325 16
1326 2
1327 16
1328 16
1329 16
1330 16
1331 2
1332 2
1333 4
1334 6
1335 4
1336 2
1337 2
1338 4
1339 4
1340 4
1341 4
1342 16
1343 16
1344 16
1345 11
1346 16
1347 16
1348 16
1349 16
1350 16
1351 16
1352 7
1353 17
1354 10
1355 17
1356 10
1357 16
1358 11
1359 17
1360 11
1361 16
1362 16
1363 11
1364 16
1365 16
1366 17
1367 11
1368 18
1369 16
1370 17
1371 16
1372 17
1373 18
1374 18
1375 15
1376 18
1377 15
1378 22
1379 27
1380 15
1381 17
1382 11
1383 17
1384 17
1385 17
1386 16
1387 17
1388 17
1389 27
1390 16
1391 17
1392 18
1393 18
1394 15
1395 27
1396 16
1397 7
1398 16
1399 18
1400 2
1401 2
1402 27
1403 11
1404 18
1405 16
1406 6
1407 6
1408 27
1409 16
1410 18
1411 16
1412 11
1413 16
1414 16
1415 11
1416 27
1417 16
1418 16
1419 16
1420 16
1421 16
1422 18
1423 18
1424 16
1425 16
1426 16
1427 27
1428 16
1429 18
1430 18
1431 16
1432 16
1433 27
1434 16
1435 16
1436 16
1437 21
1438 16
1439 11
1440 16
1441 16
1442 16
1443 18
1444 18
1445 18
1446 16
1447 16
1448 18
1449 18
1450 16
1451 27
1452 6
1453 16
1454 6
1455 16
1456 26
1457 16
1458 26
1459 18
1460 18
1461 18
1462 27
1463 16
1464 16
1465 16
1466 18
1467 16
1468 11
1469 11
1470 18
1471 16
1472 24
1473 6
1474 2
1475 2
1476 12
1477 2
1478 3
1479 18
1480 2
1481 26
1482 6
1483 20
1484 20
1485 16
1486 20
1487 20
1488 20
1489 19
1490 19
1491 20
1492 11
1493 19
1494 20
1495 16
1496 20
1497 20
1498 16
1499 16
1500 20
1501 19
1502 20
1503 18
1504 2
1505 20
1506 20
1507 2
1508 16
1509 2
1510 20
1511 19
1512 20
1513 19
1514 20
1515 20
1516 20
1517 19
1518 19
1519 20
1520 19
1521 20
1522 20
1523 20
1524 20
1525 20
1526 20
1527 20
1528 18
1529 20
1530 20
1531 20
1532 20
1533 20
1534 20
1535 18
1536 18
1537 18
1538 18
1539 18
1540 7
1541 18
1542 20
1543 20
1544 20
1545 20
1546 20
1547 20
1548 20
1549 20
1550 20
1551 20
1552 20
1553 16
1554 20
1555 20
1556 20
1557 20
1558 20
1559 20
1560 20
1561 20
1562 20
1563 20
1564 20
1565 20
1566 20
1567 20
1568 20
1569 20
1570 20
1571 20
1572 20
1573 20
1574 20
1575 20
1576 20
1577 20
1578 20
1579 20
1580 20
1581 20
1582 15
1583 2
1584 2
1585 16
1586 2
1587 2
1588 16
1589 2
1590 2
1591 2
1592 20
1593 20
1594 20
1595 20
1596 20
1597 20
1598 20
1599 20
1600 20
1601 20
1602 20
1603 20
1604 20
1605 20
1606 20
1607 20
1608 20
1609 20
1610 20
1611 20
1612 20
1613 20
1614 20
1615 20
1616 20
1617 20
1618 20
1619 20
1620 20
1621 20
1622 20
1623 20
1624 20
1625 20
1626 20
1627 20
1628 20
1629 20
1630 20
1631 16
1632 19
1633 15
1634 22
1635 15
1636 15
1637 14
1638 22
1639 15
1640 15
1641 15
1642 2
1643 14
1644 27
1645 18
1646 14
1647 16
1648 21
1649 16
1650 16
1651 22
1652 10
1653 21
1654 0
1655 18
1656 22
1657 21
1658 19
1659 18
1660 21
1661 22
1662 22
1663 21
1664 22
1665 16
1666 22
1667 22
1668 27
1669 22
1670 22
1671 22
1672 27
1673 2
1674 6
1675 2
1676 14
1677 27
1678 18
1679 6
1680 27
1681 2
1682 2
1683 6
1684 0
1685 6
1686 2
1687 25
1688 23
1689 6
1690 2
1691 15
1692 22
1693 22
1694 15
1695 22
1696 22
1697 15
1698 22
1699 15
1700 22
1701 22
1702 22
1703 22
1704 15
1705 22
1706 22
1707 22
1708 22
1709 22
1710 22
1711 22
1712 27
1713 18
1714 22
1715 15
1716 15
1717 15
1718 27
1719 15
1720 2
1721 27
1722 18
1723 12
1724 23
1725 0
1726 23
1727 6
1728 18
1729 13
1730 2
1731 2
1732 18
1733 17
1734 17
1735 17
1736 11
1737 18
1738 16
1739 17
1740 5
1741 2
1742 27
1743 12
1744 10
1745 10
1746 2
1747 16
1748 16
1749 12
1750 2
1751 17
1752 15
1753 14
1754 14
1755 15
1756 23
1757 14
1758 16
1759 14
1760 14
1761 14
1762 18
1763 14
1764 16
1765 15
1766 15
1767 15
1768 14
1769 15
1770 14
1771 14
1772 15
1773 14
1774 15
1775 14
1776 14
1777 15
1778 23
1779 14
1780 15
1781 26
1782 24
1783 24
1784 24
1785 24
1786 24
1787 24
1788 24
1789 24
1790 24
1791 24
1792 18
1793 24
1794 24
1795 26
1796 24
1797 24
1798 24
1799 24
1800 24
1801 24
1802 24
1803 24
1804 24
1805 24
1806 24
1807 24
1808 24
1809 24
1810 24
1811 24
1812 16
1813 26
1814 24
1815 24
1816 24
1817 26
1818 24
1819 24
1820 18
1821 1
1822 26
1823 24
1824 24
1825 24
1826 18
1827 18
1828 24
1829 24
1830 24
1831 24
1832 24
1833 24
1834 24
1835 24
1836 24
1837 24
1838 24
1839 24
1840 24
1841 24
1842 24
1843 24
1844 24
1845 24
1846 24
1847 24
1848 24
1849 24
1850 24
1851 24
1852 18
1853 24
1854 24
1855 15
1856 24
1857 18
1858 24
1859 2
1860 2
1861 14
1862 24
1863 18
1864 24
1865 24
1866 24
1867 24
1868 24
1869 1
1870 24
1871 24
1872 24
1873 1
1874 18
1875 11
1876 18
1877 18
1878 16
1879 5
1880 16
1881 18
1882 3
1883 4
1884 3
1885 4
1886 0
1887 3
1888 1
1889 3
1890 4
1891 16
1892 16
1893 0
1894 16
1895 18
1896 16
1897 1
1898 16
1899 0
1900 0
1901 0
1902 0
1903 16
1904 11
1905 16
1906 16
1907 16
1908 16
1909 0
1910 11
1911 16
1912 0
1913 0
1914 6
1915 6
1916 0
1917 26
1918 18
1919 18
1920 2
1921 24
1922 24
1923 24
1924 24
1925 24
1926 24
1927 24
1928 26
1929 24
1930 26
1931 24
1932 26
1933 18
1934 26
1935 26
1936 18
1937 26
1938 26
1939 24
1940 18
1941 16
1942 26
1943 26
1944 18
1945 18
1946 18
1947 26
1948 18
1949 18
1950 18
1951 18
1952 18
1953 18
1954 18
1955 18
1956 18
1957 18
1958 18
1959 18
1960 18
1961 18
1962 18
1963 18
1964 18
1965 18
1966 18
1967 26
1968 18
1969 18
1970 18
1971 18
1972 18
1973 18
1974 18
1975 26
1976 18
1977 18
1978 18
1979 18
1980 26
1981 18
1982 16
1983 16
1984 16
1985 16
1986 16
1987 16
1988 16
1989 27
1990 27
1991 18
1992 16
1993 16
1994 16
1995 18
1996 16
1997 18
1998 18
1999 16
2000 16
2001 16
2002 26
2003 16
2004 16
2005 7
2006 13
2007 13
2008 14
2009 14
2010 14
2011 14
2012 14
2013 14
2014 14
2015 14
2016 14
2017 14
2018 14
2019 14
2020 14
2021 14
2022 14
2023 14
2024 7
2025 6
2026 11
2027 18
2028 16
2029 2
2030 16
2031 16
2032 0
2033 27
2034 16
2035 11
2036 27
2037 11
2038 11
2039 2
2040 2
2041 2
2042 16
2043 16
2044 16
2045 16
2046 16
2047 16
2048 4
2049 18
2050 18
2051 16
2052 18
2053 18
2054 11
2055 16
2056 2
2057 18
2058 16
2059 16
2060 11
2061 16
2062 16
2063 16
2064 16
2065 27
2066 16
2067 16
2068 16
2069 18
2070 16
2071 18
2072 15
2073 15
2074 14
2075 15
2076 15
2077 15
2078 15
2079 15
2080 12
2081 11
2082 22
2083 16
2084 16
2085 18
2086 16
2087 11
2088 16
2089 16
2090 16
2091 16
2092 2
2093 27
2094 16
2095 16
2096 16
2097 16
2098 27
2099 16
2100 23
2101 16
2102 2
2103 16
2104 11
2105 16
2106 18
2107 16
2108 18
2109 16
2110 11
2111 11
2112 16
2113 16
2114 16
2115 16
2116 16
2117 16
2118 16
2119 16
2120 18
2121 11
2122 16
2123 16
2124 2
2125 11
2126 3
2127 16
2128 11
2129 27
2130 11
2131 18
2132 18
2133 16
2134 16
2135 16
2136 18
2137 2
2138 18
2139 11
2140 16
2141 16
2142 26
2143 26
2144 6
2145 0
2146 13
2147 13
2148 20
2149 4
2150 23
2151 13
2152 16
2153 16
2154 16
2155 16
2156 16
2157 18
2158 11
2159 16
2160 18
2161 18
2162 16
2163 16
2164 11
2165 18
2166 18
2167 11
2168 18
2169 18
2170 16
2171 11
2172 16
2173 16
2174 27
2175 16
2176 16
2177 16
2178 16
2179 16
2180 16
2181 27
2182 16
2183 16
2184 18
2185 27
2186 16
2187 18
2188 16
2189 16
2190 18
2191 27
2192 2
2193 5
2194 2
2195 1
2196 18
2197 5
2198 6
2199 2
2200 18
2201 16
2202 12
2203 16
2204 18
2205 18
2206 16
2207 16
2208 11
2209 16
2210 16
2211 16
2212 16
2213 23
2214 18
2215 16
2216 27
2217 26
2218 6
2219 27
2220 27
2221 16
2222 18
2223 16
2224 18
2225 16
2226 16
2227 16
2228 16
2229 16
2230 18
2231 16
2232 16
2233 16
2234 16
2235 9
2236 1
2237 16
2238 27
2239 16
2240 9
2241 18
2242 26
2243 2
2244 0
2245 0
2246 2
2247 5
2248 2
2249 2
2250 14
2251 2
2252 13
2253 6
2254 4
2255 6
2256 6
2257 6
2258 0
2259 4
2260 6
2261 6
2262 25
2263 18
2264 14
2265 2
2266 2
2267 27
2268 25
2269 27
2270 22
2271 16
2272 24
2273 24
2274 24
2275 24
2276 24
