2 18
3 17
4 16
5 18
6 6
7 6
8 0
9 18
10 2
11 0
12 0
13 0
14 5
15 0
16 0
17 0
18 10
19 0
20 16
21 0
22 0
23 0
24 0
25 0
26 0
27 0
28 18
29 0
30 0
31 0
32 18
33 0
34 0
35 27
36 0
37 18
38 18
39 27
40 18
41 18
42 0
43 0
44 0
45 0
46 0
47 0
48 0
49 0
50 0
51 0
52 10
53 0
54 0
55 0
56 16
57 0
58 18
59 0
60 0
61 0
62 16
63 16
64 2
65 2
66 2
67 26
68 0
69 4
70 0
71 6
72 18
73 16
74 0
75 0
76 18
77 1
78 1
79 18
80 1
81 1
82 1
83 0
84 1
85 1
86 1
87 0
88 0
89 0
90 0
91 1
92 1
93 0
94 0
95 0
96 0
97 0
98 1
99 1
100 0
101 1
102 0
103 1
104 0
105 0
106 1
107 1
108 1
109 1
110 0
111 0
112 2
113 2
114 2
115 2
116 2
117 2
118 2
119 2
120 2
121 2
122 2
123 4
124 16
125 16
126 2
127 27
128 18
129 2
130 2
131 17
132 3
133 2
134 2
135 16
136 16
137 2
138 2
139 2
140 2
141 18
142 2
143 2
144 0
145 18
146 2
147 2
148 18
149 2
150 2
151 2
152 4
153 16
154 18
155 3
156 16
157 16
158 18
159 18
160 18
161 18
162 3
163 3
164 3
165 3
166 3
167 3
168 3
169 3
170 3
171 3
172 3
173 18
174 3
175 3
176 18
177 9
178 3
179 2
180 3
181 3
182 3
183 18
184 2
185 3
186 3
187 2
188 3
189 3
190 19
191 4
192 27
193 19
194 4
195 2
196 27
197 18
198 18
199 5
200 0
201 18
202 18
203 7
204 2
205 18
206 2
207 18
208 16
209 8
210 7
211 15
212 4
213 5
214 5
215 15
216 4
217 4
218 5
219 4
220 4
221 16
222 4
223 4
224 5
225 4
226 4
227 10
228 4
229 5
230 5
231 5
232 5
233 25
234 25
235 5
236 25
237 25
238 5
239 25
240 5
241 5
242 17
243 0
244 18
245 25
246 27
247 5
248 10
249 5
250 2
251 18
252 5
253 5
254 5
255 5
256 5
257 15
258 10
259 5
260 15
261 18
262 15
263 2
264 18
265 5
266 5
267 2
268 5
269 0
270 18
271 18
272 11
273 18
274 5
275 7
276 14
277 14
278 2
279 18
280 18
281 25
282 19
283 5
284 5
285 5
286 10
287 9
288 10
289 5
290 10
291 5
292 15
293 5
294 18
295 6
296 27
297 4
298 4
299 18
300 4
301 11
302 18
303 16
304 5
305 13
306 4
307 4
308 4
309 5
310 4
311 4
312 4
313 4
314 4
315 6
316 4
317 4
318 4
319 4
320 6
321 6
322 18
323 6
324 0
325 9
326 7
327 2
328 18
329 18
330 5
331 2
332 18
333 0
334 6
335 18
336 18
337 16
338 1
339 7
340 27
341 18
342 6
343 8
344 8
345 7
346 16
347 7
348 7
349 7
350 6
351 16
352 27
353 18
354 6
355 5
356 18
357 10
358 6
359 6
360 18
361 18
362 7
363 7
364 5
365 5
366 7
367 7
368 7
369 10
370 7
371 7
372 7
373 10
374 7
375 5
376 27
377 7
378 5
379 7
380 5
381 22
382 13
383 16
384 18
385 1
386 8
387 8
388 16
389 1
390 13
391 0
392 8
393 8
394 8
395 8
396 7
397 4
398 8
399 8
400 8
401 8
402 1
403 0
404 16
405 18
406 2
407 18
408 12
409 18
410 16
411 6
412 17
413 14
414 8
415 18
416 7
417 9
418 1
419 18
420 12
421 1
422 27
423 21
424 14
425 27
426 21
427 27
428 18
429 9
430 21
431 21
432 9
433 9
434 9
435 9
436 9
437 9
438 9
439 9
440 9
441 9
442 9
443 9
444 9
445 9
446 9
447 9
448 9
449 9
450 9
451 9
452 9
453 9
454 9
455 9
456 9
457 6
458 10
459 26
460 1
461 26
462 16
463 27
464 12
465 17
466 16
467 9
468 17
469 16
470 9
471 16
472 9
473 2
474 2
475 5
476 18
477 0
478 3
479 6
480 26
481 2
482 3
483 3
484 3
485 3
486 10
487 3
488 3
489 3
490 3
491 10
492 18
493 18
494 27
495 18
496 0
497 3
498 0
499 6
500 10
501 2
502 10
503 10
504 10
505 10
506 10
507 10
508 10
509 10
510 10
511 10
512 10
513 10
514 10
515 10
516 10
517 2
518 18
519 9
520 2
521 0
522 27
523 9
524 3
525 2
526 11
527 2
528 2
529 27
530 0
531 0
532 18
533 18
534 2
535 2
536 2
537 2
538 2
539 18
540 18
541 2
542 2
543 2
544 2
545 2
546 2
547 2
548 2
549 3
550 2
551 11
552 18
553 2
554 18
555 18
556 18
557 18
558 18
559 18
560 0
561 2
562 2
563 3
564 3
565 3
566 3
567 2
568 18
569 2
570 18
571 3
572 2
573 2
574 2
575 2
576 2
577 3
578 3
579 2
580 2
581 2
582 2
583 7
584 0
585 0
586 0
587 0
588 0
589 0
590 0
591 0
592 0
593 18
594 18
595 18
596 0
597 18
598 0
599 18
600 0
601 10
602 0
603 5
604 0
605 0
606 4
607 0
608 0
609 0
610 0
611 0
612 0
613 0
614 0
615 7
616 0
617 7
618 0
619 0
620 0
621 0
622 4
623 0
624 0
625 0
626 7
627 0
628 0
629 0
630 0
631 0
632 2
633 2
634 17
635 2
636 24
637 2
638 2
639 2
640 18
641 2
642 1
643 5
644 6
645 3
646 0
647 3
648 6
649 16
650 13
651 0
652 12
653 12
654 8
655 12
656 16
657 24
658 12
659 22
660 12
661 2
662 17
663 18
664 12
665 18
666 27
667 18
668 18
669 2
670 18
671 18
672 12
673 2
674 12
675 18
676 12
677 18
678 26
679 16
680 18
681 12
682 18
683 12
684 16
685 12
686 18
687 27
688 12
689 12
690 12
691 27
692 16
693 2
694 5
695 13
696 8
697 6
698 5
699 0
700 8
701 5
702 13
703 13
704 13
705 13
706 13
707 13
708 13
709 13
710 13
711 13
712 18
713 18
714 18
715 18
716 2
717 13
718 13
719 18
720 27
721 18
722 13
723 13
724 13
725 13
726 13
727 18
728 14
729 0
730 14
731 14
732 14
733 14
734 14
735 14
736 14
737 14
738 14
739 14
740 0
741 14
742 6
743 2
744 2
745 0
746 4
747 3
748 6
749 0
750 8
751 14
752 11
753 18
754 18
755 18
756 14
757 16
758 16
759 16
760 18
761 27
762 0
763 14
764 14
765 14
766 14
767 14
768 6
769 18
770 2
771 2
772 18
773 27
774 18
775 18
776 16
777 18
778 27
779 16
780 22
781 18
782 2
783 2
784 2
785 4
786 4
787 4
788 26
789 2
790 6
791 4
792 15
793 15
794 14
795 14
796 14
797 15
798 14
799 15
800 15
801 15
802 6
803 16
804 6
805 15
806 6
807 6
808 3
809 6
810 15
811 18
812 15
813 15
814 14
815 16
816 16
817 18
818 16
819 16
820 16
821 18
822 27
823 16
824 18
825 16
826 27
827 16
828 4
829 6
830 16
831 16
832 18
833 18
834 2
835 17
836 18
837 0
838 18
839 16
840 18
841 2
842 16
843 16
844 1
845 16
846 16
847 18
848 16
849 16
850 16
851 16
852 16
853 7
854 16
855 16
856 16
857 16
858 16
859 16
860 16
861 16
862 2
863 21
864 16
865 4
866 18
867 17
868 17
869 17
870 17
871 17
872 17
873 17
874 17
875 17
876 17
877 17
878 17
879 17
880 17
881 17
882 4
883 6
884 4
885 6
886 6
887 6
888 3
889 13
890 6
891 1
892 17
893 17
894 17
895 17
896 17
897 17
898 16
899 17
900 18
901 17
902 18
903 0
904 17
905 17
906 7
907 18
908 26
909 0
910 18
911 18
912 8
913 7
914 8
915 8
916 8
917 8
918 8
919 8
920 8
921 18
922 18
923 16
924 18
925 3
926 16
927 16
928 16
929 6
930 18
931 8
932 4
933 16
934 18
935 16
936 11
937 16
938 16
939 18
940 11
941 16
942 18
943 5
944 18
945 18
946 6
947 14
948 16
949 0
950 18
951 16
952 2
953 21
954 18
955 18
956 26
957 5
958 16
959 18
960 5
961 6
962 22
963 2
964 18
965 16
966 0
967 22
968 16
969 11
970 18
971 16
972 16
973 16
974 16
975 18
976 27
977 18
978 18
979 18
980 16
981 18
982 18
983 18
984 16
985 18
986 16
987 18
988 16
989 16
990 6
991 11
992 18
993 1
994 16
995 1
996 18
997 1
998 18
999 1
1000 4
1001 23
1002 18
1003 16
1004 18
1005 18
1006 16
1007 16
1008 18
1009 16
1010 4
1011 13
1012 13
1013 12
1014 12
1015 16
1016 18
1017 4
1018 18
1019 18
1020 18
1021 16
1022 18
1023 18
1024 18
1025 11
1026 16
1027 21
1028 18
1029 0
1030 12
1031 18
1032 18
1033 21
1034 17
1035 1
1036 22
1037 21
1038 0
1039 0
1040 18
1041 18
1042 2
1043 0
1044 18
1045 2
1046 11
1047 6
1048 25
1049 4
1050 25
1051 4
1052 18
1053 18
1054 18
1055 18
1056 18
1057 0
1058 18
1059 4
1060 16
1061 18
1062 17
1063 16
1064 17
1065 4
1066 4
1067 18
1068 2
1069 2
1070 2
1071 2
1072 18
1073 18
1074 0
1075 16
1076 18
1077 2
1078 2
1079 14
1080 4
1081 9
1082 9
1083 2
1084 3
1085 3
1086 3
1087 0
1088 12
1089 0
1090 11
1091 13
1092 3
1093 3
1094 3
1095 11
1096 11
1097 3
1098 11
1099 3
1100 3
1101 3
1102 3
1103 2
1104 2
1105 9
1106 16
1107 18
1108 16
1109 16
1110 16
1111 16
1112 18
1113 18
1114 16
1115 16
1116 18
1117 18
1118 18
1119 18
1120 15
1121 18
1122 18
1123 16
1124 8
1125 18
1126 27
1127 0
1128 22
1129 14
1130 25
1131 27
1132 16
1133 5
1134 6
1135 11
1136 4
1137 4
1138 11
1139 18
1140 18
1141 18
1142 25
1143 5
1144 18
1145 15
1146 5
1147 13
1148 18
1149 11
1150 27
1151 18
1152 1
1153 15
1154 25
1155 18
1156 15
1157 6
1158 18
1159 26
1160 7
1161 22
1162 19
1163 19
1164 19
1165 20
1166 19
1167 19
1168 19
1169 19
1170 19
1171 19
1172 19
1173 19
1174 20
1175 20
1176 19
1177 19
1178 19
1179 19
1180 19
1181 19
1182 19
1183 18
1184 19
1185 19
1186 19
1187 19
1188 19
1189 19
1190 19
1191 18
1192 19
1193 19
1194 19
1195 19
1196 19
1197 19
1198 19
1199 19
1200 19
1201 19
1202 0
1203 2
1204 20
1205 20
1206 20
1207 3
1208 20
1209 20
1210 20
1211 2
1212 20
1213 20
1214 20
1215 20
1216 20
1217 20
1218 20
1219 20
1220 20
1221 20
1222 20
1223 18
1224 20
1225 0
1226 20
1227 20
1228 2
1229 20
1230 20
1231 18
1232 17
1233 4
1234 7
1235 4
1236 17
1237 2
1238 22
1239 4
1240 4
1241 17
1242 2
1243 2
1244 2
1245 2
1246 2
1247 26
1248 2
1249 27
1250 14
1251 2
1252 15
1253 21
1254 14
1255 14
1256 21
1257 14
1258 18
1259 16
1260 21
1261 14
1262 21
1263 21
1264 15
1265 14
1266 14
1267 14
1268 14
1269 14
1270 14
1271 21
1272 19
1273 14
1274 18
1275 14
1276 16
1277 18
1278 14
1279 19
1280 21
1281 26
1282 16
1283 14
1284 2
1285 16
1286 27
1287 18
1288 18
1289 18
1290 18
1291 21
1292 3
1293 4
1294 4
1295 4
1296 4
1297 2
1298 2
1299 2
1300 4
1301 4
1302 21
1303 22
1304 21
1305 22
1306 22
1307 21
1308 22
1309 21
1310 22
1311 21
1312 18
1313 2
1314 12
1315 18
1316 27
1317 2
1318 2
1319 2
1320 17
1321 0
1322 11
1323 6
1324 6
1325 6
1326 6
1327 0
1328 6
1329 6
1330 6
1331 6
1332 21
1333 16
1334 21
1335 18
1336 21
1337 21
1338 16
1339 18
1340 18
1341 21
1342 22
1343 22
1344 18
1345 22
1346 22
1347 22
1348 22
1349 22
1350 22
1351 22
1352 18
1353 22
1354 22
1355 22
1356 22
1357 22
1358 15
1359 22
1360 22
1361 22
1362 16
1363 22
1364 22
1365 22
1366 15
1367 18
1368 22
1369 22
1370 18
1371 15
1372 22
1373 22
1374 21
1375 18
1376 18
1377 0
1378 2
1379 0
1380 27
1381 22
1382 22
1383 21
1384 0
1385 15
1386 7
1387 14
1388 14
1389 18
1390 14
1391 23
1392 23
1393 15
1394 18
1395 7
1396 23
1397 15
1398 23
1399 23
1400 15
1401 7
1402 7
1403 27
1404 15
1405 23
1406 27
1407 15
1408 18
1409 18
1410 15
1411 23
1412 23
1413 14
1414 14
1415 23
1416 15
1417 14
1418 14
1419 14
1420 23
1421 15
1422 14
1423 15
1424 14
1425 15
1426 14
1427 23
1428 23
1429 14
1430 23
1431 14
1432 0
1433 18
1434 18
1435 18
1436 18
1437 18
1438 23
1439 18
1440 3
1441 2
1442 15
1443 14
1444 16
1445 18
1446 16
1447 16
1448 27
1449 18
1450 24
1451 24
1452 24
1453 24
1454 24
1455 24
1456 24
1457 24
1458 24
1459 24
1460 24
1461 24
1462 2
1463 4
1464 0
1465 24
1466 24
1467 18
1468 27
1469 16
1470 27
1471 2
1472 27
1473 24
1474 24
1475 24
1476 24
1477 24
1478 18
1479 24
1480 24
1481 24
1482 24
1483 18
1484 24
1485 24
1486 24
1487 24
1488 24
1489 24
1490 18
1491 24
1492 24
1493 24
1494 24
1495 24
1496 24
1497 24
1498 24
1499 24
1500 24
1501 24
1502 24
1503 24
1504 24
1505 24
1506 24
1507 24
1508 24
1509 24
1510 24
1511 24
1512 24
1513 24
1514 24
1515 24
1516 24
1517 24
1518 24
1519 16
1520 16
1521 24
1522 7
1523 7
1524 16
1525 2
1526 2
1527 3
1528 18
1529 2
1530 25
1531 2
1532 11
1533 18
1534 2
1535 6
1536 16
1537 6
1538 2
1539 2
1540 25
1541 18
1542 18
1543 2
1544 2
1545 3
1546 17
1547 2
1548 2
1549 17
1550 15
1551 2
1552 6
1553 18
1554 5
1555 25
1556 25
1557 25
1558 13
1559 18
1560 11
1561 25
1562 25
1563 25
1564 25
1565 25
1566 25
1567 25
1568 25
1569 25
1570 27
1571 27
1572 26
1573 26
1574 4
1575 18
1576 26
1577 18
1578 26
1579 26
1580 27
1581 26
1582 26
1583 9
1584 9
1585 17
1586 26
1587 26
1588 26
1589 26
1590 26
1591 26
1592 16
1593 18
1594 7
1595 4
1596 27
1597 27
1598 27
1599 26
1600 16
1601 2
1602 16
1603 27
1604 26
1605 26
1606 26
1607 26
1608 26
1609 16
1610 26
1611 27
1612 2
1613 11
1614 18
1615 27
1616 2
1617 18
1618 18
1619 16
1620 4
1621 18
1622 17
1623 27
1624 16
1625 2
1626 16
1627 17
1628 27
1629 18
1630 16
1631 15
1632 16
1633 16
1634 16
1635 16
1636 9
1637 18
1638 27
1639 27
1640 18
1641 27
1642 27
1643 18
1644 16
1645 27
