2 18
3 4
4 7
5 18
6 7
7 11
8 7
9 4
10 9
11 3
12 11
13 4
14 6
15 6
16 25
17 11
18 6
19 11
20 6
21 11
22 2
23 2
24 10
25 18
26 27
27 2
28 2
29 2
30 27
31 23
32 7
33 7
34 7
35 7
36 7
37 7
38 7
39 7
40 7
41 7
42 8
43 8
44 8
45 2
46 8
47 6
48 13
49 8
50 8
51 8
52 12
53 12
54 12
55 12
56 12
57 12
58 12
59 12
60 12
61 12
62 13
63 2
64 2
65 13
66 2
67 2
68 13
69 6
70 16
71 2
72 6
73 9
74 6
75 9
76 0
77 0
78 0
79 3
80 6
81 0
82 9
83 2
84 2
85 9
86 2
87 12
88 2
89 9
90 2
91 2
92 2
93 4
94 6
95 27
96 4
97 1
98 3
99 6
100 14
101 23
102 2
103 2
104 2
105 7
106 2
107 7
108 7
109 7
110 4
111 7
112 1
113 12
114 1
115 18
116 1
117 0
118 0
119 0
120 18
121 18
122 1
123 1
124 1
125 1
126 1
127 2
128 1
129 1
130 1
131 1
132 0
133 0
134 0
135 0
136 0
137 0
138 0
139 0
140 0
141 0
142 16
143 1
144 2
145 2
146 2
147 0
148 27
149 2
150 9
151 0
152 3
153 3
154 3
155 0
156 15
157 3
158 4
159 4
160 3
161 3
162 1
163 1
164 5
165 5
166 1
167 1
168 1
169 1
170 7
171 12
172 1
173 1
174 1
175 4
176 4
177 4
178 4
179 21
180 21
181 2
182 1
183 2
184 2
185 1
186 1
187 2
188 2
189 2
190 2
191 1
192 11
193 21
194 9
195 21
196 21
197 21
198 21
199 1
200 2
201 21
202 6
203 6
204 4
205 2
206 6
207 27
208 21
209 7
210 13
211 6
212 1
213 1
214 1
215 1
216 1
217 1
218 1
219 1
220 1
221 1
222 10
223 10
224 2
225 4
226 7
227 10
228 6
229 13
230 4
231 4
232 1
233 1
234 1
235 6
236 1
237 6
238 1
239 1
240 1
241 1
242 1
243 4
244 4
245 4
246 3
247 4
248 4
249 4
250 4
251 4
252 9
253 18
254 2
255 11
256 2
257 9
258 2
259 2
260 1
261 6
262 0
263 6
264 10
265 10
266 10
267 5
268 5
269 5
270 5
271 5
272 1
273 1
274 1
275 1
276 1
277 1
278 1
279 1
280 1
281 1
282 4
283 4
284 4
285 4
286 4
287 4
288 4
289 4
290 4
291 2
292 13
293 13
294 27
295 16
296 14
297 27
298 27
299 27
300 13
301 14
302 1
303 18
304 16
305 6
306 14
307 6
308 15
309 2
310 5
311 23
312 2
313 2
314 2
315 2
316 12
317 2
318 4
319 4
320 2
321 2
322 2
323 2
324 2
325 2
326 2
327 16
328 7
329 8
330 4
331 5
332 13
333 13
334 1
335 2
336 1
337 2
338 2
339 1
340 5
341 0
342 18
343 2
344 8
345 16
346 9
347 16
348 8
349 18
350 3
351 6
352 6
353 16
354 3
355 18
356 11
357 12
358 12
359 5
360 5
361 13
362 13
363 13
364 7
365 7
366 26
367 10
368 7
369 7
370 7
371 13
372 0
373 16
374 1
375 6
376 6
377 7
378 1
379 3
380 1
381 8
382 7
383 6
384 7
385 13
386 0
387 9
388 0
389 3
390 17
391 13
392 6
393 6
394 6
395 11
396 2
397 11
398 11
399 11
400 26
401 25
402 13
403 7
404 0
405 7
406 7
407 8
408 7
409 7
410 8
411 7
412 14
413 21
414 6
415 4
416 14
417 14
418 2
419 17
420 14
421 4
422 7
423 7
424 7
425 7
426 7
427 7
428 6
429 1
430 7
431 7
432 2
433 2
434 2
435 2
436 2
437 2
438 2
439 11
440 2
441 2
442 7
443 7
444 7
445 3
446 7
447 7
448 7
449 7
450 7
451 7
452 7
453 7
454 7
455 7
456 3
457 7
458 6
459 8
460 7
461 7
462 4
463 13
464 0
465 7
466 4
467 3
468 13
469 1
470 10
471 1
472 1
473 1
474 6
475 11
476 3
477 2
478 3
479 3
480 0
481 2
482 2
483 1
484 1
485 1
486 1
487 1
488 2
489 2
490 2
491 2
492 7
493 7
494 7
495 7
496 7
497 7
498 7
499 7
500 7
501 7
502 2
503 2
504 2
505 4
506 1
507 4
508 2
509 3
510 2
511 5
512 7
513 7
514 7
515 7
516 7
517 7
518 7
519 7
520 7
521 7
522 13
523 13
524 15
525 13
526 23
527 16
528 12
529 0
530 23
531 0
532 4
533 9
534 6
535 10
536 9
537 13
538 4
539 4
540 6
541 6
542 1
543 3
544 3
545 3
546 3
547 3
548 1
549 3
550 3
551 3
552 17
553 6
554 6
555 2
556 27
557 6
558 6
559 3
560 6
561 6
562 6
563 11
564 1
565 3
566 3
567 3
568 3
569 2
570 2
571 3
572 5
573 0
574 4
575 2
576 12
577 2
578 6
579 4
580 13
581 13
582 3
583 4
584 10
585 4
586 10
587 4
588 4
589 4
590 10
591 10
592 9
593 2
594 6
595 2
596 1
597 11
598 6
599 2
600 2
601 6
602 6
603 6
604 5
605 21
606 6
607 6
608 5
609 21
610 6
611 6
612 4
613 6
614 6
615 6
616 6
617 7
618 6
619 6
620 4
621 13
622 8
623 7
624 18
625 7
626 0
627 0
628 7
629 18
630 0
631 1
632 21
633 22
634 16
635 27
636 21
637 21
638 9
639 1
640 21
641 21
642 21
643 27
644 1
645 21
646 21
647 1
648 14
649 21
650 21
651 21
652 6
653 22
654 13
655 22
656 22
657 22
658 22
659 22
660 22
661 2
662 4
663 10
664 2
665 2
666 4
667 13
668 13
669 18
670 2
671 12
672 12
673 12
674 4
675 4
676 12
677 12
678 12
679 4
680 12
681 12
682 19
683 13
684 0
685 14
686 2
687 13
688 6
689 13
690 12
691 9
692 12
693 4
694 4
695 12
696 12
697 12
698 12
699 12
700 12
701 12
702 2
703 13
704 0
705 2
706 2
707 11
708 2
709 11
710 11
711 2
712 14
713 14
714 1
715 14
716 14
717 0
718 14
719 14
720 14
721 14
722 14
723 7
724 13
725 13
726 6
727 13
728 14
729 13
730 13
731 13
732 2
733 2
734 2
735 2
736 2
737 1
738 6
739 2
740 2
741 2
742 2
743 2
744 3
745 4
746 27
747 6
748 4
749 2
750 16
751 2
752 25
753 25
754 2
755 2
756 2
757 2
758 2
759 2
760 7
761 6
762 7
763 10
764 3
765 7
766 7
767 2
768 10
769 0
770 6
771 7
772 16
773 16
774 27
775 16
776 16
777 2
778 16
779 14
780 4
781 16
782 27
783 4
784 12
785 -1
786 12
787 4
788 27
789 27
790 27
791 12
792 12
793 13
794 13
795 13
796 13
797 13
798 13
799 13
800 16
801 16
802 2
803 2
804 2
805 2
806 2
807 2
808 1
809 2
810 2
811 2
812 0
813 11
814 4
815 11
816 11
817 12
818 4
819 4
820 4
821 1
822 2
823 2
824 2
825 25
826 27
827 2
828 2
829 27
830 2
831 2
832 3
833 2
834 14
835 11
836 6
837 14
838 6
839 6
840 13
841 6
842 11
843 2
844 11
845 2
846 2
847 11
848 2
849 2
850 2
851 11
852 3
853 1
854 2
855 2
856 2
857 2
858 2
859 6
860 15
861 1
862 2
863 2
864 11
865 2
866 2
867 15
868 3
869 2
870 0
871 2
872 27
873 27
874 27
875 27
876 27
877 16
878 10
879 27
880 0
881 27
882 11
883 11
884 1
885 11
886 15
887 0
888 11
889 6
890 11
891 3
892 7
893 9
894 4
895 7
896 4
897 2
898 2
899 13
900 11
901 0
902 2
903 12
904 12
905 12
906 4
907 12
908 12
909 12
910 7
911 12
912 4
913 7
914 7
915 4
916 7
917 7
918 12
919 7
920 12
921 7
922 22
923 14
924 14
925 14
926 14
927 14
928 14
929 14
930 14
931 14
932 1
933 2
934 2
935 11
936 2
937 2
938 2
939 2
940 2
941 2
942 7
943 7
944 7
945 7
946 7
947 7
948 7
949 7
950 0
951 7
952 7
953 5
954 27
955 2
956 2
957 5
958 2
959 2
960 2
961 12
962 18
963 9
964 2
965 18
966 11
967 18
968 18
969 13
970 18
971 2
972 18
973 18
974 18
975 2
976 18
977 2
978 18
979 18
980 18
981 2
982 18
983 18
984 18
985 2
986 2
987 18
988 12
989 18
990 2
991 2
992 7
993 18
994 3
995 11
996 27
997 2
998 11
999 2
1000 2
1001 18
1002 1
1003 7
1004 18
1005 18
1006 16
1007 18
1008 18
1009 18
1010 18
1011 18
1012 13
1013 6
1014 2
1015 6
1016 22
1017 2
1018 6
1019 12
1020 2
1021 6
1022 7
1023 7
1024 0
1025 7
1026 7
1027 7
1028 7
1029 4
1030 4
1031 7
1032 12
1033 2
1034 12
1035 12
1036 12
1037 12
1038 2
1039 12
1040 12
1041 12
1042 19
1043 7
1044 10
1045 11
1046 0
1047 2
1048 11
1049 0
1050 11
1051 13
1052 11
1053 20
1054 3
1055 20
1056 20
1057 10
1058 20
1059 3
1060 20
1061 20
1062 18
1063 18
1064 14
1065 12
1066 14
1067 14
1068 3
1069 6
1070 14
1071 13
1072 1
1073 1
1074 14
1075 14
1076 18
1077 2
1078 14
1079 2
1080 2
1081 27
1082 13
1083 13
1084 14
1085 14
1086 14
1087 13
1088 13
1089 14
1090 14
1091 13
1092 0
1093 1
1094 2
1095 0
1096 2
1097 1
1098 11
1099 22
1100 1
1101 11
1102 12
1103 12
1104 1
1105 12
1106 12
1107 12
1108 12
1109 12
1110 12
1111 1
1112 13
1113 2
1114 10
1115 2
1116 2
1117 27
1118 4
1119 2
1120 2
1121 0
1122 11
1123 11
1124 11
1125 11
1126 11
1127 11
1128 11
1129 11
1130 11
1131 2
1132 3
1133 3
1134 3
1135 3
1136 3
1137 3
1138 3
1139 3
1140 3
1141 3
1142 12
1143 12
1144 21
1145 12
1146 1
1147 12
1148 7
1149 12
1150 12
1151 12
1152 7
1153 3
1154 6
1155 11
1156 11
1157 3
1158 11
1159 11
1160 4
1161 14
1162 12
1163 12
1164 4
1165 12
1166 12
1167 7
1168 12
1169 12
1170 7
1171 12
1172 18
1173 18
1174 18
1175 18
1176 18
1177 6
1178 18
1179 18
1180 18
1181 18
1182 2
1183 2
1184 18
1185 12
1186 14
1187 13
1188 2
1189 13
1190 11
1191 11
1192 2
1193 10
1194 4
1195 5
1196 4
1197 10
1198 10
1199 2
1200 4
1201 11
1202 5
1203 2
1204 7
1205 7
1206 7
1207 2
1208 2
1209 9
1210 2
1211 2
1212 1
1213 14
1214 2
1215 17
1216 9
1217 3
1218 14
1219 2
1220 14
1221 3
1222 17
1223 24
1224 0
1225 17
1226 0
1227 0
1228 2
1229 0
1230 4
1231 7
1232 3
1233 13
1234 3
1235 13
1236 13
1237 13
1238 6
1239 17
1240 17
1241 6
1242 0
1243 7
1244 0
1245 8
1246 2
1247 0
1248 17
1249 18
1250 7
1251 24
1252 7
1253 10
1254 4
1255 13
1256 13
1257 4
1258 10
1259 13
1260 13
1261 4
1262 16
1263 2
1264 12
1265 18
1266 12
1267 18
1268 12
1269 2
1270 2
1271 12
1272 2
1273 0
1274 24
1275 7
1276 18
1277 2
1278 24
1279 8
1280 11
1281 17
1282 8
1283 6
1284 8
1285 6
1286 10
1287 21
1288 8
1289 27
1290 9
1291 6
1292 6
1293 6
1294 2
1295 11
1296 2
1297 11
1298 13
1299 25
1300 6
1301 13
1302 2
1303 4
1304 4
1305 4
1306 6
1307 22
1308 22
1309 4
1310 4
1311 11
1312 4
1313 2
1314 3
1315 2
1316 4
1317 4
1318 2
1319 12
1320 12
1321 12
1322 7
1323 6
1324 0
1325 7
1326 2
1327 7
1328 7
1329 2
1330 7
1331 7
1332 12
1333 7
1334 12
1335 21
1336 3
1337 4
1338 4
1339 4
1340 4
1341 4
1342 16
1343 1
1344 13
1345 13
1346 8
1347 8
1348 14
1349 8
1350 8
1351 8
1352 7
1353 4
1354 6
1355 4
1356 4
1357 2
1358 4
1359 2
1360 4
1361 4
1362 4
1363 4
1364 4
1365 4
1366 4
1367 4
1368 4
1369 4
1370 4
1371 4
1372 2
1373 2
1374 2
1375 2
1376 2
1377 2
1378 2
1379 2
1380 2
1381 2
1382 12
1383 7
1384 7
1385 7
1386 7
1387 4
1388 12
1389 12
1390 8
1391 8
1392 0
1393 2
1394 11
1395 7
1396 2
1397 2
1398 7
1399 11
1400 3
1401 2
1402 7
1403 7
1404 7
1405 7
1406 7
1407 2
1408 7
1409 7
1410 7
1411 7
1412 4
1413 3
1414 3
1415 6
1416 10
1417 8
1418 3
1419 4
1420 12
1421 3
1422 2
1423 6
1424 7
1425 2
1426 6
1427 6
1428 6
1429 2
1430 9
1431 2
1432 2
1433 4
1434 2
1435 2
1436 2
1437 3
1438 1
1439 1
1440 2
1441 2
1442 3
1443 2
1444 4
1445 21
1446 2
1447 18
1448 4
1449 4
1450 4
1451 4
1452 2
1453 4
1454 21
1455 7
1456 21
1457 2
1458 3
1459 10
1460 2
1461 21
1462 11
1463 11
1464 11
1465 0
1466 11
1467 12
1468 11
1469 11
1470 11
1471 11
1472 7
1473 1
1474 2
1475 5
1476 7
1477 0
1478 2
1479 0
1480 0
1481 7
1482 18
1483 3
1484 0
1485 1
1486 10
1487 18
1488 18
1489 10
1490 18
1491 21
1492 4
1493 11
1494 12
1495 12
1496 2
1497 4
1498 2
1499 2
1500 2
1501 2
1502 21
1503 12
1504 21
1505 4
1506 12
1507 21
1508 10
1509 4
1510 12
1511 12
1512 10
1513 3
1514 3
1515 13
1516 6
1517 6
1518 6
1519 6
1520 6
1521 13
1522 10
1523 2
1524 11
1525 11
1526 0
1527 2
1528 2
1529 2
1530 10
1531 2
1532 3
1533 7
1534 13
1535 11
1536 4
1537 3
1538 3
1539 18
1540 13
1541 6
1542 5
1543 3
1544 12
1545 12
1546 1
1547 12
1548 12
1549 12
1550 12
1551 13
1552 8
1553 11
1554 0
1555 13
1556 6
1557 13
1558 6
1559 6
1560 6
1561 6
1562 2
1563 2
1564 2
1565 10
1566 8
1567 22
1568 2
1569 2
1570 0
1571 0
1572 2
1573 26
1574 2
1575 26
1576 11
1577 26
1578 5
1579 11
1580 3
1581 11
1582 6
1583 9
1584 27
1585 6
1586 19
1587 16
1588 6
1589 0
1590 14
1591 6
1592 12
1593 12
1594 7
1595 7
1596 4
1597 12
1598 7
1599 7
1600 4
1601 12
1602 7
1603 2
1604 16
1605 12
1606 12
1607 9
1608 7
1609 6
1610 6
1611 12
1612 14
1613 11
1614 18
1615 13
1616 2
1617 2
1618 16
1619 27
1620 14
1621 6
