2 2
3 9
4 10
5 6
6 3
7 10
8 12
9 2
10 18
11 11
12 27
13 27
14 10
15 7
16 8
17 18
18 18
19 18
20 18
21 18
22 6
23 13
24 6
25 6
26 6
27 6
28 6
29 6
30 6
31 6
32 2
33 2
34 11
35 6
36 2
37 2
38 6
39 2
40 9
41 6
42 15
43 2
44 2
45 2
46 1
47 11
48 2
49 9
50 2
51 12
52 7
53 6
54 18
55 5
56 7
57 5
58 18
59 10
60 11
61 0
62 7
63 6
64 18
65 27
66 7
67 6
68 27
69 18
70 2
71 0
72 2
73 6
74 2
75 0
76 18
77 13
78 13
79 2
80 6
81 2
82 6
83 27
84 5
85 22
86 4
87 3
88 0
89 6
90 2
91 14
92 17
93 2
94 23
95 2
96 18
97 18
98 18
99 18
100 2
101 2
102 18
103 3
104 2
105 0
106 2
107 17
108 13
109 2
110 0
111 18
112 5
113 6
114 6
115 11
116 2
117 5
118 5
119 5
120 6
121 3
122 18
123 13
124 4
125 2
126 1
127 27
128 27
129 27
130 0
131 27
132 0
133 2
134 2
135 26
136 18
137 16
138 18
139 2
140 2
141 15
142 16
143 6
144 2
145 6
146 5
147 7
148 2
149 2
150 2
151 2
152 2
153 27
154 2
155 7
156 6
157 10
158 6
159 6
160 2
161 3
162 2
163 3
164 11
165 6
166 7
167 7
168 5
169 6
170 6
171 18
172 18
173 18
174 7
175 18
176 17
177 0
178 5
179 5
180 18
181 6
182 5
183 27
184 5
185 16
186 16
187 7
188 13
189 7
190 7
191 7
192 18
193 2
194 7
195 2
196 2
197 9
198 9
199 11
200 2
201 17
202 13
203 13
204 13
205 13
206 6
207 13
208 27
209 2
210 6
211 6
212 13
213 13
214 27
215 13
216 18
217 13
218 7
219 0
220 7
221 25
222 2
223 13
224 7
225 1
226 11
227 9
228 6
229 9
230 12
231 2
232 7
233 0
234 7
235 7
236 18
237 7
238 0
239 7
240 7
241 7
242 7
243 0
244 7
245 6
246 6
247 6
248 7
249 8
250 7
251 7
252 6
253 7
254 7
255 10
256 7
257 18
258 7
259 0
260 7
261 7
262 11
263 6
264 6
265 6
266 2
267 6
268 11
269 6
270 2
271 2
272 8
273 8
274 8
275 8
276 8
277 8
278 8
279 8
280 8
281 8
282 3
283 3
284 6
285 5
286 2
287 7
288 7
289 2
290 4
291 12
292 8
293 6
294 27
295 6
296 27
297 27
298 0
299 27
300 6
301 7
302 12
303 12
304 12
305 12
306 12
307 11
308 12
309 12
310 12
311 12
312 9
313 9
314 3
315 9
316 9
317 3
318 3
319 9
320 2
321 2
322 3
323 3
324 3
325 3
326 2
327 3
328 3
329 3
330 3
331 4
332 3
333 24
334 3
335 3
336 3
337 10
338 3
339 10
340 0
341 0
342 27
343 27
344 2
345 2
346 1
347 17
348 3
349 2
350 7
351 7
352 10
353 2
354 10
355 10
356 18
357 10
358 18
359 18
360 10
361 10
362 2
363 1
364 10
365 1
366 9
367 3
368 0
369 6
370 2
371 7
372 6
373 3
374 6
375 9
376 25
377 9
378 3
379 3
380 3
381 3
382 3
383 6
384 3
385 3
386 27
387 27
388 6
389 9
390 6
391 6
392 18
393 18
394 18
395 18
396 6
397 18
398 26
399 18
400 18
401 18
402 5
403 22
404 13
405 0
406 5
407 2
408 23
409 0
410 13
411 5
412 6
413 1
414 6
415 13
416 6
417 6
418 13
419 6
420 13
421 6
422 7
423 13
424 18
425 12
426 12
427 18
428 0
429 18
430 26
431 26
432 2
433 26
434 2
435 18
436 0
437 18
438 18
439 7
440 14
441 18
442 18
443 6
444 18
445 18
446 18
447 18
448 6
449 18
450 7
451 7
452 7
453 7
454 0
455 7
456 18
457 7
458 7
459 7
460 27
461 18
462 5
463 18
464 18
465 18
466 27
467 18
468 18
469 13
470 7
471 26
472 9
473 9
474 9
475 11
476 8
477 9
478 10
479 22
480 27
481 2
482 12
483 12
484 12
485 12
486 12
487 12
488 12
489 6
490 12
491 12
492 14
493 18
494 14
495 14
496 16
497 14
498 24
499 14
500 24
501 14
502 23
503 14
504 14
505 5
506 7
507 17
508 14
509 18
510 7
511 17
512 12
513 12
514 12
515 12
516 12
517 12
518 12
519 12
520 12
521 12
522 15
523 15
524 15
525 15
526 5
527 15
528 15
529 15
530 15
531 15
532 2
533 2
534 2
535 2
536 2
537 2
538 2
539 2
540 2
541 0
542 9
543 9
544 23
545 6
546 8
547 21
548 9
549 13
550 8
551 2
552 16
553 27
554 7
555 17
556 16
557 11
558 7
559 9
560 11
561 11
562 27
563 10
564 27
565 13
566 17
567 26
568 0
569 2
570 2
571 6
572 2
573 4
574 5
575 16
576 4
577 4
578 4
579 6
580 17
581 17
582 6
583 5
584 5
585 5
586 6
587 8
588 6
589 5
590 17
591 13
592 17
593 18
594 17
595 17
596 17
597 7
598 17
599 17
600 7
601 17
602 4
603 21
604 16
605 27
606 13
607 25
608 6
609 6
610 13
611 6
612 6
613 6
614 2
615 6
616 11
617 2
618 6
619 2
620 9
621 23
622 2
623 15
624 17
625 2
626 2
627 2
628 7
629 2
630 7
631 27
632 19
633 18
634 18
635 19
636 19
637 22
638 12
639 19
640 19
641 19
642 2
643 6
644 2
645 5
646 27
647 19
648 19
649 7
650 6
651 2
652 7
653 19
654 15
655 19
656 19
657 20
658 20
659 20
660 20
661 20
662 2
663 6
664 6
665 6
666 6
667 9
668 6
669 6
670 6
671 6
672 20
673 20
674 20
675 20
676 20
677 20
678 20
679 14
680 20
681 20
682 20
683 0
684 7
685 7
686 0
687 7
688 6
689 2
690 7
691 7
692 2
693 6
694 13
695 6
696 6
697 6
698 8
699 8
700 6
701 13
702 21
703 7
704 7
705 21
706 5
707 7
708 21
709 7
710 22
711 22
712 22
713 21
714 22
715 7
716 22
717 22
718 7
719 7
720 7
721 22
722 13
723 6
724 9
725 10
726 10
727 22
728 5
729 2
730 6
731 13
732 22
733 18
734 7
735 7
736 7
737 7
738 27
739 7
740 7
741 7
742 2
743 2
744 2
745 9
746 6
747 2
748 2
749 2
750 2
751 6
752 7
753 7
754 18
755 2
756 7
757 7
758 2
759 7
760 7
761 7
762 6
763 2
764 2
765 3
766 3
767 3
768 2
769 3
770 25
771 2
772 18
773 7
774 24
775 24
776 24
777 18
778 7
779 7
780 18
781 7
782 7
783 24
784 18
785 17
786 24
787 24
788 24
789 24
790 24
791 24
792 5
793 16
794 14
795 6
796 18
797 6
798 9
799 2
800 27
801 2
802 8
803 18
804 11
805 4
806 7
807 6
808 3
809 2
810 2
811 6
812 0
813 2
814 1
815 18
816 6
817 18
818 18
819 18
820 18
821 18
822 2
823 2
824 2
825 18
826 2
827 2
828 2
829 9
830 2
831 2
832 9
833 2
834 2
835 2
836 7
837 2
838 3
839 2
840 2
841 1
842 14
843 3
844 3
845 4
846 14
847 3
848 13
849 13
850 14
851 9
852 11
853 2
854 26
855 9
856 2
857 2
858 2
859 27
860 11
861 11
862 13
863 13
864 17
865 12
866 27
867 6
868 2
869 6
870 7
871 16
872 6
873 7
874 6
875 7
876 7
877 6
878 7
879 7
880 7
881 7
882 7
883 7
884 7
885 6
886 7
887 7
888 7
889 7
890 7
891 7
892 5
893 5
894 5
895 27
896 9
897 6
898 10
899 0
900 1
901 2
902 2
903 6
904 5
905 7
906 6
907 5
908 25
909 6
910 6
911 5
912 7
913 7
914 7
915 23
916 2
917 1
918 7
919 6
920 7
921 0
922 12
923 2
924 2
925 2
926 13
927 18
928 27
929 2
930 2
931 12
932 11
933 9
934 2
935 9
936 9
937 2
938 2
939 2
940 2
941 9
942 7
943 7
944 5
945 2
946 5
947 6
948 5
949 12
950 7
951 7
952 7
953 6
954 6
955 2
956 27
957 2
958 2
959 18
960 14
961 2
962 0
963 7
964 11
965 3
966 27
967 23
968 26
969 23
970 1
971 1
972 13
973 13
974 5
975 7
976 6
977 5
978 12
979 7
980 7
981 5
982 2
983 6
984 2
985 9
986 6
987 2
988 6
989 2
990 2
991 2
992 6
993 2
994 2
995 18
996 6
997 10
998 11
