2 0
3 0
4 18
5 18
6 0
7 0
8 18
9 0
10 18
11 0
12 0
13 0
14 13
15 0
16 18
17 0
18 0
19 0
20 0
21 18
22 18
23 18
24 18
25 0
26 18
27 0
28 0
29 0
30 0
31 0
32 18
33 0
34 0
35 0
36 18
37 0
38 0
39 13
40 0
41 0
42 0
43 0
44 0
45 0
46 0
47 1
48 14
49 0
50 0
51 13
52 13
53 0
54 0
55 0
56 0
57 1
58 23
59 0
60 0
61 0
62 0
63 0
64 0
65 26
66 18
67 2
68 2
69 2
70 3
71 3
72 27
73 27
74 27
75 27
76 27
77 27
78 27
79 6
80 11
81 -1
82 3
83 3
84 3
85 3
86 2
87 9
88 3
89 3
90 3
91 2
92 2
93 2
94 27
95 27
96 16
97 3
98 3
99 9
100 3
101 3
102 27
103 3
104 3
105 3
106 2
107 3
108 2
109 2
110 2
111 3
112 2
113 3
114 3
115 2
116 16
117 3
118 3
119 3
120 3
121 16
122 27
123 26
124 1
125 2
126 27
127 18
128 27
129 5
130 0
131 6
132 2
133 16
134 18
135 1
136 2
137 2
138 18
139 2
140 2
141 2
142 3
143 0
144 2
145 2
146 2
147 3
148 18
149 2
150 0
151 0
152 12
153 12
154 12
155 12
156 23
157 1
158 14
159 23
160 1
161 0
162 2
163 2
164 2
165 2
166 2
167 0
168 16
169 3
170 3
171 3
172 16
173 11
174 16
175 1
176 16
177 11
178 11
179 4
180 11
181 4
182 22
183 15
184 22
185 5
186 12
187 22
188 27
189 17
190 15
191 16
192 3
193 3
194 3
195 3
196 2
197 4
198 4
199 4
200 4
201 4
202 4
203 14
204 16
205 4
206 4
207 16
208 4
209 4
210 4
211 4
212 4
213 4
214 4
215 14
216 4
217 4
218 4
219 4
220 4
221 5
222 16
223 18
224 18
225 1
226 18
227 18
228 18
229 18
230 10
231 27
232 16
233 16
234 18
235 18
236 16
237 18
238 16
239 18
240 11
241 18
242 0
243 18
244 16
245 25
246 18
247 18
248 18
249 27
250 16
251 18
252 16
253 18
254 18
255 18
256 16
257 18
258 16
259 18
260 18
261 18
262 16
263 18
264 11
265 18
266 16
267 16
268 11
269 16
270 16
271 16
272 11
273 16
274 18
275 16
276 16
277 18
278 18
279 18
280 16
281 16
282 18
283 16
284 16
285 16
286 18
287 18
288 16
289 18
290 18
291 16
292 18
293 16
294 5
295 16
296 11
297 6
298 18
299 6
300 11
301 18
302 18
303 16
304 27
305 16
306 16
307 7
308 18
309 18
310 10
311 18
312 16
313 18
314 18
315 16
316 27
317 18
318 18
319 18
320 18
321 7
322 16
323 27
324 18
325 18
326 16
327 7
328 16
329 16
330 18
331 26
332 8
333 18
334 16
335 16
336 8
337 16
338 8
339 16
340 18
341 18
342 8
343 11
344 8
345 4
346 8
347 4
348 8
349 4
350 8
351 8
352 8
353 8
354 16
355 3
356 27
357 3
358 19
359 3
360 10
361 1
362 10
363 10
364 10
365 9
366 3
367 19
368 16
369 11
370 16
371 11
372 27
373 27
374 27
375 27
376 27
377 3
378 27
379 27
380 16
381 27
382 5
383 3
384 16
385 11
386 0
387 3
388 9
389 10
390 18
391 17
392 11
393 10
394 5
395 10
396 5
397 19
398 9
399 10
400 17
401 27
402 4
403 16
404 5
405 10
406 16
407 5
408 16
409 11
410 5
411 16
412 5
413 10
414 16
415 5
416 17
417 16
418 10
419 10
420 4
421 18
422 3
423 18
424 6
425 3
426 16
427 16
428 3
429 16
430 16
431 16
432 27
433 27
434 27
435 27
436 27
437 27
438 27
439 16
440 27
441 27
442 11
443 27
444 16
445 8
446 27
447 3
448 27
449 4
450 27
451 3
452 16
453 16
454 5
455 16
456 18
457 25
458 25
459 18
460 16
461 25
462 25
463 18
464 25
465 25
466 2
467 25
468 16
469 25
470 25
471 25
472 18
473 18
474 18
475 16
476 16
477 16
478 25
479 24
480 25
481 24
482 12
483 12
484 14
485 13
486 14
487 18
488 13
489 13
490 13
491 13
492 1
493 13
494 13
495 24
496 2
497 16
498 2
499 18
500 13
501 13
502 13
503 13
504 13
505 13
506 13
507 13
508 13
509 11
510 26
511 15
512 13
513 1
514 3
515 16
516 16
517 15
518 14
519 18
520 14
521 16
522 15
523 14
524 25
525 16
526 13
527 18
528 16
529 13
530 14
531 13
532 14
533 16
534 14
535 14
536 15
537 16
538 18
539 16
540 15
541 4
542 14
543 16
544 4
545 4
546 18
547 18
548 14
549 4
550 16
551 4
552 18
553 4
554 6
555 4
556 16
557 15
558 16
559 14
560 15
561 18
562 26
563 18
564 18
565 27
566 15
567 11
568 27
569 27
570 18
571 16
572 14
573 14
574 14
575 2
576 14
577 15
578 14
579 15
580 22
581 22
582 22
583 22
584 22
585 15
586 18
587 15
588 15
589 15
590 16
591 15
592 15
593 13
594 13
595 15
596 16
597 13
598 13
599 13
600 16
601 18
602 18
603 16
604 9
605 18
606 16
607 16
608 16
609 16
610 16
611 16
612 18
613 16
614 11
615 11
616 18
617 16
618 16
619 18
620 18
621 16
622 18
623 0
624 16
625 18
626 18
627 16
628 16
629 16
630 18
631 16
632 18
633 18
634 18
635 26
636 18
637 26
638 26
639 18
640 18
641 18
642 18
643 3
644 16
645 16
646 16
647 18
648 18
649 18
650 18
651 16
652 16
653 14
654 18
655 0
656 16
657 16
658 16
659 16
660 18
661 18
662 16
663 16
664 18
665 16
666 11
667 5
668 4
669 16
670 4
671 16
672 26
673 16
674 18
675 2
676 2
677 6
678 6
679 10
680 10
681 10
682 10
683 6
684 10
685 9
686 9
687 10
688 2
689 9
690 10
691 11
692 3
693 2
694 2
695 2
696 2
697 2
698 27
699 0
700 0
701 0
702 16
703 16
704 16
705 16
706 27
707 18
708 16
709 18
710 18
711 18
712 16
713 18
714 16
715 16
716 18
717 11
718 18
719 16
720 18
721 7
722 7
723 16
724 16
725 16
726 16
727 16
728 0
729 18
730 7
731 0
732 18
733 6
734 6
735 16
736 0
737 16
738 18
739 16
740 16
741 16
742 16
743 14
744 14
745 18
746 27
747 27
748 16
749 14
750 27
751 27
752 11
753 16
754 16
755 11
756 16
757 16
758 16
759 16
760 16
761 16
762 18
763 16
764 16
765 11
766 11
767 18
768 16
769 16
770 18
771 11
772 16
773 18
774 16
775 11
776 11
777 16
778 16
779 18
780 27
781 16
782 16
783 18
784 26
785 16
786 11
787 16
788 18
789 18
790 18
791 16
792 0
793 2
794 25
795 0
796 12
797 6
798 15
799 0
800 0
801 0
802 16
803 1
804 18
805 18
806 11
807 11
808 16
809 16
810 16
811 16
812 25
813 18
814 7
815 26
816 16
817 16
818 18
819 25
820 22
821 2
822 16
823 7
824 18
825 22
826 0
827 18
828 26
829 18
830 7
831 18
832 2
833 6
834 2
835 2
836 2
837 6
838 12
839 2
840 14
841 1
842 14
843 2
844 16
845 23
846 1
847 2
848 1
849 18
850 26
851 0
852 1
853 1
854 1
855 23
856 14
857 7
858 6
859 7
860 2
861 1
862 16
863 26
864 16
865 16
866 15
867 16
868 16
869 16
870 7
871 5
872 15
873 7
874 18
875 0
876 26
877 7
878 7
879 16
880 2
881 16
882 16
883 4
884 16
885 18
886 16
887 16
888 16
889 16
890 16
891 16
892 6
893 16
894 16
895 6
896 16
897 6
898 6
899 6
900 16
901 4
902 18
903 16
904 5
905 6
906 16
907 15
908 16
909 16
910 27
911 27
912 23
913 23
914 23
915 23
916 14
917 23
918 14
919 23
920 23
921 23
922 23
923 23
924 23
925 23
926 23
927 2
928 23
929 23
930 23
931 23
932 23
933 23
934 23
935 23
936 23
937 23
938 23
939 23
940 23
941 15
942 14
943 23
944 23
945 15
946 14
947 14
948 15
949 23
950 23
951 23
952 14
953 15
954 14
955 15
956 14
957 12
958 23
959 18
960 23
961 15
962 27
963 27
964 12
965 23
966 23
967 12
968 18
969 0
970 27
971 23
972 15
973 14
974 14
975 15
976 19
977 15
978 14
979 1
980 16
981 2
982 6
983 6
984 4
985 6
986 6
987 6
988 19
989 27
990 16
991 23
992 14
993 14
994 5
995 19
996 23
997 2
998 18
999 14
1000 23
1001 21
1002 13
1003 27
1004 6
1005 7
1006 2
1007 16
1008 13
1009 13
1010 16
1011 21
1012 25
1013 25
1014 13
1015 25
1016 13
1017 3
1018 27
1019 16
1020 25
1021 21
1022 16
1023 2
1024 16
1025 3
1026 16
1027 23
1028 13
1029 0
1030 14
1031 3
1032 13
1033 2
1034 6
1035 1
1036 27
1037 6
1038 1
1039 27
1040 1
1041 13
1042 16
1043 16
1044 16
1045 3
1046 27
1047 16
1048 13
1049 16
1050 16
1051 2
1052 16
1053 10
1054 6
1055 16
1056 11
1057 16
1058 16
1059 16
1060 21
1061 18
1062 1
1063 7
1064 6
1065 3
1066 15
1067 15
1068 7
1069 18
1070 7
1071 2
1072 17
1073 18
1074 26
1075 16
1076 18
1077 16
1078 18
1079 23
1080 16
1081 2
1082 2
1083 13
1084 15
1085 17
1086 18
1087 17
1088 7
1089 15
1090 3
1091 18
1092 17
1093 17
1094 17
1095 17
1096 13
1097 2
1098 2
1099 18
1100 6
1101 18
1102 26
1103 0
1104 1
1105 11
1106 23
1107 18
1108 2
1109 1
1110 1
1111 7
1112 3
1113 1
1114 17
1115 26
1116 17
1117 0
1118 2
1119 26
1120 2
1121 17
1122 12
1123 3
1124 0
1125 1
1126 14
1127 22
1128 15
1129 1
1130 2
1131 16
1132 1
1133 26
1134 26
1135 16
1136 26
1137 3
1138 16
1139 3
1140 4
1141 16
1142 7
1143 11
1144 7
1145 4
1146 5
1147 7
1148 18
1149 7
1150 25
1151 26
1152 5
1153 5
1154 2
1155 2
1156 25
1157 6
1158 4
1159 6
1160 5
1161 16
1162 3
1163 5
1164 2
1165 2
1166 0
1167 0
1168 6
1169 2
1170 2
1171 0
1172 26
1173 5
1174 5
1175 18
1176 26
1177 6
1178 26
1179 2
1180 5
1181 6
1182 4
1183 4
1184 13
1185 21
1186 6
1187 5
1188 2
1189 6
1190 4
1191 3
1192 5
1193 4
1194 12
1195 9
1196 27
1197 25
1198 25
1199 14
1200 2
1201 5
1202 18
1203 2
1204 18
1205 18
1206 18
1207 24
1208 25
1209 25
1210 16
1211 25
1212 10
1213 3
1214 25
1215 25
1216 4
1217 5
1218 6
1219 1
1220 1
1221 26
1222 25
1223 16
1224 25
1225 5
1226 25
1227 25
1228 18
1229 1
1230 25
1231 5
1232 12
1233 22
1234 1
1235 0
1236 12
1237 7
1238 22
1239 12
1240 22
1241 12
1242 6
1243 2
1244 3
1245 7
1246 3
1247 6
1248 26
1249 25
1250 11
1251 4
1252 2
1253 6
1254 1
1255 0
1256 4
1257 19
1258 19
1259 15
1260 4
1261 4
1262 2
1263 15
1264 22
1265 15
1266 19
1267 2
1268 19
1269 15
1270 15
1271 1
1272 16
1273 16
1274 16
1275 16
1276 16
1277 20
1278 20
1279 19
1280 20
1281 20
1282 20
1283 20
1284 20
1285 20
1286 20
1287 20
1288 20
1289 20
1290 20
1291 20
1292 20
1293 20
1294 20
1295 20
1296 20
1297 20
1298 20
1299 4
1300 18
1301 15
1302 15
1303 15
1304 14
1305 14
1306 14
1307 21
1308 14
1309 15
1310 4
1311 15
1312 15
1313 0
1314 15
1315 15
1316 15
1317 15
1318 4
1319 15
1320 7
1321 15
1322 4
1323 25
1324 15
1325 12
1326 0
1327 23
1328 0
1329 18
1330 1
1331 14
1332 15
1333 22
1334 15
1335 22
1336 15
1337 22
1338 22
1339 22
1340 15
1341 15
1342 15
1343 15
1344 15
1345 4
1346 18
1347 1
1348 15
1349 0
1350 15
1351 18
1352 2
1353 23
1354 2
1355 23
1356 23
1357 23
1358 23
1359 0
1360 0
1361 1
1362 23
1363 16
1364 23
1365 0
1366 1
1367 23
1368 26
1369 25
1370 14
1371 0
1372 4
1373 7
1374 23
1375 0
1376 23
1377 21
1378 12
1379 5
1380 2
1381 2
1382 23
1383 0
1384 5
1385 16
1386 5
1387 3
1388 24
1389 24
1390 19
1391 19
1392 24
1393 19
1394 19
1395 20
1396 19
1397 6
1398 19
1399 19
1400 19
1401 19
1402 6
1403 6
1404 6
1405 15
1406 15
1407 6
1408 6
1409 6
1410 15
1411 6
1412 5
1413 19
1414 3
1415 19
1416 19
1417 19
1418 19
1419 5
1420 3
1421 2
1422 2
1423 6
1424 0
1425 5
1426 0
1427 5
1428 5
1429 2
1430 0
1431 5
1432 0
1433 2
1434 4
1435 25
1436 6
1437 5
1438 25
1439 1
1440 0
1441 4
1442 14
1443 15
1444 22
1445 14
1446 14
1447 14
1448 0
1449 14
1450 14
1451 2
1452 15
1453 15
1454 5
1455 25
1456 18
1457 26
1458 27
1459 6
1460 5
1461 18
1462 18
1463 18
1464 27
1465 4
1466 21
1467 27
1468 3
1469 6
1470 10
1471 4
1472 26
1473 11
1474 10
1475 2
1476 0
1477 0
1478 7
1479 7
1480 0
1481 7
1482 18
1483 5
1484 7
1485 2
1486 16
1487 2
1488 6
1489 3
1490 6
1491 8
1492 3
1493 2
