2 0
3 0
4 1
5 0
6 0
7 1
8 1
9 1
10 1
11 0
12 3
13 18
14 18
15 18
16 10
17 18
18 18
19 18
20 1
21 18
22 7
23 1
24 1
25 0
26 1
27 0
28 1
29 1
30 0
31 0
32 18
33 18
34 1
35 1
36 7
37 1
38 1
39 16
40 7
41 18
42 16
43 2
44 18
45 16
46 6
47 27
48 27
49 27
50 15
51 5
52 7
53 1
54 1
55 0
56 7
57 1
58 1
59 1
60 1
61 18
62 23
63 23
64 18
65 19
66 18
67 18
68 18
69 19
70 19
71 18
72 18
73 18
74 26
75 18
76 1
77 18
78 18
79 1
80 1
81 1
82 27
83 27
84 0
85 16
86 19
87 2
88 19
89 19
90 5
91 18
92 19
93 18
94 26
95 18
96 18
97 18
98 18
99 18
100 18
101 2
102 27
103 3
104 2
105 3
106 27
107 27
108 2
109 2
110 27
111 27
112 3
113 2
114 2
115 2
116 2
117 2
118 2
119 2
120 2
121 3
122 2
123 2
124 2
125 6
126 2
127 2
128 2
129 3
130 2
131 3
132 7
133 7
134 5
135 2
136 2
137 27
138 7
139 7
140 3
141 27
142 27
143 27
144 6
145 9
146 27
147 27
148 2
149 6
150 27
151 27
152 18
153 1
154 27
155 2
156 2
157 2
158 2
159 2
160 0
161 2
162 0
163 8
164 7
165 2
166 2
167 18
168 3
169 2
170 0
171 2
172 2
173 2
174 3
175 2
176 3
177 2
178 2
179 3
180 2
181 2
182 2
183 2
184 2
185 0
186 2
187 7
188 2
189 3
190 2
191 2
192 2
193 2
194 2
195 2
196 3
197 3
198 3
199 3
200 3
201 3
202 3
203 3
204 3
205 3
206 3
207 3
208 3
209 3
210 8
211 3
212 3
213 3
214 3
215 3
216 3
217 3
218 3
219 3
220 0
221 0
222 3
223 3
224 3
225 16
226 3
227 10
228 18
229 14
230 14
231 6
232 23
233 7
234 14
235 14
236 7
237 14
238 14
239 18
240 18
241 14
242 4
243 4
244 4
245 4
246 0
247 4
248 4
249 4
250 14
251 15
252 4
253 4
254 4
255 18
256 4
257 4
258 4
259 4
260 14
261 26
262 18
263 16
264 7
265 27
266 7
267 18
268 4
269 5
270 9
271 2
272 16
273 5
274 5
275 5
276 5
277 5
278 5
279 5
280 5
281 5
282 5
283 5
284 5
285 5
286 5
287 5
288 5
289 5
290 5
291 5
292 16
293 5
294 3
295 1
296 5
297 1
298 5
299 5
300 5
301 5
302 5
303 5
304 0
305 18
306 26
307 16
308 26
309 7
310 7
311 7
312 16
313 16
314 16
315 16
316 16
317 11
318 11
319 16
320 11
321 18
322 16
323 16
324 6
325 16
326 16
327 16
328 16
329 16
330 16
331 25
332 26
333 18
334 7
335 16
336 6
337 16
338 16
339 11
340 18
341 16
342 18
343 16
344 18
345 16
346 18
347 18
348 16
349 0
350 16
351 18
352 18
353 18
354 18
355 16
356 16
357 18
358 16
359 18
360 9
361 16
362 18
363 16
364 18
365 0
366 18
367 16
368 18
369 16
370 18
371 18
372 18
373 16
374 0
375 16
376 16
377 18
378 18
379 18
380 18
381 18
382 18
383 18
384 10
385 16
386 1
387 16
388 16
389 18
390 0
391 18
392 18
393 2
394 6
395 18
396 18
397 0
398 18
399 16
400 11
401 11
402 18
403 16
404 18
405 18
406 0
407 18
408 3
409 15
410 11
411 16
412 6
413 2
414 2
415 18
416 18
417 0
418 0
419 0
420 22
421 1
422 5
423 6
424 13
425 13
426 13
427 13
428 5
429 5
430 5
431 5
432 5
433 5
434 5
435 18
436 2
437 2
438 16
439 18
440 2
441 0
442 2
443 13
444 23
445 8
446 2
447 11
448 18
449 2
450 18
451 18
452 16
453 18
454 26
455 18
456 11
457 18
458 18
459 16
460 9
461 16
462 16
463 11
464 11
465 16
466 27
467 18
468 18
469 18
470 18
471 14
472 16
473 26
474 4
475 18
476 4
477 18
478 18
479 18
480 18
481 18
482 2
483 4
484 14
485 2
486 2
487 10
488 2
489 2
490 27
491 2
492 2
493 3
494 3
495 2
496 3
497 6
498 2
499 6
500 16
501 4
502 6
503 16
504 16
505 18
506 0
507 16
508 16
509 16
510 6
511 27
512 27
513 12
514 12
515 3
516 10
517 10
518 3
519 27
520 19
521 7
522 10
523 10
524 18
525 1
526 12
527 8
528 7
529 7
530 18
531 10
532 18
533 8
534 8
535 8
536 1
537 7
538 8
539 18
540 18
541 10
542 1
543 8
544 14
545 0
546 1
547 8
548 5
549 19
550 7
551 3
552 25
553 27
554 16
555 24
556 3
557 2
558 21
559 2
560 2
561 2
562 7
563 26
564 16
565 7
566 7
567 7
568 18
569 16
570 8
571 8
572 11
573 27
574 9
575 27
576 25
577 8
578 8
579 8
580 8
581 27
582 26
583 14
584 8
585 18
586 8
587 5
588 18
589 8
590 18
591 14
592 2
593 3
594 2
595 9
596 6
597 27
598 1
599 18
600 18
601 8
602 8
603 8
604 8
605 8
606 18
607 8
608 8
609 2
610 3
611 2
612 9
613 9
614 9
615 2
616 16
617 26
618 18
619 9
620 9
621 3
622 9
623 9
624 9
625 9
626 3
627 3
628 3
629 9
630 9
631 3
632 11
633 18
634 9
635 3
636 9
637 19
638 3
639 3
640 2
641 19
642 18
643 3
644 3
645 18
646 3
647 26
648 3
649 9
650 16
651 0
652 18
653 13
654 14
655 13
656 16
657 24
658 18
659 18
660 2
661 3
662 10
663 10
664 10
665 10
666 10
667 10
668 10
669 10
670 10
671 10
672 3
673 10
674 9
675 3
676 3
677 3
678 3
679 11
680 13
681 13
682 13
683 13
684 12
685 6
686 2
687 2
688 9
689 19
690 5
691 16
692 22
693 14
694 14
695 12
696 22
697 22
698 15
699 15
700 1
701 14
702 12
703 15
704 2
705 15
706 15
707 0
708 12
709 12
710 15
711 15
712 12
713 13
714 12
715 15
716 13
717 12
718 12
719 15
720 15
721 27
722 9
723 9
724 3
725 9
726 9
727 11
728 9
729 9
730 9
731 9
732 9
733 2
734 9
735 19
736 11
737 11
738 27
739 9
740 1
741 0
742 3
743 1
744 3
745 18
746 3
747 1
748 10
749 18
750 18
751 3
752 3
753 3
754 3
755 0
756 3
757 6
758 0
759 3
760 3
761 0
762 0
763 5
764 22
765 18
766 10
767 10
768 2
769 19
770 18
771 9
772 3
773 9
774 9
775 9
776 9
777 9
778 27
779 9
780 9
781 9
782 9
783 11
784 9
785 9
786 9
787 11
788 3
789 9
790 11
791 3
792 3
793 18
794 3
795 2
796 9
797 9
798 1
799 9
800 5
801 19
802 27
803 18
804 5
805 18
806 18
807 18
808 5
809 18
810 5
811 12
812 16
813 1
814 0
815 18
816 0
817 18
818 18
819 18
820 18
821 5
822 24
823 5
824 5
825 12
826 12
827 12
828 16
829 16
830 18
831 16
832 16
833 18
834 12
835 12
836 12
837 12
838 16
839 16
840 12
841 16
842 16
843 12
844 12
845 16
846 12
847 12
848 12
849 16
850 12
851 18
852 23
853 23
854 18
855 18
856 18
857 18
858 18
859 18
860 20
861 26
862 7
863 18
864 13
865 13
866 18
867 13
868 27
869 16
870 13
871 12
872 18
873 13
874 16
875 13
876 18
877 11
878 13
879 13
880 24
881 18
882 18
883 8
884 18
885 18
886 18
887 3
888 27
889 7
890 18
891 18
892 25
893 16
894 16
895 16
896 16
897 16
898 18
899 18
900 25
901 18
902 18
903 16
904 16
905 18
906 18
907 16
908 16
909 18
910 16
911 16
912 16
913 18
914 16
915 16
916 16
917 16
918 16
919 18
920 18
921 11
922 16
923 16
924 16
925 16
926 18
927 16
928 18
929 14
930 16
931 18
932 14
933 11
934 18
935 16
936 6
937 18
938 18
939 16
940 14
941 16
942 14
943 16
944 14
945 18
946 14
947 18
948 16
949 23
950 18
951 15
952 14
953 14
954 16
955 14
956 16
957 18
958 14
959 18
960 14
961 16
962 23
963 16
964 18
965 16
966 14
967 16
968 18
969 16
970 18
971 14
972 18
973 1
974 16
975 14
976 18
977 0
978 18
979 13
980 15
981 16
982 18
983 18
984 3
985 27
986 2
987 3
988 2
989 2
990 24
991 18
992 6
993 27
994 18
995 21
996 18
997 13
998 4
999 18
1000 18
1001 12
1002 15
1003 15
1004 25
1005 16
1006 25
1007 16
1008 13
1009 27
1010 15
1011 13
1012 16
1013 15
1014 16
1015 15
1016 15
1017 15
1018 16
1019 15
1020 15
1021 14
1022 16
1023 14
1024 16
1025 13
1026 16
1027 16
1028 16
1029 18
1030 18
1031 13
1032 7
1033 18
1034 18
1035 16
1036 27
1037 16
1038 18
1039 18
1040 18
1041 11
1042 16
1043 11
1044 16
1045 16
1046 16
1047 11
1048 16
1049 16
1050 16
1051 16
1052 27
1053 18
1054 27
1055 16
1056 11
1057 16
1058 18
1059 16
1060 18
1061 22
1062 13
1063 13
1064 14
1065 14
1066 17
1067 13
1068 13
1069 13
1070 17
1071 17
1072 17
1073 17
1074 16
1075 17
1076 17
1077 17
1078 17
1079 17
1080 17
1081 17
1082 11
1083 16
1084 16
1085 16
1086 17
1087 16
1088 11
1089 16
1090 16
1091 16
1092 11
1093 17
1094 17
1095 17
1096 17
1097 16
1098 26
1099 18
1100 17
1101 18
1102 26
1103 13
1104 16
1105 16
1106 18
1107 16
1108 17
1109 27
1110 18
1111 16
1112 27
1113 18
1114 16
1115 26
1116 26
1117 27
1118 25
1119 25
1120 27
1121 18
1122 18
1123 13
1124 18
1125 25
1126 27
1127 27
1128 16
1129 18
1130 18
1131 27
1132 27
1133 18
1134 18
1135 18
1136 27
1137 16
1138 18
1139 16
1140 16
1141 22
1142 16
1143 18
1144 16
1145 18
1146 16
1147 16
1148 17
1149 17
1150 17
1151 17
1152 27
1153 17
1154 17
1155 27
1156 11
1157 17
1158 18
1159 17
1160 16
1161 17
1162 27
1163 18
1164 16
1165 18
1166 16
1167 5
1168 16
1169 0
1170 18
1171 22
1172 18
1173 18
1174 18
1175 18
1176 18
1177 18
1178 18
1179 18
1180 18
1181 18
1182 16
1183 18
1184 16
1185 16
1186 16
1187 18
1188 16
1189 18
1190 18
1191 26
1192 18
1193 18
1194 18
1195 26
1196 18
1197 16
1198 16
1199 18
1200 18
1201 16
1202 18
1203 27
1204 16
1205 16
1206 16
1207 18
1208 18
1209 16
1210 18
1211 18
1212 18
1213 18
1214 26
1215 18
1216 18
1217 18
1218 16
1219 18
1220 16
1221 18
1222 13
1223 15
1224 0
1225 1
1226 18
1227 18
1228 18
1229 16
1230 0
1231 0
1232 27
1233 18
1234 16
1235 18
1236 27
1237 11
1238 18
1239 18
1240 18
1241 18
1242 18
1243 23
1244 14
1245 5
1246 23
1247 18
1248 14
1249 23
1250 18
1251 18
1252 18
1253 18
1254 18
1255 11
1256 18
1257 18
1258 16
1259 18
1260 18
1261 0
1262 18
1263 11
1264 16
1265 18
1266 16
1267 18
1268 16
1269 16
1270 16
1271 18
1272 18
1273 18
1274 16
1275 16
1276 16
1277 16
1278 18
1279 27
1280 16
1281 27
1282 6
1283 16
1284 27
1285 19
1286 24
1287 20
1288 20
1289 20
1290 20
1291 20
1292 18
1293 20
1294 20
1295 20
1296 20
1297 20
1298 20
1299 20
1300 20
1301 20
1302 6
1303 18
1304 23
1305 24
1306 10
1307 23
1308 18
1309 18
1310 18
1311 0
1312 26
1313 18
1314 18
1315 18
1316 18
1317 21
1318 26
1319 22
1320 22
1321 22
1322 21
1323 10
1324 15
1325 22
1326 18
1327 18
1328 4
1329 4
1330 16
1331 21
1332 22
1333 18
1334 0
1335 23
1336 22
1337 0
1338 22
1339 15
1340 22
1341 2
1342 22
1343 15
1344 15
1345 22
1346 22
1347 22
1348 22
1349 22
1350 22
1351 15
1352 22
1353 22
1354 22
1355 22
1356 22
1357 22
1358 22
1359 22
1360 22
1361 22
1362 22
1363 22
1364 22
1365 22
1366 22
1367 16
1368 26
1369 18
1370 18
1371 18
1372 18
1373 0
1374 16
1375 1
1376 18
1377 18
1378 16
1379 4
1380 18
1381 18
1382 16
1383 16
1384 16
1385 18
1386 18
1387 18
1388 18
1389 18
1390 16
1391 11
1392 0
1393 18
1394 18
1395 18
1396 18
1397 16
1398 26
1399 16
1400 16
1401 19
1402 18
1403 18
1404 18
1405 26
1406 24
1407 16
1408 24
1409 24
1410 24
1411 24
1412 24
1413 26
1414 24
1415 24
1416 24
1417 24
1418 24
1419 24
1420 24
1421 24
1422 24
1423 24
1424 24
1425 0
1426 16
1427 18
1428 16
1429 2
1430 18
1431 26
1432 22
1433 11
1434 0
1435 0
1436 18
1437 0
1438 0
1439 18
1440 3
1441 18
1442 18
1443 18
1444 5
1445 5
1446 18
1447 18
1448 2
1449 0
1450 2
1451 0
1452 18
1453 24
1454 18
1455 24
1456 24
1457 24
1458 24
1459 26
1460 18
1461 18
1462 24
1463 24
1464 24
1465 24
1466 24
1467 24
1468 24
1469 24
1470 24
1471 24
1472 18
1473 18
1474 0
1475 24
1476 11
1477 24
1478 4
1479 6
1480 18
1481 5
1482 16
1483 16
1484 18
1485 16
1486 26
1487 0
1488 0
1489 18
1490 0
1491 16
1492 18
1493 10
1494 27
1495 27
1496 10
1497 2
1498 0
1499 27
1500 2
1501 16
1502 16
1503 16
1504 23
1505 16
1506 18
1507 18
1508 11
1509 18
1510 4
1511 19
1512 18
1513 9
1514 27
1515 26
1516 26
1517 25
1518 18
1519 23
1520 10
1521 18
1522 24
1523 24
1524 14
1525 23
1526 26
1527 18
1528 26
1529 26
1530 26
1531 26
1532 26
1533 26
1534 26
1535 26
1536 26
1537 24
1538 26
1539 24
1540 27
1541 26
1542 26
1543 26
1544 26
1545 26
1546 26
1547 26
1548 0
1549 26
1550 26
1551 26
1552 26
1553 26
1554 18
1555 18
1556 3
1557 16
1558 18
1559 27
1560 18
1561 27
1562 26
1563 14
1564 8
1565 18
1566 18
1567 16
1568 4
1569 3
1570 26
1571 3
1572 26
1573 26
1574 26
1575 18
1576 18
1577 18
1578 18
1579 16
1580 26
1581 4
1582 16
1583 3
1584 26
