2 6
3 18
4 25
5 18
6 6
7 2
8 7
9 17
10 27
11 0
12 4
13 2
14 26
15 6
16 17
17 2
18 6
19 0
20 4
21 27
22 27
23 3
24 4
25 4
26 27
27 1
28 7
29 6
30 26
31 5
32 0
33 26
34 3
35 15
36 18
37 4
38 26
39 5
40 0
41 0
42 0
43 3
44 2
45 3
46 0
47 27
48 27
49 7
50 1
51 3
52 1
53 1
54 1
55 1
56 1
57 1
58 1
59 1
60 1
61 1
62 4
63 1
64 1
65 1
66 1
67 27
68 1
69 1
70 6
71 1
72 1
73 1
74 2
75 1
76 1
77 1
78 26
79 1
80 1
81 26
82 1
83 1
84 1
85 0
86 1
87 1
88 1
89 1
90 1
91 1
92 0
93 3
94 2
95 3
96 3
97 3
98 3
99 3
100 3
101 3
102 3
103 3
104 3
105 3
106 3
107 3
108 4
109 3
110 3
111 3
112 3
113 3
114 27
115 3
116 3
117 3
118 3
119 3
120 27
121 3
122 3
123 3
124 3
125 3
126 2
127 3
128 2
129 3
130 3
131 3
132 2
133 2
134 2
135 2
136 2
137 2
138 2
139 2
140 2
141 2
142 2
143 9
144 2
145 2
146 26
147 8
148 2
149 2
150 6
151 9
152 23
153 9
154 9
155 11
156 2
157 11
158 2
159 4
160 2
161 21
162 2
163 4
164 3
165 3
166 3
167 27
168 2
169 3
170 3
171 3
172 4
173 14
174 5
175 13
176 5
177 14
178 14
179 14
180 14
181 14
182 14
183 14
184 14
185 14
186 14
187 14
188 14
189 14
190 14
191 14
192 14
193 14
194 14
195 14
196 14
197 13
198 2
199 4
200 2
201 2
202 2
203 2
204 2
205 2
206 2
207 2
208 2
209 2
210 2
211 2
212 2
213 2
214 2
215 2
216 2
217 10
218 2
219 2
220 2
221 2
222 2
223 2
224 2
225 2
226 2
227 2
228 2
229 2
230 2
231 3
232 2
233 2
234 2
235 2
236 2
237 2
238 3
239 26
240 2
241 3
242 3
243 2
244 3
245 2
246 3
247 2
248 5
249 14
250 14
251 5
252 15
253 12
254 0
255 0
256 0
257 0
258 12
259 14
260 14
261 13
262 10
263 5
264 5
265 10
266 10
267 5
268 14
269 14
270 25
271 3
272 3
273 3
274 3
275 3
276 3
277 3
278 3
279 3
280 3
281 3
282 3
283 3
284 3
285 3
286 3
287 3
288 3
289 3
290 3
291 3
292 3
293 3
294 3
295 3
296 3
297 3
298 3
299 3
300 3
301 3
302 3
303 3
304 3
305 3
306 3
307 3
308 3
309 3
310 3
311 3
312 3
313 26
314 17
315 4
316 4
317 4
318 4
319 4
320 4
321 4
322 4
323 4
324 26
325 4
326 4
327 4
328 4
329 27
330 4
331 4
332 4
333 4
334 4
335 4
336 4
337 4
338 6
339 4
340 4
341 4
342 4
343 6
344 2
345 4
346 4
347 4
348 17
349 4
350 4
351 0
352 12
353 3
354 16
355 22
356 1
357 1
358 11
359 2
360 3
361 2
362 5
363 5
364 5
365 5
366 5
367 5
368 5
369 5
370 9
371 5
372 5
373 5
374 5
375 5
376 5
377 5
378 5
379 5
380 5
381 5
382 5
383 5
384 5
385 5
386 5
387 5
388 17
389 5
390 5
391 5
392 5
393 5
394 5
395 18
396 14
397 14
398 14
399 14
400 14
401 14
402 14
403 14
404 14
405 14
406 14
407 14
408 14
409 14
410 14
411 14
412 13
413 18
414 18
415 16
416 5
417 26
418 3
419 4
420 26
421 5
422 5
423 5
424 5
425 5
426 5
427 5
428 5
429 5
430 5
431 5
432 5
433 5
434 5
435 5
436 5
437 5
438 5
439 5
440 5
441 5
442 5
443 5
444 5
445 5
446 22
447 5
448 5
449 5
450 5
451 5
452 5
453 5
454 5
455 5
456 5
457 5
458 5
459 5
460 5
461 26
462 24
463 6
464 6
465 22
466 26
467 22
468 17
469 7
470 22
471 26
472 16
473 2
474 5
475 2
476 9
477 2
478 27
479 2
480 3
481 10
482 22
483 9
484 2
485 17
486 27
487 2
488 27
489 3
490 2
491 6
492 6
493 6
494 26
495 6
496 6
497 0
498 6
499 18
500 26
501 7
502 7
503 7
504 7
505 17
506 22
507 7
508 7
509 7
510 17
511 7
512 7
513 7
514 7
515 7
516 7
517 7
518 7
519 22
520 7
521 22
522 7
523 7
524 7
525 7
526 7
527 7
528 7
529 7
530 7
531 7
532 7
533 7
534 7
535 7
536 7
537 9
538 7
539 7
540 7
541 7
542 7
543 3
544 3
545 7
546 7
547 7
548 7
549 7
550 8
551 9
552 8
553 8
554 8
555 8
556 8
557 8
558 8
559 8
560 8
561 8
562 8
563 2
564 8
565 8
566 8
567 6
568 4
569 8
570 13
571 8
572 18
573 16
574 18
575 8
576 2
577 2
578 22
579 1
580 5
581 1
582 5
583 5
584 8
585 0
586 13
587 0
588 13
589 6
590 13
591 12
592 13
593 13
594 13
595 13
596 13
597 14
598 14
599 14
600 14
601 14
602 14
603 14
604 14
605 0
606 0
607 0
608 0
609 1
610 2
611 6
612 8
613 8
614 8
615 8
616 7
617 8
618 8
619 8
620 8
621 8
622 8
623 8
624 7
625 8
626 8
627 8
628 8
629 7
630 7
631 8
632 8
633 7
634 7
635 7
636 7
637 8
638 8
639 8
640 8
641 7
642 8
643 8
644 8
645 7
646 7
647 8
648 7
649 7
650 7
651 2
652 0
653 3
654 3
655 9
656 10
657 10
658 10
659 10
660 10
661 9
662 10
663 10
664 9
665 10
666 9
667 22
668 10
669 10
670 10
671 22
672 10
673 10
674 10
675 10
676 10
677 10
678 10
679 10
680 10
681 10
682 10
683 10
684 10
685 10
686 10
687 10
688 10
689 10
690 10
691 10
692 10
693 10
694 9
695 9
696 10
697 10
698 10
699 10
700 10
701 10
702 10
703 10
704 10
705 10
706 10
707 10
708 10
709 10
710 10
711 10
712 10
713 10
714 10
715 10
716 10
717 22
718 10
719 10
720 10
721 10
722 10
723 10
724 10
725 10
726 10
727 10
728 10
729 10
730 10
731 10
732 10
733 10
734 10
735 10
736 10
737 10
738 10
739 10
740 10
741 10
742 2
743 10
744 10
745 10
746 17
747 10
748 10
749 10
750 10
751 7
752 3
753 3
754 16
755 22
756 26
757 9
758 0
759 22
760 11
761 11
762 11
763 17
764 22
765 11
766 11
767 1
768 1
769 11
770 2
771 2
772 22
773 11
774 3
775 1
776 1
777 11
778 11
779 11
780 11
781 11
782 2
783 11
784 11
785 3
786 0
787 11
788 0
789 3
790 0
791 11
792 7
793 7
794 6
795 7
796 6
797 6
798 6
799 6
800 7
801 6
802 27
803 0
804 22
805 27
806 27
807 17
808 27
809 27
810 27
811 18
812 27
813 26
814 12
815 12
816 12
817 12
818 13
819 12
820 4
821 12
822 2
823 2
824 2
825 2
826 12
827 22
828 3
829 2
830 2
831 6
832 12
833 12
834 12
835 22
836 12
837 12
838 3
839 4
840 12
841 12
842 12
843 12
844 12
845 12
846 12
847 13
848 12
849 26
850 4
851 12
852 2
853 9
854 0
855 3
856 2
857 26
858 17
859 22
860 26
861 17
862 12
863 12
864 26
865 4
866 12
867 4
868 4
869 17
870 12
871 4
872 12
873 2
874 17
875 4
876 17
877 12
878 27
879 27
880 12
881 12
882 12
883 12
884 12
885 12
886 12
887 12
888 12
889 13
890 13
891 26
892 13
893 26
894 4
895 13
896 13
897 13
898 13
899 13
900 4
901 4
902 4
903 22
904 3
905 2
906 13
907 13
908 13
909 13
910 13
911 13
912 13
913 13
914 13
915 13
916 13
917 13
918 13
919 12
920 17
921 13
922 13
923 17
924 17
925 17
926 17
927 26
928 17
929 4
930 26
931 17
932 4
933 4
934 17
935 17
936 17
937 17
938 27
939 4
940 17
941 4
942 27
943 22
944 22
945 26
946 22
947 4
948 4
949 4
950 4
951 4
952 26
953 4
954 17
955 4
956 4
957 17
958 26
959 7
960 26
961 4
962 1
963 15
964 15
965 15
966 15
967 15
968 14
969 15
970 15
971 12
972 15
973 15
974 15
975 15
976 15
977 15
978 15
979 15
980 15
981 14
982 13
983 15
984 15
985 15
986 15
987 15
988 15
989 15
990 15
991 15
992 15
993 15
994 15
995 15
996 23
997 14
998 14
999 14
1000 14
1001 14
1002 14
1003 14
1004 14
1005 14
1006 14
1007 14
1008 14
1009 14
1010 14
1011 14
1012 14
1013 14
1014 14
1015 14
1016 23
1017 14
1018 26
1019 2
1020 26
1021 2
1022 15
1023 15
1024 14
1025 15
1026 15
1027 15
1028 6
1029 6
1030 15
1031 15
1032 14
1033 26
1034 15
1035 15
1036 15
1037 6
1038 15
1039 6
1040 15
1041 15
1042 14
1043 15
1044 17
1045 15
1046 15
1047 6
1048 6
1049 14
1050 14
1051 14
1052 15
1053 15
1054 15
1055 6
1056 6
1057 15
1058 15
1059 15
1060 15
1061 15
1062 2
1063 15
1064 17
1065 14
1066 26
1067 6
1068 15
1069 15
1070 15
1071 2
1072 15
1073 15
1074 14
1075 15
1076 15
1077 15
1078 15
1079 15
1080 15
1081 15
1082 15
1083 26
1084 15
1085 15
1086 15
1087 15
1088 15
1089 15
1090 15
1091 15
1092 15
1093 15
1094 15
1095 15
1096 15
1097 15
1098 15
1099 15
1100 15
1101 15
1102 15
1103 15
1104 15
1105 15
1106 15
1107 15
1108 15
1109 15
1110 15
1111 15
1112 15
1113 15
1114 16
1115 12
1116 12
1117 26
1118 19
1119 17
1120 16
1121 16
1122 16
1123 16
1124 16
1125 22
1126 16
1127 16
1128 19
1129 27
1130 17
1131 16
1132 16
1133 16
1134 16
1135 16
1136 16
1137 19
1138 22
1139 16
1140 26
1141 16
1142 12
1143 16
1144 16
1145 16
1146 27
1147 16
1148 16
1149 16
1150 27
1151 12
1152 16
1153 7
1154 12
1155 6
1156 7
1157 17
1158 12
1159 17
1160 17
1161 17
1162 17
1163 17
1164 17
1165 17
1166 17
1167 17
1168 17
1169 17
1170 17
1171 17
1172 17
1173 17
1174 17
1175 17
1176 17
1177 17
1178 17
1179 17
1180 17
1181 17
1182 17
1183 17
1184 17
1185 17
1186 17
1187 17
1188 17
1189 17
1190 17
1191 17
1192 17
1193 17
1194 17
1195 17
1196 17
1197 17
1198 17
1199 17
1200 17
1201 17
1202 17
1203 17
1204 17
1205 17
1206 17
1207 17
1208 17
1209 17
1210 17
1211 17
1212 17
1213 27
1214 17
1215 27
1216 27
1217 27
1218 18
1219 18
1220 0
1221 0
1222 18
1223 0
1224 18
1225 0
1226 0
1227 18
1228 17
1229 0
1230 18
1231 18
1232 18
1233 27
1234 17
1235 23
1236 27
1237 4
1238 4
1239 17
1240 22
1241 12
1242 27
1243 4
1244 4
1245 4
1246 22
1247 22
1248 4
1249 4
1250 12
1251 4
1252 27
1253 22
1254 27
1255 12
1256 12
1257 22
1258 12
1259 22
1260 4
1261 2
1262 17
1263 12
1264 12
1265 12
1266 26
1267 22
1268 12
1269 12
1270 12
1271 12
1272 22
1273 9
1274 22
1275 12
1276 23
1277 4
1278 12
1279 9
1280 17
1281 2
1282 12
1283 17
1284 4
1285 22
1286 12
1287 27
1288 22
1289 17
1290 12
1291 22
1292 12
1293 27
1294 12
1295 27
1296 27
1297 7
1298 0
1299 7
1300 16
1301 19
1302 19
1303 20
1304 16
1305 19
1306 19
1307 19
1308 19
1309 19
1310 16
1311 19
1312 19
1313 19
1314 19
1315 19
1316 19
1317 19
1318 19
1319 19
1320 22
1321 20
1322 20
1323 19
1324 19
1325 20
1326 19
1327 19
1328 19
1329 19
1330 19
1331 19
1332 20
1333 20
1334 19
1335 19
1336 19
1337 19
1338 20
1339 19
1340 19
1341 20
1342 20
1343 20
1344 26
1345 19
1346 20
1347 20
1348 20
1349 20
1350 20
1351 20
1352 20
1353 20
1354 20
1355 20
1356 20
1357 20
1358 20
1359 20
1360 20
1361 20
1362 20
1363 20
1364 20
1365 20
1366 20
1367 20
1368 20
1369 20
1370 20
1371 20
1372 20
1373 20
1374 20
1375 20
1376 20
1377 20
1378 20
1379 20
1380 20
1381 20
1382 20
1383 20
1384 20
1385 20
1386 20
1387 20
1388 20
1389 7
1390 7
1391 7
1392 11
1393 10
1394 16
1395 27
1396 17
1397 17
1398 17
1399 17
1400 17
1401 0
1402 17
1403 17
1404 17
1405 17
1406 17
1407 17
1408 17
1409 17
1410 27
1411 17
1412 17
1413 17
1414 17
1415 17
1416 27
1417 10
1418 27
1419 17
1420 27
1421 2
1422 27
1423 27
1424 27
1425 2
1426 10
1427 10
1428 27
1429 27
1430 10
1431 10
1432 2
1433 10
1434 27
1435 2
1436 27
1437 27
1438 2
1439 5
1440 2
1441 26
1442 23
1443 14
1444 14
1445 14
1446 14
1447 14
1448 14
1449 14
1450 13
1451 13
1452 13
1453 13
1454 27
1455 27
1456 13
1457 27
1458 13
1459 13
1460 13
1461 27
1462 13
1463 13
1464 13
1465 13
1466 13
1467 13
1468 13
1469 13
1470 13
1471 13
1472 13
1473 13
1474 13
1475 19
1476 22
1477 13
1478 18
1479 4
1480 9
1481 3
1482 15
1483 12
1484 21
1485 15
1486 15
1487 12
1488 15
1489 12
1490 15
1491 15
1492 17
1493 12
1494 12
1495 12
1496 12
1497 12
1498 12
1499 15
1500 26
1501 12
1502 12
1503 12
1504 12
1505 15
1506 12
1507 12
1508 17
1509 15
1510 15
1511 26
1512 15
1513 15
1514 15
1515 15
1516 12
1517 15
1518 23
1519 15
1520 15
1521 15
1522 15
1523 15
1524 14
1525 14
1526 14
1527 14
1528 14
1529 14
1530 17
1531 2
1532 12
1533 13
1534 13
1535 13
1536 26
1537 4
1538 17
1539 4
1540 26
1541 17
1542 17
1543 17
1544 17
1545 17
1546 4
1547 4
1548 17
1549 17
1550 26
1551 17
1552 26
1553 22
1554 17
1555 4
1556 26
1557 26
1558 4
1559 26
1560 14
1561 26
1562 26
1563 17
1564 4
1565 17
1566 17
1567 4
1568 17
1569 26
1570 19
1571 5
1572 13
1573 10
1574 2
1575 10
1576 26
1577 2
1578 2
1579 9
1580 2
1581 2
1582 4
1583 4
1584 4
1585 4
1586 17
1587 17
1588 -1
1589 2
1590 -1
1591 4
1592 6
1593 4
1594 7
1595 4
1596 2
1597 3
1598 2
1599 2
1600 3
1601 9
1602 4
1603 4
1604 4
1605 10
1606 10
1607 4
1608 4
1609 17
1610 17
1611 4
1612 12
1613 2
1614 27
1615 4
1616 3
1617 2
1618 27
1619 3
1620 0
1621 17
1622 6
1623 4
1624 4
1625 4
1626 4
1627 4
1628 4
1629 4
1630 3
1631 9
1632 3
1633 0
1634 4
1635 17
1636 17
1637 27
1638 14
1639 4
1640 4
1641 26
1642 4
1643 6
1644 4
1645 3
1646 6
1647 9
1648 4
1649 0
1650 27
1651 4
1652 2
1653 27
1654 4
1655 4
1656 17
1657 27
1658 27
1659 4
1660 27
1661 4
1662 2
1663 0
1664 16
1665 16
1666 2
1667 25
1668 3
1669 2
1670 16
1671 2
1672 9
1673 2
1674 11
1675 3
1676 2
1677 2
1678 4
1679 9
1680 2
1681 3
1682 17
1683 22
1684 17
1685 26
1686 17
1687 2
1688 0
1689 4
1690 17
1691 4
1692 4
1693 23
1694 6
1695 23
1696 23
1697 23
1698 23
1699 13
1700 23
1701 15
1702 3
1703 0
1704 2
1705 16
1706 2
1707 4
1708 16
1709 2
1710 27
1711 27
1712 22
1713 22
1714 22
1715 22
1716 22
1717 22
1718 22
1719 22
1720 22
1721 22
1722 22
1723 22
1724 22
1725 22
1726 12
1727 17
1728 17
1729 22
1730 22
1731 3
1732 2
1733 2
1734 2
1735 2
1736 2
1737 2
1738 2
1739 2
1740 2
1741 2
1742 22
1743 22
1744 22
1745 22
1746 17
1747 17
1748 17
1749 17
1750 17
1751 22
1752 17
1753 22
1754 22
1755 22
1756 22
1757 22
1758 22
1759 17
1760 17
1761 12
1762 17
1763 27
1764 17
1765 22
1766 22
1767 17
1768 17
1769 18
1770 13
1771 3
1772 2
1773 0
1774 4
1775 27
1776 4
1777 10
1778 3
1779 26
1780 27
1781 4
1782 17
1783 4
1784 17
1785 17
1786 4
1787 6
1788 4
1789 9
1790 17
1791 4
1792 17
1793 4
1794 4
1795 2
1796 17
1797 7
1798 26
1799 17
1800 -1
1801 17
1802 27
1803 26
1804 17
1805 4
1806 4
1807 4
1808 4
1809 4
1810 4
1811 4
1812 17
1813 4
1814 4
1815 4
1816 15
1817 17
1818 2
1819 4
1820 17
1821 22
1822 24
1823 24
1824 24
1825 24
1826 24
1827 24
1828 24
1829 24
1830 24
1831 24
1832 24
1833 24
1834 26
1835 24
1836 24
1837 24
1838 24
1839 24
1840 24
1841 24
1842 3
1843 4
1844 4
1845 24
1846 24
1847 4
1848 24
1849 2
1850 4
1851 24
1852 24
1853 24
1854 24
1855 24
1856 24
1857 24
1858 24
1859 24
1860 24
1861 18
1862 26
1863 27
1864 2
1865 27
1866 4
1867 25
1868 25
1869 25
1870 25
1871 25
1872 25
1873 25
1874 25
1875 25
1876 25
1877 5
1878 25
1879 25
1880 25
1881 25
1882 25
1883 25
1884 25
1885 25
1886 25
1887 25
1888 25
1889 25
1890 25
1891 25
1892 0
1893 5
1894 4
1895 13
1896 25
1897 11
1898 25
1899 25
1900 25
1901 25
1902 25
1903 25
1904 25
1905 25
1906 25
1907 25
1908 25
1909 5
1910 25
1911 25
1912 25
1913 25
1914 25
1915 25
1916 25
1917 25
1918 25
1919 25
1920 25
1921 25
1922 2
1923 25
1924 2
1925 25
1926 25
1927 25
1928 25
1929 6
1930 25
1931 15
1932 12
1933 12
1934 25
1935 15
1936 25
1937 26
1938 14
1939 25
1940 26
1941 26
1942 18
1943 18
1944 26
1945 26
1946 18
1947 26
1948 26
1949 18
1950 26
1951 26
1952 26
1953 26
1954 26
1955 26
1956 26
1957 26
1958 26
1959 26
1960 26
1961 26
1962 26
1963 26
1964 26
1965 26
1966 26
1967 26
1968 26
1969 26
1970 26
1971 26
1972 26
1973 26
1974 26
1975 26
1976 26
1977 26
1978 25
1979 26
1980 26
1981 26
1982 26
1983 25
1984 26
1985 26
1986 26
1987 26
1988 14
1989 25
1990 14
1991 18
1992 27
1993 27
1994 27
1995 18
1996 18
1997 18
1998 18
1999 18
2000 27
2001 18
2002 18
2003 18
2004 18
2005 18
2006 18
2007 18
2008 18
2009 27
2010 18
2011 27
2012 27
2013 2
2014 2
2015 27
2016 18
2017 2
2018 27
2019 18
2020 27
2021 2
2022 18
