2 17
3 2
4 4
5 4
6 3
7 17
8 17
9 27
10 27
11 26
12 6
13 4
14 2
15 15
16 27
17 17
18 27
19 4
20 27
21 27
22 4
23 4
24 27
25 27
26 4
27 0
28 26
29 4
30 26
31 4
32 4
33 26
34 27
35 27
36 27
37 27
38 4
39 27
40 4
41 4
42 6
43 16
44 18
45 27
46 18
47 16
48 16
49 2
50 16
51 0
52 0
53 17
54 27
55 0
56 4
57 0
58 14
59 14
60 14
61 14
62 14
63 14
64 14
65 13
66 5
67 5
68 5
69 5
70 5
71 13
72 13
73 5
74 5
75 5
76 5
77 5
78 5
79 14
80 13
81 26
82 23
83 26
84 7
85 0
86 18
87 27
88 27
89 0
90 27
91 27
92 0
93 17
94 9
95 26
96 26
97 0
98 4
99 18
100 18
101 27
102 1
103 1
104 0
105 27
106 2
107 18
108 1
109 27
110 18
111 27
112 11
113 2
114 2
115 27
116 6
117 2
118 27
119 27
120 18
121 3
122 0
123 0
124 0
125 18
126 27
127 0
128 0
129 12
130 27
131 18
132 4
133 0
134 4
135 1
136 1
137 1
138 1
139 1
140 1
141 1
142 2
143 1
144 1
145 1
146 1
147 1
148 1
149 1
150 1
151 1
152 27
153 4
154 26
155 6
156 1
157 17
158 27
159 27
160 27
161 2
162 1
163 1
164 1
165 1
166 1
167 1
168 1
169 1
170 1
171 1
172 1
173 1
174 1
175 0
176 3
177 3
178 2
179 2
180 3
181 2
182 3
183 2
184 2
185 2
186 2
187 2
188 2
189 2
190 2
191 2
192 3
193 3
194 3
195 2
196 2
197 3
198 2
199 2
200 3
201 3
202 27
203 3
204 3
205 2
206 2
207 2
208 2
209 4
210 2
211 3
212 2
213 3
214 3
215 3
216 3
217 3
218 3
219 3
220 3
221 3
222 3
223 3
224 3
225 3
226 3
227 3
228 3
229 3
230 3
231 3
232 3
233 3
234 3
235 3
236 3
237 3
238 3
239 3
240 3
241 3
242 3
243 3
244 3
245 3
246 3
247 3
248 3
249 3
250 3
251 3
252 7
253 3
254 10
255 6
256 17
257 4
258 4
259 6
260 4
261 4
262 4
263 4
264 6
265 4
266 6
267 4
268 4
269 4
270 6
271 26
272 4
273 4
274 4
275 16
276 4
277 4
278 4
279 4
280 4
281 4
282 4
283 4
284 4
285 26
286 4
287 4
288 4
289 4
290 27
291 4
292 4
293 3
294 4
295 4
296 4
297 4
298 4
299 4
300 4
301 4
302 4
303 4
304 6
305 25
306 25
307 5
308 5
309 5
310 5
311 5
312 5
313 5
314 5
315 5
316 5
317 5
318 5
319 5
320 25
321 5
322 5
323 5
324 2
325 5
326 15
327 5
328 5
329 2
330 5
331 5
332 5
333 5
334 5
335 5
336 5
337 5
338 5
339 5
340 5
341 5
342 5
343 5
344 5
345 18
346 6
347 18
348 26
349 1
350 18
351 6
352 6
353 6
354 7
355 6
356 6
357 6
358 6
359 6
360 6
361 18
362 6
363 6
364 7
365 6
366 6
367 6
368 26
369 6
370 6
371 18
372 6
373 27
374 6
375 6
376 6
377 6
378 6
379 6
380 6
381 6
382 6
383 6
384 26
385 1
386 6
387 27
388 6
389 4
390 16
391 7
392 7
393 7
394 7
395 7
396 7
397 7
398 7
399 7
400 7
401 7
402 7
403 7
404 7
405 7
406 7
407 7
408 7
409 7
410 7
411 7
412 7
413 7
414 7
415 7
416 7
417 7
418 7
419 7
420 7
421 7
422 7
423 7
424 7
425 8
426 8
427 8
428 8
429 8
430 8
431 8
432 8
433 8
434 8
435 8
436 8
437 8
438 8
439 8
440 8
441 8
442 8
443 8
444 8
445 8
446 8
447 8
448 8
449 8
450 8
451 8
452 8
453 8
454 8
455 8
456 8
457 8
458 8
459 8
460 8
461 8
462 8
463 7
464 0
465 9
466 9
467 9
468 9
469 9
470 9
471 22
472 9
473 10
474 9
475 3
476 9
477 9
478 9
479 9
480 9
481 9
482 9
483 9
484 9
485 9
486 9
487 9
488 9
489 9
490 9
491 9
492 9
493 9
494 9
495 10
496 6
497 9
498 10
499 9
500 9
501 9
502 9
503 10
504 10
505 11
506 9
507 2
508 10
509 10
510 10
511 10
512 2
513 2
514 2
515 2
516 2
517 2
518 2
519 2
520 2
521 3
522 10
523 10
524 10
525 10
526 10
527 10
528 10
529 10
530 10
531 10
532 10
533 10
534 10
535 10
536 10
537 10
538 10
539 10
540 10
541 3
542 3
543 3
544 3
545 11
546 2
547 1
548 3
549 2
550 11
551 11
552 2
553 2
554 11
555 2
556 1
557 11
558 1
559 1
560 0
561 0
562 3
563 11
564 11
565 11
566 11
567 11
568 11
569 11
570 11
571 11
572 11
573 0
574 11
575 1
576 1
577 11
578 11
579 11
580 4
581 11
582 11
583 0
584 0
585 2
586 16
587 11
588 22
589 6
590 6
591 27
592 26
593 26
594 0
595 27
596 12
597 12
598 22
599 22
600 12
601 13
602 12
603 4
604 12
605 12
606 12
607 12
608 12
609 15
610 25
611 4
612 3
613 12
614 17
615 27
616 18
617 12
618 12
619 12
620 4
621 12
622 12
623 12
624 12
625 12
626 12
627 12
628 12
629 12
630 5
631 4
632 16
633 12
634 12
635 12
636 15
637 15
638 27
639 4
640 12
641 15
642 15
643 13
644 13
645 1
646 13
647 3
648 13
649 13
650 13
651 15
652 10
653 27
654 4
655 4
656 4
657 26
658 27
659 3
660 27
661 6
662 13
663 13
664 13
665 26
666 2
667 13
668 13
669 13
670 13
671 4
672 22
673 13
674 13
675 13
676 13
677 13
678 13
679 13
680 4
681 13
682 13
683 13
684 13
685 13
686 12
687 3
688 26
689 27
690 26
691 3
692 17
693 4
694 27
695 26
696 4
697 -1
698 4
699 4
700 2
701 4
702 4
703 2
704 3
705 19
706 6
707 4
708 11
709 2
710 17
711 16
712 3
713 4
714 3
715 16
716 27
717 27
718 9
719 4
720 12
721 2
722 15
723 14
724 15
725 15
726 15
727 14
728 15
729 14
730 14
731 15
732 13
733 15
734 15
735 13
736 15
737 15
738 15
739 15
740 15
741 15
742 15
743 15
744 14
745 15
746 2
747 15
748 24
749 27
750 2
751 15
752 15
753 14
754 15
755 15
756 15
757 14
758 14
759 7
760 15
761 13
762 14
763 15
764 15
765 15
766 15
767 15
768 15
769 15
770 15
771 15
772 15
773 15
774 15
775 15
776 15
777 15
778 15
779 15
780 15
781 15
782 15
783 15
784 15
785 15
786 15
787 15
788 15
789 15
790 14
791 15
792 15
793 4
794 15
795 15
796 15
797 15
798 6
799 15
800 17
801 15
802 15
803 15
804 15
805 15
806 15
807 15
808 15
809 15
810 7
811 15
812 26
813 15
814 7
815 15
816 15
817 4
818 15
819 15
820 15
821 15
822 7
823 3
824 2
825 7
826 2
827 10
828 2
829 2
830 2
831 2
832 15
833 15
834 15
835 15
836 15
837 15
838 15
839 15
840 15
841 15
842 15
843 15
844 15
845 15
846 19
847 23
848 13
849 16
850 2
851 27
852 27
853 16
854 27
855 2
856 16
857 16
858 16
859 10
860 16
861 16
862 16
863 16
864 27
865 16
866 16
867 16
868 27
869 16
870 16
871 16
872 16
873 27
874 27
875 16
876 27
877 16
878 27
879 16
880 27
881 27
882 27
883 16
884 27
885 16
886 27
887 27
888 27
889 27
890 27
891 16
892 2
893 2
894 2
895 2
896 2
897 2
898 2
899 14
900 2
901 2
902 16
903 16
904 16
905 16
906 27
907 16
908 16
909 27
910 27
911 27
912 12
913 0
914 27
915 17
916 22
917 17
918 17
919 18
920 12
921 18
922 17
923 17
924 17
925 12
926 17
927 17
928 17
929 12
930 12
931 17
932 18
933 17
934 17
935 17
936 12
937 17
938 12
939 2
940 4
941 17
942 17
943 17
944 12
945 17
946 18
947 17
948 12
949 17
950 17
951 17
952 17
953 17
954 17
955 17
956 17
957 17
958 17
959 17
960 17
961 17
962 12
963 27
964 27
965 0
966 0
967 18
968 0
969 27
970 0
971 27
972 27
973 18
974 18
975 0
976 18
977 18
978 18
979 0
980 27
981 27
982 0
983 2
984 16
985 13
986 1
987 2
988 2
989 2
990 13
991 1
992 9
993 3
994 2
995 2
996 27
997 10
998 2
999 2
1000 2
1001 2
1002 27
1003 27
1004 27
1005 27
1006 27
1007 27
1008 18
1009 27
1010 27
1011 27
1012 2
1013 26
1014 17
1015 27
1016 1
1017 27
1018 27
1019 27
1020 27
1021 27
1022 27
1023 27
1024 27
1025 27
1026 27
1027 27
1028 27
1029 17
1030 7
1031 20
1032 20
1033 19
1034 19
1035 19
1036 19
1037 19
1038 20
1039 19
1040 19
1041 19
1042 19
1043 19
1044 19
1045 19
1046 19
1047 19
1048 19
1049 19
1050 19
1051 19
1052 19
1053 0
1054 19
1055 19
1056 19
1057 19
1058 19
1059 19
1060 20
1061 19
1062 19
1063 19
1064 19
1065 19
1066 20
1067 20
1068 20
1069 20
1070 20
1071 20
1072 20
1073 20
1074 20
1075 20
1076 20
1077 20
1078 20
1079 20
1080 20
1081 20
1082 20
1083 20
1084 20
1085 20
1086 20
1087 20
1088 20
1089 20
1090 20
1091 20
1092 20
1093 20
1094 20
1095 20
1096 20
1097 20
1098 20
1099 20
1100 20
1101 20
1102 4
1103 4
1104 17
1105 12
1106 22
1107 15
1108 22
1109 15
1110 22
1111 15
1112 15
1113 17
1114 17
1115 19
1116 22
1117 17
1118 7
1119 26
1120 26
1121 7
1122 4
1123 7
1124 3
1125 3
1126 24
1127 0
1128 4
1129 4
1130 4
1131 24
1132 7
1133 27
1134 7
1135 6
1136 27
1137 2
1138 27
1139 2
1140 0
1141 2
1142 7
1143 4
1144 22
1145 21
1146 7
1147 4
1148 24
1149 7
1150 27
1151 3
1152 21
1153 12
1154 2
1155 22
1156 4
1157 4
1158 4
1159 12
1160 3
1161 4
1162 4
1163 3
1164 4
1165 3
1166 4
1167 4
1168 0
1169 3
1170 27
1171 4
1172 4
1173 4
1174 4
1175 26
1176 4
1177 4
1178 4
1179 3
1180 27
1181 9
1182 2
1183 4
1184 3
1185 4
1186 4
1187 26
1188 27
1189 27
1190 3
1191 4
1192 27
1193 2
1194 7
1195 27
1196 27
1197 27
1198 27
1199 3
1200 11
1201 4
1202 26
1203 4
1204 4
1205 6
1206 4
1207 4
1208 17
1209 26
1210 2
1211 26
1212 27
1213 27
1214 9
1215 26
1216 4
1217 4
1218 27
1219 7
1220 6
1221 27
1222 12
1223 0
1224 7
1225 4
1226 27
1227 4
1228 26
1229 17
1230 4
1231 3
1232 16
1233 17
1234 7
1235 6
1236 27
1237 17
1238 27
1239 27
1240 4
1241 3
1242 10
1243 7
1244 24
1245 24
1246 24
1247 24
1248 24
1249 24
1250 24
1251 24
1252 24
1253 24
1254 24
1255 24
1256 24
1257 24
1258 24
1259 24
1260 24
1261 24
1262 24
1263 24
1264 24
1265 24
1266 24
1267 24
1268 24
1269 24
1270 24
1271 24
1272 24
1273 24
1274 24
1275 24
1276 24
1277 24
1278 24
1279 24
1280 24
1281 24
1282 24
1283 24
1284 24
1285 24
1286 24
1287 24
1288 24
1289 24
1290 24
1291 24
1292 24
1293 24
1294 25
1295 25
1296 2
1297 25
1298 25
1299 25
1300 25
1301 25
1302 5
1303 25
1304 25
1305 25
1306 25
1307 25
1308 25
1309 25
1310 25
1311 25
1312 2
1313 18
1314 2
1315 2
1316 22
1317 14
1318 2
1319 4
1320 12
1321 27
1322 25
1323 25
1324 25
1325 25
1326 25
1327 25
1328 25
1329 25
1330 25
1331 25
1332 5
1333 25
1334 25
1335 26
1336 26
1337 18
1338 18
1339 26
1340 18
1341 26
1342 18
1343 2
1344 18
1345 26
1346 2
1347 6
1348 7
1349 11
1350 2
1351 14
1352 18
1353 26
1354 26
1355 18
1356 26
1357 26
1358 26
1359 26
1360 26
1361 26
1362 26
1363 26
1364 26
1365 26
1366 26
1367 26
1368 26
1369 26
1370 26
1371 26
1372 26
1373 18
1374 26
1375 26
1376 18
1377 27
1378 27
1379 27
1380 27
1381 27
1382 27
1383 27
1384 17
1385 27
1386 27
1387 27
1388 27
1389 27
1390 17
1391 27
1392 27
1393 27
1394 27
1395 27
1396 18
1397 27
1398 27
1399 27
1400 27
1401 27
1402 27
1403 27
1404 27
1405 27
1406 27
1407 27
1408 27
1409 27
1410 27
1411 27
1412 27
1413 27
1414 27
1415 27
1416 27
1417 16
1418 9
