
n-fold switching subject simpel sets, 3 knn

full scale accuracy 72.93%
major scale accuracy 82.63%

confusion =

    31     5     1     2     0     0     1     2     0     0     1     1     0     0     0     0     1     0     2     0     0     0     0     0     0     1     0     2
     5    42     1     0     0     0     0     0     0     0     0     0     0     0     0     0     0     0     0     0     0     0     0     0     0     0     1     1
     0     0    42     3     2     0     1     0     0     0     0     0     0     0     0     0     1     0     0     0     0     0     0     0     0     0     0     1
     0     0    14    27     0     2     1     0     0     0     1     1     0     0     0     0     2     1     0     0     0     0     0     0     0     0     0     1
     0     0     2     1    34     1     6     0     0     0     0     1     0     0     0     0     2     0     1     0     0     0     1     0     0     0     1     0
     0     0     0     0     0    30     1     1     0     0     1     0     0     0     4     3     0     0     0     3     0     1     0     0     0     3     2     1
     0     0     0     1     4     2    28     2     0     1     2     0     0     1     2     1     3     0     1     0     0     0     0     0     0     0     0     2
     0     0     0     0     0     0     1    47     0     0     0     0     0     0     0     0     1     0     1     0     0     0     0     0     0     0     0     0
     1     2     0     0     0     0     0     6    40     0     0     0     0     0     0     0     0     0     0     0     0     0     0     0     0     0     1     0
     0     0     6     3     0     0     0     0     0    27     2    10     0     0     0     0     1     0     0     0     0     0     0     0     0     1     0     0
     1     0     0     2     1     3     0     0     2    15    23     0     0     0     0     0     1     0     0     0     1     0     0     0     0     0     0     1
     1     0     4     1     1     0     0     0     0     1     0    40     0     0     0     0     2     0     0     0     0     0     0     0     0     0     0     0
     0     0     0     0     0     0     0     1     0     0     0     0    37     1     1     2     0     0     0     5     1     0     0     1     1     0     0     0
     0     0     0     0     0     0     0     0     0     0     0     0     6    35     0     0     0     0     0     4     4     0     0     1     0     0     0     0
     0     0     0     0     0     0     0     0     0     0     0     0     0     1    42     2     0     0     0     1     0     2     0     0     0     1     0     1
     0     0     0     0     0     0     0     0     0     0     0     0     0     0     9    36     1     0     1     0     0     0     2     0     0     0     1     0
     0     0     0     0     3     0     0     2     0     0     2     2     0     1     4     0    30     1     0     0     0     1     0     0     0     0     0     4
     0     0     0     0     0     0     0     0     0     0     0     0     1     0     0     0     0    43     1     0     0     2     1     0     0     0     0     2
     0     0     0     0     1     0     0     0     0     0     0     0     0     0     0     0     3     1    39     1     0     0     0     1     0     0     0     4
     0     0     0     0     0     0     0     0     0     0     0     0     0     0     0     0     1     0     1    45     3     0     0     0     0     0     0     0
     0     0     0     0     0     0     0     0     0     0     0     0     0     1     0     0     0     0     0     6    43     0     0     0     0     0     0     0
     0     0     0     0     1     0     1     0     0     0     0     0     0     0     6     2     1     0     0     0     0    22    13     3     0     0     0     1
     0     0     0     0     0     0     0     0     0     0     0     0     1     0     1     6     0     0     0     0     0     6    35     0     0     0     0     1
     0     0     0     0     0     0     0     0     0     0     0     0     1     0     3     1     1     0     0     0     0     0     0    42     0     0     1     1
     0     0     0     0     0     0     0     0     0     0     0     0     0     0     0     0     0     0     1     0     0     0     0     0    47     1     1     0
     0     0     0     0     0     1     0     0     0     0     0     0     0     0     2     1     3     0     0     0     0     0     0     0     0    42     1     0
     0     0     0     0     0     0     0     0     0     0     0     0     0     0     1     4     0     0     4     0     1     0     0     0     2     0    35     3
     1     0     1     0     0     0     0     0     0     0     0     0     0     0     1     0     0     1     9     0     0     0     0     0     0     0     0    37
     
     
n-fold switching subject simpel sets, 4 knn
     
full scale accuracy 73.07%
major scale accuracy 82.45%

    35     3     1     2     1     0     0     1     0     0     1     0     0     0     0     0     1     0     1     0     0     0     0     0     0     1     0     3
     2    43     1     0     0     0     0     2     0     0     0     0     0     0     0     0     0     0     0     0     0     0     0     0     0     0     1     1
     0     0    41     4     3     0     0     0     0     0     0     0     0     0     0     0     1     0     0     0     0     0     0     0     0     0     0     1
     0     0    11    29     1     2     1     0     0     0     1     1     0     0     0     0     2     1     0     0     0     0     0     0     0     0     0     1
     0     0     1     1    32     1     7     0     0     0     0     0     0     0     0     0     3     0     1     0     0     0     0     0     0     0     1     3
     0     0     0     0     0    28     1     1     0     0     2     0     0     0     4     3     0     0     1     3     0     0     0     0     0     6     0     1
     0     0     0     1     6     2    25     3     0     1     1     0     0     1     2     1     4     0     0     0     0     0     0     0     0     0     0     3
     0     0     0     0     0     0     1    46     1     0     0     0     0     0     0     0     1     0     1     0     0     0     0     0     0     0     0     0
     1     2     0     0     0     0     0     6    40     0     0     0     0     0     0     0     0     0     0     0     0     0     0     0     0     0     1     0
     0     0     7     2     0     0     0     0     0    26     2    11     0     0     0     0     1     0     0     0     0     0     0     0     0     1     0     0
     0     0     1     2     2     1     0     0     2    15    23     0     0     0     0     0     0     2     0     0     0     0     0     0     0     1     0     1
     0     0     5     1     1     0     0     0     0     1     0    40     0     0     0     0     2     0     0     0     0     0     0     0     0     0     0     0
     0     0     0     0     1     0     0     0     0     0     0     0    39     0     1     3     0     0     0     4     0     0     1     1     0     0     0     0
     0     0     0     0     0     0     0     0     0     0     0     0     5    36     0     0     0     0     0     4     4     0     0     1     0     0     0     0
     0     0     0     0     0     0     0     0     0     0     0     0     0     1    40     5     0     0     0     0     0     2     0     0     0     1     0     1
     0     0     0     0     0     0     0     0     0     0     0     0     0     0     8    38     1     0     0     0     0     0     2     0     0     0     1     0
     0     0     2     0     3     0     0     0     0     0     1     2     0     1     2     0    31     1     1     1     0     2     0     0     0     0     0     3
     0     0     0     0     0     0     0     0     0     0     0     0     1     0     0     0     0    43     1     0     0     2     1     0     0     0     0     2
     0     0     0     0     1     0     0     0     0     0     0     0     0     0     0     0     0     1    41     1     0     0     0     1     0     0     0     5
     0     0     0     0     0     0     0     0     0     0     0     0     0     0     0     0     1     0     0    46     3     0     0     0     0     0     0     0
     0     0     0     0     0     0     0     0     0     0     0     0     0     1     0     0     0     0     0     5    44     0     0     0     0     0     0     0
     0     0     0     0     1     0     1     0     0     0     0     0     0     0     7     3     1     0     0     0     0    21    12     3     0     0     0     1
     0     0     0     0     0     0     0     0     0     0     0     0     1     0     2     6     0     0     0     0     0     6    34     0     0     0     0     1
     0     0     0     0     0     0     0     0     0     0     0     0     1     0     4     1     0     0     1     0     0     1     0    40     0     0     1     1
     0     0     0     0     0     0     0     0     0     0     0     0     0     0     0     0     0     0     1     0     0     0     0     0    48     1     0     0
     0     0     0     0     0     1     0     0     0     0     0     0     0     0     3     1     3     0     0     0     0     0     0     0     0    41     1     0
     0     0     0     0     0     0     0     0     0     0     0     0     0     0     0     3     0     0     4     0     1     0     0     0     2     0    37     3
     0     0     1     0     0     0     0     0     0     0     0     0     0     0     1     0     2     1     9     0     0     0     0     0     0     0     0    36
     
     
n-fold switching subject simpel sets, 6 knn

full scale accuracy 74.14%
major scale accuracy 81.64%


    34     5     2     1     1     0     1     1     0     0     0     0     0     0     0     0     1     0     1     0     0     0     0     0     0     0     0     3
     3    42     1     0     0     0     0     2     0     0     0     0     0     0     0     0     0     0     0     0     0     0     0     0     0     0     1     1
     0     0    43     3     2     0     0     0     0     0     0     0     0     0     0     0     1     0     0     0     0     0     0     0     0     1     0     0
     0     0    10    29     3     3     0     0     0     1     0     1     0     0     0     0     2     0     0     0     0     0     0     0     0     0     0     1
     0     0     0     1    34     2     5     0     0     0     0     0     0     0     0     0     4     0     1     0     0     0     0     0     0     0     1     2
     0     0     0     0     0    30     0     1     0     0     1     0     0     0     4     2     0     0     0     3     0     1     0     0     0     7     0     1
     0     0     0     1     8     0    23     3     0     1     1     0     0     0     2     1     3     2     1     1     0     0     0     0     0     0     0     3
     0     0     0     0     0     0     1    47     0     0     0     0     0     0     0     0     1     0     1     0     0     0     0     0     0     0     0     0
     1     1     0     0     0     0     0     5    43     0     0     0     0     0     0     0     0     0     0     0     0     0     0     0     0     0     0     0
     0     0     6     4     0     0     0     0     0    22     1    15     0     0     0     0     1     0     0     0     0     0     0     0     0     1     0     0
     0     0     2     1     1     3     0     0     1    11    26     0     0     0     0     0     1     1     0     0     0     0     0     0     0     1     0     2
     0     0     7     1     1     0     0     0     0     1     0    38     0     0     0     0     2     0     0     0     0     0     0     0     0     0     0     0
     0     0     0     0     1     0     0     0     0     0     0     0    38     0     1     3     0     0     0     6     0     0     1     0     0     0     0     0
     0     0     0     0     0     0     0     0     0     0     0     0     3    38     0     0     0     0     0     4     4     0     0     1     0     0     0     0
     0     0     0     0     0     0     0     0     0     0     0     0     0     1    43     3     1     0     0     1     0     0     0     0     0     0     0     1
     0     0     0     0     0     0     0     0     0     0     0     0     0     0     8    37     1     0     0     0     0     0     3     0     0     0     0     1
     0     0     2     0     3     0     0     0     0     0     0     1     0     0     2     0    34     1     1     1     0     2     0     0     0     0     0     3
     0     0     0     0     0     0     0     0     0     0     0     0     1     0     0     0     0    45     1     0     0     2     0     0     0     0     0     1
     0     0     0     0     1     0     0     0     0     0     0     0     0     0     0     0     0     0    41     1     0     0     0     1     0     0     2     4
     0     0     0     0     0     0     0     0     0     0     0     0     0     0     0     0     1     0     0    47     2     0     0     0     0     0     0     0
     0     0     0     0     0     0     0     0     0     0     0     0     0     1     0     0     0     0     0     6    43     0     0     0     0     0     0     0
     0     0     0     0     1     0     0     0     0     0     0     0     0     0     8     3     1     0     0     0     0    21    11     4     0     0     0     1
     0     0     0     0     0     0     0     0     0     0     0     0     0     0     2    11     0     0     0     0     0     2    34     0     0     0     0     1
     0     0     0     0     0     0     0     0     0     0     0     0     0     0     3     1     0     0     3     0     0     1     0    41     0     0     0     1
     0     0     0     0     0     0     0     0     0     0     0     0     0     0     0     0     0     0     1     0     0     0     0     0    47     1     1     0
     0     0     0     0     0     1     0     0     0     0     0     0     0     0     2     2     2     0     0     0     0     0     0     0     0    42     1     0
     0     0     0     1     0     0     0     0     0     0     0     0     0     0     0     3     0     0     4     0     0     0     0     1     3     0    36     2
     0     0     0     0     0     0     0     0     0     0     0     0     0     0     1     0     0     1     8     0     0     0     0     0     0     0     0    40


n-fold switching subject simpel sets, 10 knn

full scale accuracy 73.93%
major scale accuracy 81.50%

    32     5     2     1     1     0     1     2     0     0     0     1     0     0     0     0     1     0     1     0     0     0     0     0     0     0     0     3
     5    41     1     0     0     0     0     0     0     0     0     0     0     0     0     0     0     0     0     0     0     0     0     0     0     0     1     2
     0     0    43     3     3     0     0     0     0     0     0     0     0     0     0     0     1     0     0     0     0     0     0     0     0     0     0     0
     0     0    10    30     3     2     0     0     0     0     1     1     0     0     0     0     2     0     0     0     0     0     0     0     0     0     0     1
     0     0     0     1    35     0     5     0     0     0     0     0     0     0     0     0     4     0     1     0     0     0     0     0     0     1     0     3
     0     0     0     0     0    26     0     0     0     0     2     0     0     0     3     5     0     0     0     5     0     1     0     0     0     8     0     0
     0     0     1     0     8     0    25     2     1     0     0     0     0     0     3     1     3     2     0     1     0     0     0     0     0     1     0     2
     0     0     0     0     0     0     2    47     0     0     0     0     0     0     0     0     0     0     1     0     0     0     0     0     0     0     0     0
     1     3     0     0     0     0     0     5    40     0     0     0     0     0     0     0     0     0     0     0     0     0     0     0     1     0     0     0
     0     0     8     3     0     0     0     0     0    22     1    13     0     0     0     0     3     0     0     0     0     0     0     0     0     0     0     0
     0     0     2     1     2     3     0     0     2    13    23     0     0     0     0     0     0     0     0     1     1     0     0     0     0     0     0     2
     0     0     7     0     1     0     0     0     0     1     0    38     0     0     0     0     2     0     0     1     0     0     0     0     0     0     0     0
     0     0     0     0     1     0     0     0     0     0     0     0    38     0     1     4     0     1     0     4     0     0     1     0     0     0     0     0
     0     0     0     0     0     0     0     0     0     0     0     0     5    34     0     0     0     0     0     4     5     0     0     1     1     0     0     0
     0     0     0     0     0     0     0     0     0     0     0     0     0     0    45     1     1     0     0     1     0     1     0     0     0     0     0     1
     0     0     0     0     0     0     0     0     0     0     0     0     0     0     6    40     1     0     0     0     0     0     2     0     0     1     0     0
     0     0     1     0     3     0     0     0     0     0     0     0     0     0     1     0    37     1     0     1     0     2     0     0     0     0     0     4
     0     0     0     0     0     0     0     0     0     0     0     0     0     0     0     0     0    45     0     0     0     2     1     0     0     0     0     2
     0     0     0     0     1     0     0     0     0     0     0     0     0     0     0     1     0     0    40     1     0     0     0     1     0     0     2     4
     0     0     0     0     0     0     0     0     0     0     0     0     0     0     0     0     1     0     0    48     1     0     0     0     0     0     0     0
     0     0     0     0     0     0     0     0     0     0     0     0     0     1     0     0     0     0     0     5    44     0     0     0     0     0     0     0
     0     0     0     0     1     0     1     0     0     0     0     0     0     0     8     3     1     0     1     0     0    20     9     5     0     0     0     1
     0     0     0     0     0     0     0     0     0     0     0     0     0     0     2    11     0     0     0     0     0     2    33     1     0     0     0     1
     0     0     0     0     0     0     0     0     0     0     0     0     0     0     2     1     0     0     0     0     0     0     0    46     0     0     0     1
     0     0     0     0     0     0     0     0     0     0     0     0     0     0     0     0     0     0     1     0     0     0     0     0    47     2     0     0
     0     0     0     0     0     0     0     0     0     0     0     0     0     0     3     1     1     0     0     0     0     0     0     0     0    45     0     0
     1     0     0     1     0     0     0     0     0     0     0     0     0     0     0     3     0     0     3     0     1     0     0     0     2     0    39     0
     0     0     0     0     0     0     0     0     0     0     0     0     0     0     0     0     3     1    14     0     0     0     0     0     0     0     0    32
     

n-fold switching subject simpel sets, SVM TWEAKED, PCA
full scale accuracy  79.7143
major scale accuracy  86.7008
    41     3     0     0     1     0     1     1     0     0     0     0     0     0     0     0     1     0     0     0     0     0     0     0     0     0     1     1
     6    41     0     0     0     0     0     0     0     0     0     0     0     0     0     0     0     0     0     0     0     0     0     0     0     0     1     2
     0     0    44     3     1     0     0     0     0     0     0     1     0     0     0     0     1     0     0     0     0     0     0     0     0     0     0     0
     0     0     6    34     3     1     2     0     0     0     1     1     0     0     0     0     1     0     0     0     0     0     0     0     0     0     0     1
     0     0     0     1    37     1     8     0     0     0     0     0     0     0     0     0     1     0     1     0     0     0     0     0     0     0     0     1
     0     0     0     0     0    35     1     0     0     0     1     0     2     0     3     1     0     0     0     1     0     0     1     0     0     5     0     0
     0     0     1     0     7     3    29     0     0     0     0     0     0     0     0     1     4     0     0     0     0     1     2     0     0     1     0     1
     1     0     0     0     0     0     0    47     2     0     0     0     0     0     0     0     0     0     0     0     0     0     0     0     0     0     0     0
     1     7     0     0     0     0     0     3    39     0     0     0     0     0     0     0     0     0     0     0     0     0     0     0     0     0     0     0
     0     0     6     1     0     0     0     0     0    29     1    11     0     0     0     0     1     0     0     0     0     0     0     0     0     0     0     1
     1     2     0     1     0     5     1     0     0    11    28     0     0     0     0     0     0     0     0     0     0     0     0     0     0     1     0     0
     0     0     0     1     1     0     0     0     0     2     0    44     0     0     0     0     2     0     0     0     0     0     0     0     0     0     0     0
     0     0     0     0     0     0     0     0     0     0     0     0    48     0     1     0     0     1     0     0     0     0     0     0     0     0     0     0
     0     0     0     0     0     0     0     0     0     0     0     0     5    39     0     0     0     0     0     0     6     0     0     0     0     0     0     0
     0     0     0     0     0     0     0     0     0     0     0     0     0     0    41     6     1     0     0     0     0     1     0     0     0     0     0     1
     0     0     0     0     0     0     1     0     0     0     0     0     0     0     6    38     0     0     1     0     0     0     4     0     0     0     0     0
     0     0     1     0     1     0     2     0     0     0     1     0     0     0     1     0    41     0     0     0     0     3     0     0     0     0     0     0
     0     0     0     0     1     0     0     0     0     1     0     0     0     0     0     0     1    44     0     0     0     1     2     0     0     0     0     0
     4     0     0     0     1     0     0     0     0     0     0     0     0     0     0     0     1     0    34     1     0     0     1     1     0     0     1     6
     0     0     0     0     0     0     0     0     0     0     0     0     1     0     0     0     2     0     0    46     1     0     0     0     0     0     0     0
     0     0     0     0     0     0     0     0     0     0     0     0     0     3     0     0     0     0     0     3    44     0     0     0     0     0     0     0
     0     0     0     0     1     0     0     0     0     0     0     0     1     0     2     1     0     0     1     0     0    29    12     2     0     0     0     1
     0     0     0     0     0     0     0     0     0     0     0     0     0     0     1     2     0     1     0     0     0     3    42     0     0     0     0     1
     0     0     0     0     0     0     1     0     0     0     0     0     0     0     0     0     0     0     0     0     0     0     0    48     0     0     0     1
     0     0     0     0     0     0     0     0     0     0     0     0     1     0     0     0     0     0     0     0     0     0     0     0    44     3     2     0
     0     0     0     0     0     1     0     0     0     0     0     0     1     0     1     0     2     0     0     0     0     0     0     0     0    43     2     0
     0     0     0     0     0     0     0     0     1     0     0     0     0     1     0     2     0     0     2     0     0     0     0     0     2     1    41     0
     1     0     0     0     1     0     0     0     0     0     0     0     0     0     0     0     1     0     1     0     0     0     0     0     0     0     0    46
     
n-fold switching subject full sets, 2 knn
full scale accuracy 63.96%
major scale accuracy 74.73%

    43    10     3     2     0     0     2     3     0     0     1     0     1     0     0     0     2     0     5     0     0     0     0     1     0     1     0     3
    11    55     1     0     1     0     1     2     2     0     0     0     1     0     0     0     1     0     0     0     0     0     0     0     0     0     1     1
     0     0    57     7     3     0     2     1     0     0     0     2     1     0     0     1     2     0     0     0     0     0     0     0     0     0     0     1
     0     0    17    41     1     2     0     0     0     0     4     2     1     0     0     0     3     1     0     2     0     0     0     1     0     1     0     1
     0     0     3     0    43     1    11     1     0     1     0     2     1     0     1     0     4     0     2     0     1     0     1     0     0     1     1     3
     1     2     0     1     0    40     1     1     0     0     6     0     0     0     6     2     0     0     0     4     0     1     1     0     0     5     3     3
     1     0     0     2     9     1    35     1     0     1     2     1     0     1     4     1     8     2     1     0     0     0     0     0     0     2     1     4
     1     0     0     1     0     2     2    62     3     0     0     0     2     0     0     0     2     0     2     0     0     0     0     0     0     0     0     0
     1     3     0     0     1     0     0     9    59     0     1     0     0     0     1     0     0     0     0     0     0     0     0     0     1     0     1     0
     1     1     5     3     1     0     0     0     0    39     8    13     0     0     0     0     2     0     0     0     0     0     0     0     0     3     0     1
     1     0     0     5     3     5     1     0     1    13    35     1     1     1     0     0     4     0     0     1     1     0     0     0     0     1     1     2
     1     0     4     6     1     0     1     0     0     5     1    51     0     0     0     1     3     0     1     0     0     0     0     0     0     1     0     1
     1     0     0     0     2     1     1     3     0     0     0     0    53     0     1     3     0     1     0     7     1     0     0     1     0     1     1     0
     0     0     0     0     1     1     0     1     0     0     1     0     4    53     2     0     0     0     0     4     6     0     0     2     1     0     1     0
     0     0     0     0     1     0     1     1     0     0     2     0     0     1    57     5     1     0     1     1     0     3     1     0     0     1     0     1
     1     0     1     0     0     0     0     0     0     0     0     0     0     0    15    49     2     0     1     1     0     1     2     0     1     0     2     1
     0     0     1     2     6     0     1     2     0     0     3     4     1     1     5     0    36     1     2     1     0     2     0     1     0     1     0     7
     0     0     0     1     0     0     0     0     0     0     0     0     1     0     1     0     0    61     5     0     0     2     3     0     0     0     0     3
     0     0     0     0     3     0     0     1     0     0     0     0     0     0     0     0     5     1    55     1     0     1     0     2     0     2     2     4
     1     0     0     2     0     1     0     0     0     0     1     0     1     0     0     2     1     0     3    62     3     0     0     0     0     0     0     0
     0     0     0     0     1     1     0     0     0     0     0     0     0     1     0     1     1     0     0     9    63     0     0     0     0     0     0     0
     0     0     1     0     1     1     1     0     0     0     1     0     1     1    15     6     3     0     0     0     0    25    15     5     0     0     0     1
     0     0     0     0     0     0     1     1     0     0     0     0     2     0     1    14     0     0     0     0     0     9    47     0     0     0     0     2
     0     0     0     2     0     0     0     0     0     0     0     0     2     0     7     2     2     0     1     1     0     2     0    55     0     1     1     1
     0     0     0     0     0     0     0     0     0     0     0     0     1     0     0     0     0     0     2     1     0     0     0     0    65     1     6     1
     0     0     1     1     1     4     2     0     0     0     3     0     0     0     5     2     3     0     2     0     0     0     0     1     1    47     3     1
     2     0     0     0     0     0     1     1     0     0     0     0     1     0     1     4     1     0     7     0     0     0     0     0     6     0    45     8
     2     0     2     1     0     0     0     0     0     0     0     3     1     0     1     0     3     2    11     0     0     0     0     0     1     1     3    46

>> 

n-fold switching subject full sets, 5 knn
full scale accuracy 66.98%
major scale accuracy 76.32%


    47     9     2     2     2     0     2     1     0     0     0     0     0     0     0     1     2     0     4     0     0     0     0     0     0     0     0     5
     5    60     1     0     1     0     0     2     2     0     0     0     0     0     0     1     1     0     1     0     0     0     0     0     0     0     2     1
     0     0    57     7     4     0     1     1     0     0     0     2     0     0     0     1     1     0     0     0     0     1     1     0     0     0     0     1
     0     0    17    46     2     4     0     0     0     0     2     1     1     0     0     0     2     0     0     1     0     0     0     0     0     0     0     1
     0     0     1     1    52     1     7     1     0     0     0     0     1     0     0     0     4     0     1     0     0     0     0     0     0     1     2     5
     0     2     0     0     1    43     0     1     0     0     3     0     0     0     4     3     1     0     0     4     0     1     0     0     1    11     0     2
     1     0     0     2    12     0    33     4     0     1     1     0     0     1     3     1    10     2     1     0     0     0     0     0     0     2     0     3
     1     0     1     0     0     0     2    65     2     0     0     0     2     0     0     1     1     0     2     0     0     0     0     0     0     0     0     0
     1     4     0     0     1     0     0     9    59     0     0     0     0     1     0     1     0     0     0     0     0     0     0     0     1     0     0     0
     0     1     6     4     1     0     0     0     0    36     3    19     0     0     1     0     2     0     0     0     0     0     0     0     0     3     0     1
     0     0     1     6     5     4     0     1     2    13    34     0     1     1     0     0     3     2     0     0     0     0     0     0     0     1     1     2
     0     0    11     4     1     0     0     0     0     5     1    47     0     0     0     1     5     0     0     0     0     0     0     0     0     0     0     2
     1     0     0     0     3     1     1     2     0     0     0     0    53     0     1     4     0     1     0     8     0     0     1     0     0     0     0     1
     0     0     0     0     1     0     0     1     0     1     1     0     3    56     1     0     1     0     1     3     5     0     0     2     0     0     1     0
     0     0     0     0     1     0     0     1     0     0     1     0     0     1    60     5     2     0     1     1     0     1     0     0     0     0     0     3
     0     0     1     0     0     0     0     0     0     0     0     0     0     0    12    53     1     0     0     2     0     0     5     0     0     0     1     2
     0     0     2     1     3     0     1     0     0     0     1     3     1     0     5     0    41     1     3     2     0     2     0     1     0     3     0     7
     0     0     0     1     0     0     0     0     0     0     0     0     1     0     1     0     0    63     3     0     0     2     1     0     0     0     1     4
     0     0     0     0     3     0     1     2     0     0     0     0     0     0     0     0     1     0    62     1     0     0     0     1     0     1     1     4
     1     0     1     0     0     2     0     0     0     0     1     0     0     0     0     2     1     0     0    66     3     0     0     0     0     0     0     0
     0     0     0     0     1     1     0     0     0     0     0     0     0     1     0     1     1     0     0     9    63     0     0     0     0     0     0     0
     0     0     1     0     2     0     1     1     0     0     0     0     1     0    16     5     2     0     0     1     0    27    14     4     0     0     0     2
     0     0     0     0     0     0     0     1     0     0     0     0     1     0     3    14     0     1     0     0     0     6    50     0     0     0     0     1
     0     0     0     2     0     0     0     0     0     0     0     0     2     0     5     4     0     0     4     1     0     2     0    54     0     1     1     1
     0     0     0     1     1     0     0     0     0     0     0     0     0     0     0     0     0     0     2     1     0     0     0     0    65     1     6     0
     0     0     0     0     2     0     1     1     0     1     1     0     0     0     3     2     3     0     2     1     0     0     0     1     2    53     2     2
     0     0     0     0     0     0     0     1     0     0     0     0     1     0     0     4     1     0     8     0     1     0     0     1     4     0    49     7
     0     0     0     0     1     0     0     0     0     0     0     0     1     0     1     0     5     3    12     0     0     0     0     0     1     1     2    50
     
     
     
     n-fold switching subject full sets, 10 knn
     full scale accuracy 67.30%
major scale accuracy 76.55%

confusion =

    42    10     3     2     2     0     1     3     0     0     0     1     0     0     1     0     2     0     4     0     0     0     0     0     0     0     0     6
     6    57     1     0     1     0     0     0     2     0     0     0     0     0     0     1     0     0     3     0     0     0     0     1     0     0     2     3
     0     0    60     5     4     0     0     1     0     0     0     1     0     0     0     1     1     0     0     0     0     1     1     0     0     1     0     1
     0     0    13    50     3     3     0     0     0     0     2     1     1     0     0     0     3     0     0     0     0     0     0     0     0     0     0     1
     0     0     0     1    55     0     6     1     0     0     0     0     0     0     0     0     5     0     1     0     0     1     0     0     0     2     1     4
     0     1     0     1     3    36     0     0     0     0     6     0     0     0     4     5     0     0     0     6     0     1     0     0     0    13     0     1
     0     0     1     0    16     0    33     4     1     0     0     0     0     0     4     1     9     2     0     1     0     0     0     0     0     2     0     3
     0     0     1     1     0     0     2    66     2     0     1     0     0     0     0     1     0     0     2     0     0     1     0     0     0     0     0     0
     1     7     0     0     1     0     0     7    57     0     0     0     0     1     1     0     0     0     0     0     0     0     0     0     2     0     0     0
     0     0     8     4     1     0     0     0     0    35     3    18     0     0     0     0     4     1     0     0     0     0     0     0     0     3     0     0
     0     0     3     4     4     6     2     2     2    13    34     0     0     0     0     0     1     0     0     1     1     0     0     0     0     1     1     2
     0     0     9     5     1     0     0     0     0     4     0    49     0     0     1     0     4     0     0     2     0     0     0     0     0     0     0     2
     0     0     1     0     2     1     2     0     0     0     0     0    53     1     1     4     0     1     0     7     0     0     1     0     1     1     0     1
     0     0     0     0     1     1     0     1     0     0     1     0     5    52     0     0     2     0     0     4     5     0     0     2     1     0     2     0
     0     0     0     1     3     0     1     0     0     0     0     0     0     0    62     4     2     0     1     1     0     1     0     0     0     0     0     1
     0     0     1     0     0     0     0     0     0     0     0     0     0     0     7    60     1     0     0     2     0     0     4     0     0     1     0     1
     0     0     1     2     5     0     0     0     0     0     1     1     0     0     2     2    45     1     2     1     0     2     0     0     0     2     1     9
     0     0     0     1     0     0     0     0     0     0     0     0     0     0     0     0     1    63     5     0     0     2     1     0     0     0     0     4
     0     0     0     0     2     0     0     1     0     0     0     0     0     0     0     1     1     0    62     1     0     0     0     1     0     1     2     5
     1     0     1     0     0     2     0     0     0     0     0     0     0     0     0     2     1     0     0    69     1     0     0     0     0     0     0     0
     0     0     0     0     0     2     0     0     0     0     0     0     0     1     0     1     0     0     0    11    62     0     0     0     0     0     0     0
     0     0     0     1     1     0     2     1     0     0     0     0     0     0    19     6     3     0     1     0     0    24    12     6     0     0     0     1
     0     0     0     0     0     0     0     1     0     0     0     0     0     0     3    16     0     1     0     0     0     6    47     1     0     0     0     2
     0     0     0     1     0     0     0     0     0     0     0     0     0     0     5     3     1     0     1     1     0     0     0    61     0     2     1     1
     0     0     0     1     1     0     0     0     0     0     0     0     0     0     0     1     0     0     3     0     0     0     0     0    66     2     3     0
     0     0     1     1     2     0     1     0     0     0     0     0     0     0     4     1     1     0     3     1     0     0     0     0     2    55     0     5
     1     0     0     1     1     0     0     1     0     0     1     0     0     0     0     4     0     0     8     0     1     0     0     0     3     0    51     5
     0     0     0     0     1     0     0     0     0     0     1     0     0     0     0     0     6     2    18     0     0     0     0     0     1     1     2    45

>> 

     n-fold switching subject full sets, 5 knn, PCA
full scale accuracy 65.31%
major scale accuracy 76.00%

confusion =

    41    11     2     3     0     0     2     2     0     0     1     1     1     0     0     0     2     0     5     0     0     0     0     1     0     1     0     4
     8    59     1     0     1     0     0     1     2     0     0     0     1     0     0     0     1     0     0     0     0     0     0     0     0     0     2     1
     0     0    55     8     5     0     1     1     0     0     0     2     1     0     0     1     1     0     0     0     0     0     1     0     0     0     0     1
     0     0    18    42     0     2     1     0     0     0     4     2     1     0     0     0     2     1     0     1     0     0     0     1     0     1     0     1
     0     0     2     1    50     1     9     0     0     0     0     2     1     0     1     0     4     0     1     0     1     0     1     0     0     0     1     2
     1     2     0     1     0    41     1     1     0     0     5     0     0     0     6     3     0     0     0     4     0     1     0     0     0     6     2     3
     1     0     0     2    10     2    36     3     0     1     1     1     0     1     4     0     8     0     1     0     0     0     0     0     0     2     1     3
     1     0     1     1     0     1     1    66     1     0     0     0     2     0     0     1     1     0     0     0     0     0     0     0     0     0     1     0
     1     4     0     0     1     0     0     8    58     0     1     0     0     1     1     0     0     0     0     0     0     0     0     0     1     0     1     0
     1     1     6     3     1     0     0     0     0    40     6    14     0     0     0     0     1     0     0     0     0     0     0     0     0     3     0     1
     0     0     0     5     2     7     1     0     2    15    32     0     1     1     2     0     4     0     0     0     1     0     0     0     0     0     1     3
     1     0     5     6     1     0     0     0     0     6     1    49     0     0     0     1     4     0     0     0     0     0     0     0     0     0     1     2
     1     0     0     0     1     1     1     2     0     0     0     0    53     1     0     3     0     1     0     7     1     1     0     1     1     0     1     1
     0     0     0     0     1     2     0     1     0     0     0     0     7    53     2     0     0     0     0     3     6     0     0     0     1     0     1     0
     0     0     0     0     1     0     0     0     0     0     1     0     0     1    59     5     1     0     1     1     0     2     0     0     0     1     0     4
     0     0     1     0     0     0     0     0     0     0     0     0     0     0    12    51     1     0     1     2     0     0     5     0     0     0     2     2
     0     0     0     1     5     0     1     2     0     0     3     5     1     1     5     0    38     1     1     1     0     1     0     1     0     0     0    10
     0     0     0     1     0     0     0     0     0     0     0     0     1     0     1     0     0    62     4     0     0     2     1     0     0     0     1     4
     0     0     0     0     3     0     0     1     0     0     0     0     0     0     0     0     5     1    55     1     0     1     0     1     0     2     0     7
     1     0     1     1     0     1     0     0     0     0     1     0     0     0     0     2     1     0     1    66     2     0     0     0     0     0     0     0
     0     0     0     0     1     1     0     0     0     0     0     0     0     1     0     0     1     0     0    10    62     1     0     0     0     0     0     0
     0     0     1     0     2     0     1     0     0     0     1     0     1     1    16     5     2     0     1     0     0    24    15     6     0     0     0     1
     0     0     0     0     0     0     0     1     0     0     0     0     2     0     2    15     0     0     0     0     0     6    49     0     0     0     0     2
     0     0     0     2     0     0     0     0     1     0     0     0     2     0     5     5     1     0     2     1     0     0     0    54     0     1     2     1
     0     0     0     0     0     0     0     0     0     0     0     0     1     0     0     0     0     0     2     0     0     0     0     0    68     1     4     1
     0     0     1     0     2     2     1     1     0     0     4     0     0     0     3     2     4     0     2     0     0     0     0     1     2    49     3     0
     1     0     0     0     0     0     1     1     0     0     0     0     1     0     1     4     1     0     6     0     1     0     0     0     3     0    50     7
     1     0     2     0     0     0     0     0     0     0     0     0     1     0     1     0     5     2    13     0     0     0     0     0     1     2     3    46

n-fold switching subject full sets, SVM, PCA - untweaked
full scale accuracy  64.0538
major scale accuracy  74.4238

    50     3     0     1     1     0     1     0     0     0     0     5     0     0     0     0     0     0     9     0     0     1     0     2     0     0     1     3
    15    47     0     0     1     1     0     0     4     1     0     0     0     0     0     0     0     0     3     0     0     0     0     1     0     0     2     2
     0     0    53    10     1     0     0     0     0     0     2     4     0     0     0     0     3     0     0     0     0     1     0     1     0     0     0     2
     0     0    11    50     7     2     1     1     0     0     1     2     0     0     0     0     1     0     0     0     0     0     0     0     0     0     0     1
     1     0     0     1    56     2     9     0     0     0     0     0     0     0     0     0     3     1     2     0     0     0     0     0     0     0     0     2
     1     0     0     0     3    41     4     0     0     0     3     0     1     0     3     5     1     0     0     1     0     0     1     0     1    12     0     0
     0     0     0     1    15     1    40     1     0     0     0     0     0     0     0     1    13     0     1     0     0     1     0     0     0     3     0     0
     7     2     0     2     0     0     4    50     4     0     2     0     2     0     0     0     0     0     1     0     0     0     0     0     0     1     0     2
     4    11     0     0     1     1     1     4    50     0     0     0     0     0     0     0     0     0     0     1     0     0     0     1     0     0     2     1
     0     0     8     5     1     0     1     0     0    34     9    15     0     0     0     0     1     0     0     0     0     0     0     0     0     3     0     0
     4     3     0     6     3     7     2     0     0     9    32     0     0     0     0     0     4     1     0     0     0     0     0     0     0     3     1     2
     0     0     8     3     1     1     0     0     0     4     1    49     0     0     0     0     5     0     1     0     0     1     0     0     0     0     0     3
     0     0     0     0     0     2     5     0     0     0     2     0    63     0     0     1     1     1     0     0     0     1     0     0     0     0     1     0
     0     0     0     0     1     3     0     1     0     0     1     0    11    52     0     0     1     0     0     3     3     0     0     0     0     0     0     1
     0     0     0     1     3     0     1     0     0     0     0     0     0     0    58     7     3     0     1     0     0     1     0     0     0     2     0     0
     0     0     1     0     1     0     0     0     0     0     0     0     1     0    10    55     3     0     1     1     0     0     4     0     0     0     0     0
     2     0     0     0     4     0     4     0     0     0     1     3     1     0     2     0    42     1     7     2     0     1     0     1     0     3     1     2
     0     0     0     1     1     0     0     0     0     0     1     0     0     0     0     0     1    65     2     1     0     0     3     0     0     0     0     2
     3     0     0     0     4     1     0     0     0     0     0     0     0     0     0     0     3     1    56     0     1     0     0     1     0     0     1     6
     1     0     0     0     1     2     1     0     0     0     0     0     3     0     0     3     2     0     1    60     2     1     0     0     0     0     0     0
     0     0     0     0     1     2     1     0     0     0     0     0     0     4     0     0     2     0     0     8    59     0     0     0     0     0     0     0
     0     0     0     1     4     1     0     0     0     0     0     0     2     0    11     5     2     2     1     0     0    33    10     2     0     2     0     1
     0     0     0     0     1     2     0     0     0     0     1     0     0     0     4    11     0     7     1     0     0    12    38     0     0     0     0     0
     0     0     0     0     0     0     1     0     0     0     3     0     2     0     3     0     1     0     5     0     0     2     2    58     0     0     0     0
     1     0     0     0     0     1     0     0     0     0     1     0     0     1     0     2     1     0     2     0     0     0     0     0    54     6     7     1
     1     0     0     0     5     0     0     0     0     0     1     1     2     0     1     1     7     0     2     0     0     0     0     0     1    54     1     0
     0     1     0     0     1     0     0     1     0     0     3     0     1     1     0     6     1     0     9     0     0     0     0     0     2     2    47     2
     0     0     0     0     5     0     0     0     0     0     2     0     0     0     0     0     5     2    27     0     0     0     0     0     0     0     1    35

n-fold switching subject full sets, SVM, PCA - tweaked
full scale accuracy 73.38%
major scale accuracy 81.44%

    59     5     0     0     1     0     1     1     0     0     0     1     0     0     0     0     1     0     2     0     0     1     1     1     0     0     1     2
    11    56     0     0     1     0     0     0     2     0     1     0     0     0     0     0     0     0     1     0     0     0     0     1     0     1     1     2
     0     0    60     7     1     0     0     0     0     0     3     1     0     0     0     0     1     0     0     0     0     1     0     1     0     0     0     2
     0     0    10    53     5     1     2     0     0     0     3     1     0     0     0     0     1     0     0     0     0     0     0     0     0     0     0     1
     0     0     0     2    53     2    12     0     0     0     1     0     0     0     1     0     1     1     1     0     0     0     0     1     0     0     0     2
     0     0     0     1     3    52     3     0     0     0     4     0     2     0     3     1     0     0     0     1     0     0     1     0     0     5     0     1
     0     0     1     2    13     3    43     1     0     0     0     0     0     1     0     1     5     0     0     0     0     1     2     0     0     2     0     2
     2     0     0     0     0     1     1    66     4     0     2     0     0     0     0     0     0     0     0     0     0     0     0     0     0     0     0     1
     1     7     0     0     1     0     1     4    60     0     1     0     0     0     0     0     0     0     0     0     0     0     0     1     1     0     0     0
     0     0     6     2     1     1     1     0     0    43     6    13     0     0     0     0     1     0     0     0     0     0     0     0     0     2     0     1
     2     2     0     3     0    10     3     1     0    11    42     0     0     0     0     0     1     0     0     0     0     0     0     0     0     1     1     0
     0     0     1     4     1     1     0     0     0     5     2    56     0     0     0     0     3     0     0     0     0     1     0     0     0     0     0     3
     1     0     0     0     0     2     3     1     0     0     2     0    64     2     1     0     0     1     0     0     0     0     0     0     0     0     0     0
     0     0     0     0     0     3     2     1     0     0     1     0     5    58     0     0     1     0     0     0     6     0     0     0     0     0     0     0
     0     0     0     0     2     0     2     1     0     0     0     0     0     0    61     7     1     0     1     0     0     1     0     0     0     0     0     1
     0     0     1     0     1     0     2     0     0     0     0     0     0     1     7    59     0     0     1     0     0     0     5     0     0     0     0     0
     0     0     1     1     4     0     3     0     0     0     2     1     0     0     2     0    51     0     2     0     0     3     0     2     0     0     1     4
     0     0     0     0     1     0     0     0     0     2     0     0     0     0     0     0     2    65     0     0     0     2     2     0     0     0     1     2
     4     0     0     0     4     0     0     1     1     0     1     0     0     0     0     0     1     1    50     1     0     0     1     2     0     0     1     9
     0     0     0     0     1     1     1     1     0     0     0     0     1     0     0     1     3     0     0    66     1     1     0     0     0     0     0     0
     0     0     0     0     1     1     1     0     0     0     2     0     0     3     0     0     0     0     0     6    63     0     0     0     0     0     0     0
     0     0     0     2     2     0     0     0     0     0     1     0     1     0     4     3     4     0     1     0     0    42    14     2     0     0     0     1
     0     0     0     0     1     1     1     0     0     0     2     0     0     0     2     3     0     2     0     0     0     7    57     0     0     0     0     1
     0     0     0     1     0     0     1     0     0     0     2     0     1     0     1     0     1     0     1     0     0     0     0    68     0     0     0     1
     0     0     0     0     1     0     0     0     0     0     1     0     1     0     0     1     0     0     0     0     0     0     0     0    63     4     6     0
     0     0     1     1     3     1     1     1     0     1     1     0     2     0     1     0     6     0     0     0     0     0     0     0     1    54     2     1
     0     0     0     0     1     0     0     1     1     0     2     0     1     1     0     2     1     0     5     0     0     0     0     0     2     1    55     4
     1     0     0     0     1     0     0     0     0     0     1     0     0     0     0     0     3     2     2     0     0     0     0     1     1     1     1    63

>> 


train simple, test complex, knn5
full scale accuracy 58.57%
major scale accuracy 72.78%

     8     2     0     1     0     0     0     0     0     0     0     0     0     0     0     0     0     0     2     0     0     0     0     0     0     0     0     2
     2     8     0     0     1     0     0     1     3     0     0     0     0     0     0     0     0     0     0     0     0     0     0     0     0     0     0     0
     0     0    13     1     0     0     0     0     0     0     0     1     0     0     0     0     0     0     0     0     0     0     0     0     0     0     0     0
     0     0     4    11     0     0     0     0     0     0     0     0     0     0     0     0     0     0     0     0     0     0     0     0     0     0     0     0
     0     0     0     0    14     0     0     0     0     0     0     0     0     0     0     0     0     0     0     0     0     0     0     0     0     0     0     1
     0     0     0     0     0     2     0     0     0     0     2     1     0     0     0     0     0     0     1     0     0     0     0     0     1     7     1     0
     0     0     0     0     6     0     5     1     0     0     0     0     0     0     0     0     2     0     0     0     0     0     0     0     0     0     0     1
     0     0     1     0     0     0     0    12     1     0     0     0     0     0     0     0     0     0     0     0     0     0     0     0     0     0     0     1
     0     2     0     0     2     0     0     2     8     0     0     0     0     1     0     0     0     0     0     0     0     0     0     0     0     0     0     0
     0     1     0     0     0     0     0     0     0    10     2     2     0     0     0     0     0     0     0     0     0     0     0     0     0     0     0     0
     1     0     0     4     0     1     0     1     0     0     6     0     0     0     0     0     0     0     0     1     0     0     0     0     0     0     1     0
     0     0     2     0     0     0     0     0     0     2     1     9     0     0     0     0     0     0     0     0     0     0     1     0     0     0     0     0
     0     0     0     0     2     0     1     1     0     0     0     0     9     1     0     1     0     0     0     0     0     0     0     0     0     0     0     0
     1     0     0     0     2     0     0     0     0     0     0     0     1    10     0     0     0     0     0     0     0     0     0     0     0     0     1     0
     0     0     0     0     1     0     0     0     0     0     0     0     0     0    10     3     1     0     0     0     0     0     0     0     0     0     0     0
     0     0     0     0     0     0     0     0     0     0     0     0     0     0     0    14     0     0     0     0     0     0     0     0     0     1     0     0
     0     0     0     0     2     0     1     0     0     0     0     2     0     0     0     1     4     0     0     0     0     0     0     0     0     0     0     5
     0     0     0     0     0     0     0     0     0     0     0     0     0     0     0     0     0    10     1     0     0     0     0     0     0     0     0     4
     0     0     0     0     2     0     2     0     0     0     0     0     0     0     0     0     0     0     5     0     0     0     0     0     0     0     1     5
     0     0     0     0     1     0     0     0     0     0     0     0     0     0     1     2     0     0     0    11     0     0     0     0     0     0     0     0
     0     0     0     0     0     0     0     0     0     0     0     0     0     0     1     0     1     0     0     2    10     0     0     0     0     0     0     1
     0     0     0     0     0     0     1     0     0     0     0     0     0     0     4     1     2     0     0     0     0     5     2     0     0     0     0     0
     0     0     0     0     0     1     0     0     0     0     0     0     0     0     1     3     0     0     0     0     0     4     6     0     0     0     0     0
     0     0     0     0     0     0     0     0     0     0     0     0     0     0     2     1     1     0     1     0     0     0     0    10     0     0     0     0
     0     0     0     0     0     0     0     0     0     0     0     0     0     0     0     1     0     0     1     0     0     0     0     0     9     0     4     0
     0     0     0     0     0     0     1     0     0     0     0     0     0     0     0     0     0     0     0     0     0     0     0     0     2     6     2     4
     0     0     0     0     0     0     0     0     0     0     0     0     0     0     0     0     0     0     4     0     0     0     0     0     1     0     7     3
     0     0     0     0     0     0     0     0     0     0     0     0     0     0     0     0     0     0     1     0     0     0     0     0     0     0     0    14

train simple, test impossible, knn5
full scale accuracy 44.05%
major scale accuracy 54.65%

     3     1     1     0     0     0     0     0     0     0     0     0     0     0     0     2     0     0     0     0     0     0     0     2     0     0     0     3
     0     7     0     0     1     0     0     0     0     0     0     0     0     0     0     1     0     0     0     0     0     0     0     1     0     0     1     1
     0     0     3     1     2     0     0     0     0     0     0     1     0     0     1     0     1     0     0     0     0     1     1     0     0     0     0     1
     0     0     0     9     0     0     0     0     0     0     1     0     0     0     0     0     0     0     0     0     0     1     0     0     0     0     0     1
     0     0     0     0     7     0     0     1     0     0     0     0     0     0     1     0     1     0     0     0     0     1     0     0     0     0     0     1
     1     0     0     0     3     1     1     0     0     0     0     0     0     0     1     0     1     0     0     2     0     0     0     0     0     0     0     2
     1     0     0     0     4     0     3     1     0     0     0     0     0     0     1     0     1     0     0     0     0     0     0     0     0     0     0     1
     0     0     0     0     0     0     1     7     1     0     1     0     0     0     0     1     0     0     0     0     0     1     0     0     0     0     0     0
     0     0     0     0     1     0     0     0     9     0     0     0     0     0     0     1     0     0     0     0     0     0     0     0     1     0     0     0
     0     0     0     0     0     0     0     0     0     3     0     3     0     0     1     0     1     1     0     0     0     0     0     0     0     2     0     1
     0     0     0     1     1     1     2     0     0     0     4     0     0     0     1     0     2     0     0     0     0     0     0     0     0     0     0     0
     0     0     1     2     0     0     0     0     0     1     0     2     0     0     0     1     1     0     1     0     0     0     0     0     0     0     0     3
     0     0     0     0     1     1     2     0     0     0     1     0     3     1     0     0     0     0     0     2     0     0     0     0     0     0     0     1
     0     0     0     0     0     0     0     1     0     0     1     0     1     6     0     0     2     0     0     1     0     0     0     0     0     0     0     0
     0     0     0     0     2     0     1     1     0     0     0     0     0     0     6     1     0     0     1     0     0     0     0     0     0     0     0     0
     0     0     1     0     0     0     0     0     0     0     0     0     0     0     0     8     0     0     0     2     0     0     0     0     0     0     0     1
     0     0     0     0     0     0     0     0     0     0     1     0     0     0     1     1     4     0     0     0     0     0     0     0     0     0     1     4
     0     0     0     1     1     0     0     0     0     0     0     0     0     0     0     0     1     7     1     0     0     0     0     0     0     0     1     0
     0     0     0     0     0     1     0     1     0     0     0     0     0     0     0     0     0     0     9     0     0     0     0     0     0     0     0     1
     0     0     0     0     0     0     0     0     0     0     0     0     0     0     0     0     1     0     1     9     0     0     0     0     0     0     1     0
     0     0     0     0     0     1     0     0     0     0     0     0     0     0     0     0     0     0     0     2     9     0     0     0     0     0     0     0
     0     0     0     0     1     0     0     0     0     0     0     0     0     0     3     3     2     0     0     0     0     1     0     1     0     1     0     0
     0     0     0     1     0     0     1     0     0     0     0     0     0     0     0     1     0     1     0     1     0     1     6     0     0     0     0     0
     0     0     0     0     0     0     0     0     0     0     1     0     0     0     0     3     1     0     1     1     0     0     0     4     0     0     1     0
     0     0     0     0     1     0     0     0     0     0     0     0     0     0     0     0     0     0     1     0     0     1     0     0     7     0     1     1
     0     0     0     0     2     0     1     1     0     0     0     0     0     0     0     0     0     0     2     1     0     0     0     0     0     2     1     2
     0     0     0     0     2     0     0     1     0     0     1     0     0     0     0     1     0     0     0     0     0     0     0     0     0     0     4     3
     0     0     0     0     1     0     0     0     0     0     1     0     0     0     0     0     1     1     1     0     0     0     0     0     1     0     1     5


train simple, test complex, knn5 + PCA
full scale accuracy 57.62%
major scale accuracy 72.17%

     5     5     0     1     0     0     0     0     0     0     0     0     0     0     0     0     0     0     2     0     0     0     0     1     0     0     0     1
     2     6     0     0     2     0     0     1     4     0     0     0     0     0     0     0     0     0     0     0     0     0     0     0     0     0     0     0
     0     0    11     3     0     0     0     0     0     0     0     1     0     0     0     0     0     0     0     0     0     0     0     0     0     0     0     0
     0     0     3    12     0     0     0     0     0     0     0     0     0     0     0     0     0     0     0     0     0     0     0     0     0     0     0     0
     0     0     0     0    12     0     0     0     0     0     0     0     0     0     0     0     0     0     0     0     0     0     0     0     0     0     0     3
     1     0     0     0     0     5     0     0     0     0     2     0     0     0     0     0     0     0     0     1     0     0     0     0     0     4     1     1
     0     0     0     0     2     0     7     1     0     0     0     0     0     0     0     0     2     0     0     0     0     0     0     0     0     0     1     2
     0     0     1     0     0     0     0    12     1     0     0     0     0     0     0     0     0     0     0     0     0     0     0     0     0     0     0     1
     0     2     0     0     2     0     0     2     8     0     0     0     0     1     0     0     0     0     0     0     0     0     0     0     0     0     0     0
     0     1     0     0     0     0     0     0     0    10     2     2     0     0     0     0     0     0     0     0     0     0     0     0     0     0     0     0
     0     0     0     4     0     1     0     0     1     0     6     0     0     0     0     0     1     0     0     1     0     0     0     0     0     0     1     0
     0     0     1     2     0     0     0     0     0     2     1     8     0     0     0     0     0     0     0     0     0     0     1     0     0     0     0     0
     0     0     0     0     1     0     1     1     0     0     0     0    10     0     0     1     0     1     0     0     0     0     0     0     0     0     0     0
     1     0     0     0     1     0     0     0     0     0     0     0     0    10     0     0     0     0     0     0     1     0     0     0     0     0     1     1
     0     0     0     0     1     0     0     0     0     0     0     0     0     0     9     3     1     0     0     0     0     0     0     0     0     1     0     0
     0     0     0     0     0     0     0     0     0     0     0     0     0     0     2    12     0     0     0     0     0     0     0     0     0     0     1     0
     0     0     0     0     4     0     1     0     0     0     0     2     0     0     0     1     2     0     0     0     0     0     0     0     0     0     0     5
     0     0     0     0     0     0     0     0     0     0     0     0     0     0     0     0     0    10     1     0     0     0     0     0     0     0     0     4
     0     0     0     0     3     0     1     0     0     0     0     0     0     0     0     0     0     0     7     0     0     0     0     0     0     0     1     3
     0     0     0     0     1     0     0     0     0     0     0     0     0     0     1     1     1     0     0    11     0     0     0     0     0     0     0     0
     0     0     0     0     0     0     0     0     0     0     0     0     0     0     1     0     1     0     0     1    11     0     0     0     0     0     0     1
     0     0     0     0     0     0     1     0     0     0     0     0     0     0     3     1     2     1     0     0     0     6     1     0     0     0     0     0
     0     0     0     0     0     1     1     0     0     0     0     0     0     0     1     2     0     0     0     0     0     3     7     0     0     0     0     0
     0     0     0     0     0     0     0     0     0     0     0     0     0     0     1     2     1     0     1     0     0     0     0    10     0     0     0     0
     0     0     0     0     0     0     0     0     0     0     0     0     0     0     0     1     0     0     1     0     0     0     0     0     9     0     4     0
     0     0     0     0     0     0     0     0     0     0     0     0     0     0     1     0     0     0     0     0     0     0     0     0     2     6     2     4
     0     0     0     0     0     0     0     0     0     0     0     0     0     0     0     0     0     0     4     0     0     0     0     0     1     0     7     3
     0     0     0     0     0     0     0     0     0     0     0     0     0     0     0     0     0     0     1     0     0     1     0     0     0     0     0    13


train simple, test complex, SVM + PCA
full scale accuracy 55.48%
major scale accuracy 68.25%

    10     0     0     0     0     0     1     0     0     0     0     1     0     0     0     0     0     0     3     0     0     0     0     0     0     0     0     0
     3     7     0     0     0     0     0     0     1     0     0     0     0     0     0     0     0     0     2     0     0     0     0     0     0     0     2     0
     0     0    11     4     0     0     0     0     0     0     0     0     0     0     0     0     0     0     0     0     0     0     0     0     0     0     0     0
     0     0     2    12     0     0     0     0     0     0     0     0     0     0     0     0     0     0     0     0     0     0     0     0     0     0     0     1
     0     0     0     0     9     0     5     0     0     0     0     0     0     0     0     0     0     0     0     0     0     0     0     0     0     0     1     0
     0     0     0     0     2     8     0     0     0     0     1     0     0     0     0     0     0     0     0     0     0     0     0     0     0     3     0     1
     0     0     0     0     5     0     6     0     0     0     0     0     0     0     0     0     4     0     0     0     0     0     0     0     0     0     0     0
     1     0     0     1     0     0     3     8     1     0     0     0     0     0     0     0     0     0     0     0     0     0     0     0     0     0     0     1
     0     3     0     0     1     0     0     0     9     0     0     0     0     0     0     0     0     0     0     0     0     0     0     0     0     0     2     0
     0     0     0     0     0     0     1     0     0     6     6     2     0     0     0     0     0     0     0     0     0     0     0     0     0     0     0     0
     1     0     0     3     0     2     0     0     0     0     7     0     0     0     0     0     0     0     0     0     0     0     0     0     0     0     1     1
     0     0     1     1     1     0     0     0     0     2     0     9     0     0     0     0     1     0     0     0     0     0     0     0     0     0     0     0
     0     0     0     0     0     0     2     0     0     0     0     0    12     0     0     0     0     0     0     0     0     1     0     0     0     0     0     0
     0     0     0     0     2     0     0     0     0     0     0     0     1    10     0     0     0     0     0     0     0     0     0     0     0     0     0     2
     0     0     0     0     1     0     1     0     0     0     0     0     0     0     9     4     0     0     0     0     0     0     0     0     0     0     0     0
     0     0     0     0     0     0     0     0     0     0     0     0     0     0     1    14     0     0     0     0     0     0     0     0     0     0     0     0
     0     0     0     0     8     0     1     0     0     0     0     0     0     0     0     1     1     0     2     0     0     0     0     0     0     0     0     2
     0     0     0     0     0     0     0     0     0     0     0     0     0     0     0     0     0    10     1     0     0     0     0     0     0     0     0     4
     0     0     0     0     3     0     1     0     0     0     0     0     0     0     0     0     0     1     8     0     0     0     0     0     0     0     0     2
     0     0     0     0     1     1     0     0     0     0     0     0     0     0     0     2     1     0     0     9     1     0     0     0     0     0     0     0
     0     0     0     0     1     1     0     0     0     0     0     0     0     0     0     0     2     0     0     1    10     0     0     0     0     0     0     0
     0     0     0     0     2     0     0     0     0     0     0     0     0     0     2     4     1     2     0     0     0     4     0     0     0     0     0     0
     0     0     0     0     1     1     0     0     0     0     0     0     0     0     2     5     0     1     0     0     0     2     3     0     0     0     0     0
     0     0     0     0     0     0     0     0     0     0     0     0     0     0     2     0     1     0     1     0     0     1     0    10     0     0     0     0
     0     0     0     0     0     0     0     0     0     0     0     0     0     0     0     1     0     0     1     0     0     0     0     0     8     0     5     0
     0     0     0     0     4     0     1     0     0     0     0     0     0     0     0     0     2     0     0     0     0     0     0     0     0     8     0     0
     0     0     0     0     0     0     0     0     0     0     0     0     0     0     0     0     0     0     5     0     0     0     0     0     0     0     9     1
     0     0     0     0     2     0     0     0     0     0     0     0     0     0     0     0     0     0     7     0     0     0     0     0     0     0     0     6




n-fold film bla vm chi^2
confusion =

    39     2     0     0     1     0     0     0     0     0     0     1     0     0     0     0     0     1     1     0     0     0     0     0     0     0     0     2
     5    41     0     0     0     0     0     0     0     1     0     0     0     0     0     0     0     0     0     0     0     0     0     0     0     0     0     0
     0     0    40     4     1     0     0     0     0     0     0     0     0     0     0     0     2     0     0     0     0     0     0     0     0     0     0     0
     0     0     4    38     2     0     2     0     0     0     0     0     0     0     0     0     0     0     0     0     0     0     0     0     0     0     0     1
     0     0     0     1    40     0     4     0     0     0     0     0     0     0     0     0     0     0     1     0     0     1     0     0     0     0     0     0
     0     0     0     0     0    39     3     0     0     0     1     0     0     0     2     2     0     0     0     0     0     0     0     0     0     0     0     0
     0     0     0     0     7     2    33     0     0     0     0     0     0     0     0     1     2     0     0     0     0     1     1     0     0     0     0     0
     0     1     0     0     0     0     0    46     0     0     0     0     0     0     0     0     0     0     0     0     0     0     0     0     0     0     0     0
     1     3     0     0     0     0     0     1    41     0     0     0     0     0     0     0     0     0     0     0     0     0     0     0     0     0     0     1
     0     0     3     0     0     0     0     0     0    39     3     1     0     0     0     0     0     0     0     0     0     0     0     0     0     0     0     1
     0     0     0     0     0     2     1     0     0     1    42     1     0     0     0     0     0     0     0     0     0     0     0     0     0     0     0     0
     0     0     0     1     1     0     0     0     0     1     1    41     0     0     0     0     0     0     0     0     0     0     0     0     0     0     0     2
     0     0     0     0     0     0     0     0     0     0     0     0    46     0     0     0     0     1     0     0     0     0     0     0     0     0     0     0
     0     0     0     0     0     0     0     0     0     0     0     0     2    44     0     0     0     0     0     0     1     0     0     0     0     0     0     0
     0     0     0     0     0     0     0     0     0     0     0     0     0     0    40     4     1     0     0     0     0     1     0     0     0     0     0     1
     0     0     0     0     1     0     0     0     0     0     0     0     0     0     2    39     0     0     1     0     0     0     4     0     0     0     0     0
     0     0     0     0     2     0     2     0     0     0     0     0     0     0     1     0    38     1     1     1     0     1     0     0     0     0     0     0
     0     0     0     0     0     0     0     0     0     0     0     0     0     0     0     0     0    46     0     0     0     1     0     0     0     0     0     0
     0     0     0     0     1     0     0     0     0     0     0     0     0     0     0     0     0     1    39     1     0     0     0     2     0     0     0     3
     0     0     0     0     0     0     0     0     0     0     0     0     1     0     0     0     2     0     0    43     1     0     0     0     0     0     0     0
     0     0     0     0     0     0     0     0     0     0     0     0     0     1     0     0     0     0     0     3    43     0     0     0     0     0     0     0
     0     0     0     0     0     0     2     0     0     0     0     0     0     0     1     0     1     0     0     0     0    38     4     1     0     0     0     0
     0     0     0     0     0     0     0     0     0     0     0     0     0     0     0     5     0     0     0     0     0     3    37     1     0     0     0     1
     0     0     0     0     0     0     0     0     0     0     0     0     0     0     0     0     0     0     1     0     0     0     1    45     0     0     0     0
     0     0     0     0     0     1     0     0     0     0     0     0     0     0     0     0     0     0     0     0     0     0     0     0    46     0     0     0
     0     0     0     0     0     0     0     0     0     0     0     0     0     0     0     0     1     0     0     0     0     0     0     0     0    46     0     0
     0     0     0     0     0     0     0     0     0     0     0     0     0     0     0     1     0     0     0     0     0     0     0     0     0     0    46     0
     0     0     0     0     1     0     0     0     0     0     0     0     0     0     0     0     1     1     1     0     0     0     0     0     0     0     1    42

>> 
