full scale accuracy  76.78%


    32     0     0     0     1     0     1     0     0     0     0     1     0     0     0     0     0     0     2     0     0     0     0     0     0     0     0     5
     7    31     0     0     0     0     0     0     0     0     0     0     0     0     0     0     0     0     2     0     0     0     0     0     0     0     0     2
     0     0    30     9     3     0     0     0     0     0     0     0     0     0     0     0     0     0     0     0     0     0     0     0     0     0     0     0
     0     0     7    25     7     1     1     0     0     0     0     0     0     0     0     0     1     0     0     0     0     0     0     0     0     0     0     0
     0     0     0     0    32     0     7     0     0     0     1     0     0     0     0     0     1     0     1     0     0     0     0     0     0     0     0     0
     0     0     0     0     0    34     0     0     0     0     0     0     0     0     1     3     0     0     0     0     0     0     0     0     0     3     1     0
     0     0     0     1     7     1    25     0     0     0     0     0     0     0     0     1     6     0     0     0     0     1     0     0     0     0     0     0
     2     1     0     0     0     0     1    35     1     0     0     0     0     0     0     0     1     0     1     0     0     0     0     0     0     0     0     0
     1     4     0     0     0     0     0     7    28     0     0     0     0     0     0     0     0     0     0     0     0     0     0     0     0     0     1     1
     1     0     3     2     0     0     0     0     0    22     2    10     0     0     0     0     0     0     1     0     0     0     0     0     0     0     0     1
     0     2     0     0     1     3     0     0     0     4    27     0     0     1     0     0     1     0     0     0     0     0     0     0     0     2     0     1
     1     0     3     1     2     0     0     0     0     1     0    34     0     0     0     0     0     0     0     0     0     0     0     0     0     0     0     0
     0     0     0     0     0     0     0     0     0     0     0     0    40     0     0     1     0     1     0     0     0     0     0     0     0     0     0     0
     0     0     0     0     0     0     0     0     0     0     0     0     6    31     0     0     0     0     0     2     3     0     0     0     0     0     0     0
     0     0     0     0     1     0     0     0     0     0     0     0     0     0    34     4     1     0     0     0     0     0     0     0     0     2     0     0
     0     0     0     0     0     0     0     0     0     0     0     0     0     0     4    34     1     0     1     0     0     0     2     0     0     0     0     0
     0     0     0     0     2     0     3     0     0     0     0     1     0     0     1     0    30     1     2     0     0     0     0     0     0     2     0     0
     0     0     0     0     1     0     0     0     0     0     0     0     1     0     0     0     1    39     0     0     0     0     0     0     0     0     0     0
     0     0     0     0     0     0     1     0     0     0     0     0     0     0     0     0     0     2    36     0     1     0     0     1     0     0     0     1
     0     0     0     0     0     0     0     0     0     0     0     0     3     0     0     1     0     0     0    38     0     0     0     0     0     0     0     0
     0     0     0     0     0     0     0     0     0     0     0     0     0     1     0     0     0     0     0     6    35     0     0     0     0     0     0     0
     0     0     0     0     1     0     0     0     0     0     0     0     1     0     6     2     1     0     1     0     0    22     7     1     0     0     0     0
     0     0     0     0     0     0     0     0     0     0     0     0     0     0     1     3     0     3     1     0     0     2    32     0     0     0     0     0
     0     0     0     0     0     0     0     0     0     0     0     0     0     0     0     1     1     0     2     0     0     0     1    37     0     0     0     0
     0     0     0     0     0     0     0     0     0     0     0     0     0     0     0     0     0     0     0     0     0     0     0     0    39     2     1     0
     0     0     0     0     0     0     0     0     0     0     0     0     0     0     0     0     1     0     0     0     0     0     0     0     0    41     0     0
     0     0     0     0     0     0     0     0     0     0     0     0     0     2     0     3     0     0     3     0     0     0     0     0     0     0    34     0
     1     0     0     0     4     0     0     0     0     0     0     0     0     0     0     0     1     1     9     0     0     0     0     0     0     0     0    26

major scale accuracy  84.38%

    70     0     1     1     0     0     1     0     0     0     4     0     0     0
     0    71    10     2     0     0     0     0     0     1     0     0     0     0
     0     0    32     7     0     1     0     0     0     1     1     0     0     0
     0     1     7    60     0     0     0     0     5     6     0     0     1     0
     8     0     0     1    71     0     0     0     0     1     1     0     0     0
     3     5     1     3     0    55    10     1     0     1     1     0     0     0
     1     4     2     0     0     1    34     0     0     0     0     0     0     0
     0     0     0     0     0     0     0    77     1     0     1     5     0     0
     0     0     1     0     0     0     0     0    76     2     1     0     2     0
     0     0     2     3     0     0     1     0     1    30     3     0     0     0
     0     0     1     1     0     0     0     1     0     1    77     1     0     1
     0     0     0     0     0     0     0     4     1     0     0    79     0     0
     0     0     1     0     0     0     0     1    12     1     5     0    63     1
     0     0     0     0     0     0     0     0     1     1     2     0     1    37

