    31     5     1     0     0     0     0     1     0     0     0     0     0     0     0     0     0     0     1     0     0     0     0     0     0     0     0     3
     6    35     0     0     0     0     0     1     0     0     0     0     0     0     0     0     0     0     0     0     0     0     0     0     0     0     0     0
     0     0    33     3     1     0     1     0     0     1     0     1     0     0     0     0     0     0     0     0     0     0     0     0     0     0     0     2
     0     0     5    31     3     0     0     0     0     0     0     1     0     0     0     0     0     0     0     0     0     0     0     0     0     0     0     2
     0     0     1     1    27     0     6     0     1     0     0     1     0     0     0     0     1     0     1     0     0     0     0     0     0     0     0     3
     0     0     0     0     0    37     0     0     0     0     0     0     0     0     1     1     0     0     0     1     0     0     0     0     0     2     0     0
     0     0     0     1     2     0    30     2     0     1     0     0     0     0     0     1     0     1     0     1     0     1     0     0     0     0     0     2
     0     0     0     0     0     0     0    40     1     0     0     0     0     0     0     0     1     0     0     0     0     0     0     0     0     0     0     0
     0     0     0     0     0     0     0     6    36     0     0     0     0     0     0     0     0     0     0     0     0     0     0     0     0     0     0     0
     0     0     3     0     0     0     0     0     0    31     1     6     0     0     0     0     0     0     0     0     0     0     0     0     0     0     0     1
     0     0     0     1     0     0     0     0     0     4    34     0     0     0     0     0     0     1     1     0     0     0     0     0     0     0     0     1
     0     0     0     1     1     0     0     0     0     1     0    38     0     0     0     0     0     0     0     0     0     0     0     0     0     0     0     1
     0     0     0     0     0     0     0     0     0     0     0     0    41     0     0     0     0     0     0     1     0     0     0     0     0     0     0     0
     0     0     0     0     0     0     0     0     0     0     0     0     3    38     0     0     0     0     0     0     1     0     0     0     0     0     0     0
     0     0     0     0     0     0     0     0     0     0     0     0     0     0    36     4     1     0     0     0     0     0     0     0     0     0     0     1
     0     0     0     0     0     0     0     0     0     0     0     0     0     0     4    34     1     0     0     0     0     0     3     0     0     0     0     0
     0     0     0     0     3     0     0     0     0     0     0     1     0     0     3     0    29     1     1     1     0     1     0     0     0     0     0     2
     0     0     0     0     0     0     0     0     0     0     0     0     0     0     0     0     0    40     0     0     0     1     0     0     0     0     0     1
     0     0     0     0     0     0     0     0     0     0     0     0     0     0     0     0     0     0    37     0     1     0     0     2     0     0     0     2
     0     0     0     0     0     0     0     0     0     0     0     0     0     0     0     0     0     0     0    41     1     0     0     0     0     0     0     0
     0     0     0     0     0     0     0     0     0     0     0     0     0     0     0     0     0     0     0     6    36     0     0     0     0     0     0     0
     0     0     0     0     1     0     1     0     0     0     0     0     0     0     2     3     1     1     0     0     0    28     4     0     0     0     0     1
     0     0     0     0     0     0     0     0     0     0     0     0     0     0     1     5     0     0     0     0     0     2    33     0     0     0     0     1
     0     0     0     0     0     0     0     0     0     0     0     0     0     0     2     1     0     0     1     0     0     2     0    34     0     0     1     1
     0     0     0     0     0     0     0     0     0     0     0     0     0     0     0     0     0     0     0     0     0     0     0     0    41     0     1     0
     0     0     0     0     0     0     0     0     0     0     0     0     0     0     0     0     0     0     0     0     0     0     0     0     0    41     0     1
     0     0     0     0     0     0     0     0     0     0     0     0     0     0     1     0     0     0     0     0     0     0     0     0     0     0    41     0
     1     0     0     0     0     0     0     0     0     0     0     0     0     0     0     0     1     1     1     0     0     0     0     0     0     0     0    38
