2 -1
3 -1
4 -1
5 -1
6 -1
7 -1
8 -1
9 -1
10 -1
11 -1
12 -1
13 -1
14 15
15 15
16 15
17 -1
18 -1
19 -1
20 -1
21 -1
22 -1
23 -1
24 -1
25 -1
26 -1
27 -1
28 -1
29 -1
30 -1
31 -1
32 -1
33 -1
34 -1
35 -1
36 -1
37 -1
38 -1
39 -1
40 -1
41 -1
42 -1
43 -1
44 15
45 15
46 15
47 -1
48 -1
49 -1
50 -1
51 -1
52 -1
53 -1
54 26
55 26
56 26
57 26
58 26
59 26
60 26
61 26
62 -1
63 -1
64 -1
65 -1
66 -1
67 -1
68 -1
69 25
70 25
71 25
72 -1
73 25
74 25
75 25
76 25
77 25
78 25
79 -1
80 25
81 -1
82 25
83 -1
84 -1
85 -1
86 -1
87 -1
88 -1
89 -1
90 -1
91 -1
92 -1
93 -1
94 -1
95 -1
96 -1
97 -1
98 -1
99 -1
100 -1
101 -1
102 25
103 25
104 25
105 -1
106 -1
107 -1
108 -1
109 -1
110 -1
111 -1
112 26
113 26
114 26
115 26
116 26
117 26
118 26
119 26
120 26
121 26
122 26
123 -1
124 26
125 -1
126 -1
127 -1
128 -1
129 -1
130 -1
131 -1
132 -1
133 -1
134 -1
135 -1
136 -1
137 -1
138 -1
139 -1
140 -1
141 -1
142 -1
143 -1
144 -1
145 -1
146 -1
147 -1
148 -1
149 -1
150 -1
151 -1
152 -1
153 -1
154 -1
155 -1
156 -1
157 -1
158 -1
159 14
160 14
161 14
162 14
163 14
164 14
165 14
166 -1
167 -1
168 -1
169 -1
170 -1
171 -1
172 -1
173 -1
174 -1
175 -1
176 -1
177 -1
178 -1
179 -1
180 -1
181 -1
182 -1
183 -1
184 -1
185 -1
186 -1
187 -1
188 -1
189 14
190 14
191 14
192 14
193 14
194 14
195 -1
196 -1
197 -1
198 -1
199 -1
200 -1
201 -1
202 -1
203 -1
204 -1
205 -1
206 -1
207 -1
208 -1
209 -1
210 -1
211 -1
212 -1
213 -1
214 -1
215 -1
216 -1
217 -1
218 -1
219 -1
220 -1
221 -1
222 -1
223 -1
224 -1
225 -1
226 -1
227 -1
228 -1
229 -1
230 -1
231 -1
232 -1
233 -1
234 14
235 14
236 14
237 14
238 14
239 14
240 14
241 14
242 14
243 14
244 14
245 14
246 14
247 14
248 -1
249 -1
250 -1
251 -1
252 -1
253 -1
254 -1
255 -1
256 -1
257 -1
258 -1
259 -1
260 -1
261 -1
262 -1
263 -1
264 -1
265 -1
266 -1
267 -1
268 -1
269 -1
270 -1
271 -1
272 -1
273 -1
274 -1
275 -1
276 -1
277 -1
278 -1
279 -1
280 -1
281 -1
282 -1
283 -1
284 -1
285 -1
286 14
287 -1
288 14
289 14
290 14
291 14
292 14
293 14
294 14
295 14
296 14
297 14
298 14
299 14
300 14
301 14
302 14
303 -1
304 -1
305 -1
306 -1
307 -1
308 14
309 14
310 14
311 14
312 14
313 14
314 14
315 14
316 14
317 -1
318 -1
319 -1
320 -1
321 -1
322 -1
323 -1
324 -1
325 -1
326 -1
327 -1
328 -1
329 -1
330 -1
331 -1
332 -1
333 -1
334 -1
335 -1
336 -1
337 -1
338 -1
339 -1
340 -1
341 -1
342 -1
343 -1
344 -1
345 -1
346 -1
347 -1
348 -1
349 -1
350 -1
351 -1
352 -1
353 -1
354 -1
355 -1
356 -1
357 -1
358 -1
359 -1
360 -1
361 -1
362 -1
363 -1
364 -1
365 -1
366 -1
367 -1
368 -1
369 -1
370 -1
371 -1
372 -1
373 -1
374 -1
375 -1
376 -1
377 -1
378 -1
379 -1
380 -1
381 -1
382 -1
383 -1
384 -1
385 -1
386 14
387 14
388 14
389 14
390 14
391 14
392 -1
393 -1
394 -1
395 -1
396 -1
397 -1
398 -1
399 -1
400 -1
401 -1
402 -1
403 -1
404 -1
405 -1
406 -1
407 -1
408 -1
409 -1
410 -1
411 -1
412 -1
413 -1
414 -1
415 -1
416 -1
417 -1
418 -1
419 -1
420 -1
421 -1
422 -1
423 -1
424 -1
425 -1
426 -1
427 -1
428 -1
429 -1
430 -1
431 -1
432 -1
433 -1
434 -1
435 -1
436 -1
437 -1
438 -1
439 -1
440 -1
441 -1
442 -1
443 -1
444 -1
445 -1
446 -1
447 -1
448 -1
449 -1
450 -1
451 -1
452 -1
453 -1
454 -1
455 -1
456 -1
457 -1
458 -1
459 -1
460 -1
461 -1
462 -1
463 -1
464 -1
465 -1
466 -1
467 -1
468 -1
469 -1
470 -1
471 -1
472 -1
473 -1
474 -1
475 -1
476 -1
477 -1
478 -1
479 -1
480 -1
481 -1
482 -1
483 -1
484 -1
485 -1
486 -1
487 -1
488 -1
489 -1
490 14
491 14
492 14
493 14
494 14
495 14
496 14
497 14
498 14
499 14
500 14
501 14
502 14
503 14
504 14
505 14
506 14
507 14
508 14
509 14
510 14
511 -1
512 -1
513 -1
514 -1
515 -1
516 -1
517 -1
518 -1
519 26
520 26
521 26
522 26
523 26
524 26
525 26
526 26
527 26
528 26
529 26
530 26
531 26
532 26
533 -1
534 -1
535 -1
536 -1
537 -1
538 -1
539 -1
540 -1
541 -1
542 -1
543 -1
544 -1
545 -1
546 -1
547 -1
548 -1
549 -1
550 -1
551 -1
552 -1
553 -1
554 -1
555 -1
556 -1
557 -1
558 -1
559 -1
560 -1
561 -1
562 -1
563 -1
564 -1
565 -1
566 -1
567 -1
568 -1
569 -1
570 -1
571 -1
572 -1
573 -1
574 -1
575 -1
576 -1
577 -1
578 -1
579 -1
580 -1
581 -1
582 -1
583 -1
584 -1
585 -1
586 -1
587 -1
588 -1
589 -1
590 -1
591 -1
592 -1
593 -1
594 14
595 14
596 14
597 14
598 14
599 14
600 -1
601 -1
602 -1
603 -1
604 -1
605 -1
606 -1
607 -1
608 -1
609 -1
610 14
611 -1
612 -1
613 -1
614 -1
615 -1
616 -1
617 -1
618 -1
619 -1
620 14
621 14
622 14
623 14
624 14
625 14
626 14
627 14
628 14
629 14
630 14
631 14
632 14
633 14
634 14
635 14
636 14
637 14
638 -1
639 -1
640 -1
641 -1
642 -1
643 -1
644 -1
645 21
646 21
647 21
648 21
649 21
650 21
651 21
652 21
653 21
654 21
655 21
656 21
657 21
658 21
659 21
660 21
661 21
662 21
663 21
664 21
665 21
666 21
667 21
668 21
669 21
670 21
671 -1
672 21
673 21
674 21
675 21
676 21
677 21
678 21
679 21
680 21
681 21
682 21
683 -1
684 21
685 -1
686 -1
687 -1
688 -1
689 -1
690 -1
691 -1
692 -1
693 -1
694 -1
695 -1
696 -1
697 -1
698 -1
699 -1
700 -1
701 -1
702 -1
703 -1
704 -1
705 -1
706 -1
707 -1
708 -1
709 -1
710 -1
711 -1
712 -1
713 -1
714 -1
715 -1
716 -1
717 -1
718 -1
719 -1
720 -1
721 -1
722 -1
723 -1
724 -1
725 -1
726 -1
727 -1
728 -1
729 -1
730 -1
731 -1
732 -1
733 -1
734 -1
735 -1
736 -1
737 -1
738 -1
739 -1
740 -1
741 -1
742 -1
743 -1
744 -1
745 -1
746 -1
747 -1
748 -1
749 -1
750 -1
751 -1
752 -1
753 -1
754 -1
755 -1
756 -1
757 -1
758 -1
759 -1
760 -1
761 -1
762 -1
763 -1
764 -1
765 -1
766 -1
767 -1
768 -1
769 -1
770 -1
771 -1
772 -1
773 -1
774 -1
775 -1
776 -1
777 -1
778 -1
779 -1
780 -1
781 -1
782 -1
783 -1
784 -1
785 -1
786 -1
787 -1
788 -1
789 -1
790 -1
791 -1
792 -1
793 -1
794 -1
795 -1
796 -1
797 -1
798 -1
799 -1
800 -1
801 -1
802 -1
803 -1
804 -1
805 -1
806 -1
807 -1
808 -1
809 -1
810 -1
811 -1
812 -1
813 -1
814 -1
815 -1
816 -1
817 -1
818 -1
819 -1
820 -1
821 -1
822 -1
823 -1
824 -1
825 -1
826 -1
827 -1
828 -1
829 -1
830 -1
831 -1
832 -1
833 -1
834 -1
835 -1
836 -1
837 -1
838 -1
839 -1
840 -1
841 -1
842 -1
843 -1
844 -1
845 -1
846 -1
847 -1
848 -1
849 -1
850 -1
851 -1
852 -1
853 -1
854 -1
855 -1
856 -1
857 -1
858 -1
859 -1
860 -1
861 -1
862 -1
863 -1
864 -1
865 -1
866 -1
867 -1
868 -1
869 -1
870 -1
871 -1
872 -1
873 -1
874 -1
875 -1
876 -1
877 -1
878 -1
879 -1
880 -1
881 -1
882 -1
883 -1
884 -1
885 -1
886 -1
887 -1
888 -1
889 -1
890 -1
891 -1
892 -1
893 -1
894 -1
895 -1
896 -1
897 -1
898 -1
899 -1
900 -1
901 -1
902 -1
903 -1
904 -1
905 -1
906 -1
907 -1
908 -1
909 14
910 14
911 14
912 14
913 14
914 14
915 14
916 14
917 14
918 14
919 14
920 14
921 14
922 14
923 14
924 14
925 14
926 14
927 14
928 14
929 14
930 14
931 14
932 14
933 14
934 14
935 14
936 14
937 14
938 14
939 14
940 14
941 14
942 14
943 14
944 14
945 14
946 14
947 14
948 14
949 14
950 14
951 14
952 14
953 14
954 14
955 14
956 14
957 14
958 14
959 14
960 14
961 14
962 14
963 14
964 14
965 14
966 14
967 14
968 14
969 14
970 14
971 14
972 14
973 14
974 14
975 14
976 14
977 14
978 14
979 14
980 14
981 14
982 14
983 14
984 14
985 14
986 14
987 -1
988 -1
989 -1
990 -1
991 -1
992 -1
993 -1
994 -1
995 -1
996 14
997 14
998 14
999 14
1000 14
1001 14
1002 14
1003 -1
1004 -1
1005 -1
1006 -1
1007 -1
1008 -1
1009 -1
1010 -1
1011 -1
1012 -1
1013 -1
1014 14
1015 -1
1016 14
1017 14
1018 -1
1019 -1
1020 -1
1021 -1
1022 -1
1023 -1
1024 14
1025 -1
1026 -1
1027 -1
1028 -1
1029 -1
1030 -1
1031 -1
1032 -1
1033 -1
1034 -1
1035 -1
1036 -1
1037 -1
1038 2
1039 2
1040 2
1041 2
1042 2
1043 2
1044 2
1045 -1
1046 -1
1047 -1
1048 2
1049 -1
1050 -1
1051 -1
1052 -1
1053 -1
1054 -1
1055 -1
1056 -1
1057 -1
1058 -1
1059 -1
1060 -1
1061 -1
1062 -1
1063 -1
1064 -1
1065 -1
1066 -1
1067 -1
1068 -1
1069 -1
1070 -1
1071 -1
1072 -1
1073 -1
1074 -1
1075 -1
1076 -1
1077 -1
1078 -1
1079 -1
1080 -1
1081 -1
1082 -1
1083 -1
1084 -1
1085 -1
1086 -1
1087 -1
1088 -1
1089 -1
1090 -1
1091 -1
1092 -1
1093 -1
1094 -1
1095 -1
1096 -1
1097 -1
1098 -1
1099 -1
1100 -1
1101 -1
1102 -1
1103 -1
1104 -1
1105 -1
1106 -1
1107 -1
1108 -1
1109 -1
1110 -1
1111 -1
1112 -1
1113 -1
1114 -1
1115 -1
1116 -1
1117 -1
1118 -1
1119 -1
1120 -1
1121 -1
1122 -1
1123 -1
1124 -1
1125 -1
1126 -1
1127 -1
1128 -1
1129 -1
1130 -1
1131 -1
1132 -1
1133 -1
1134 -1
1135 -1
1136 -1
1137 -1
1138 -1
1139 -1
1140 -1
1141 -1
1142 -1
1143 -1
1144 -1
1145 -1
1146 -1
1147 -1
1148 -1
1149 -1
1150 -1
1151 -1
1152 -1
1153 -1
1154 -1
1155 -1
1156 -1
1157 -1
1158 -1
1159 -1
1160 -1
1161 -1
1162 -1
1163 -1
1164 -1
1165 -1
1166 -1
1167 -1
1168 -1
1169 -1
1170 -1
1171 -1
1172 -1
1173 -1
1174 -1
1175 -1
1176 -1
1177 -1
1178 -1
1179 -1
1180 -1
1181 -1
1182 -1
1183 -1
1184 -1
1185 -1
1186 -1
1187 -1
1188 -1
1189 -1
1190 -1
1191 -1
1192 -1
1193 -1
1194 -1
1195 -1
1196 -1
1197 -1
1198 -1
1199 -1
1200 -1
1201 -1
1202 -1
1203 -1
1204 -1
1205 -1
1206 -1
1207 -1
1208 -1
1209 -1
1210 -1
1211 -1
1212 -1
1213 -1
1214 -1
1215 -1
1216 -1
1217 2
1218 -1
1219 -1
1220 -1
1221 -1
1222 -1
1223 -1
1224 -1
1225 -1
1226 -1
1227 -1
1228 -1
1229 -1
1230 -1
1231 -1
1232 -1
1233 -1
1234 -1
1235 -1
1236 -1
1237 -1
1238 -1
1239 -1
1240 -1
1241 -1
1242 -1
1243 -1
1244 -1
1245 -1
1246 -1
1247 -1
1248 -1
1249 -1
1250 -1
1251 -1
1252 -1
1253 -1
1254 -1
1255 -1
1256 -1
1257 -1
1258 -1
1259 -1
1260 -1
1261 -1
1262 -1
1263 -1
1264 -1
1265 -1
1266 -1
1267 -1
1268 -1
1269 -1
1270 -1
1271 -1
1272 -1
1273 -1
1274 -1
1275 -1
1276 -1
1277 -1
1278 -1
1279 -1
1280 -1
1281 -1
1282 -1
1283 -1
1284 -1
1285 -1
1286 -1
1287 -1
1288 -1
1289 -1
1290 -1
1291 -1
1292 -1
1293 -1
1294 -1
1295 -1
1296 -1
1297 -1
1298 -1
1299 -1
1300 -1
1301 -1
1302 -1
1303 -1
1304 -1
1305 -1
1306 -1
1307 -1
1308 -1
1309 -1
1310 -1
1311 -1
1312 -1
1313 -1
1314 -1
1315 -1
1316 -1
1317 -1
1318 -1
1319 -1
1320 -1
1321 -1
1322 -1
1323 -1
1324 -1
1325 -1
1326 -1
1327 -1
1328 -1
1329 -1
1330 -1
1331 -1
1332 -1
1333 -1
1334 -1
1335 -1
1336 -1
1337 -1
1338 -1
1339 -1
1340 -1
1341 -1
1342 -1
1343 -1
1344 -1
1345 -1
1346 -1
1347 -1
1348 -1
1349 -1
1350 -1
1351 -1
1352 -1
1353 -1
1354 -1
1355 -1
1356 -1
1357 -1
1358 -1
1359 -1
1360 -1
1361 -1
1362 -1
1363 -1
1364 -1
1365 -1
1366 -1
1367 -1
1368 18
1369 18
1370 18
1371 18
1372 18
1373 18
1374 18
1375 18
1376 -1
1377 -1
1378 -1
1379 -1
1380 -1
1381 -1
1382 -1
1383 -1
1384 -1
1385 -1
1386 -1
1387 -1
1388 -1
1389 -1
1390 -1
1391 -1
1392 -1
1393 -1
1394 -1
1395 -1
1396 -1
1397 -1
1398 -1
1399 -1
1400 -1
1401 -1
1402 -1
1403 -1
1404 -1
1405 -1
1406 -1
1407 -1
1408 -1
1409 -1
1410 -1
1411 -1
1412 -1
1413 -1
1414 -1
1415 -1
1416 -1
1417 -1
1418 -1
1419 -1
1420 -1
1421 -1
1422 -1
1423 -1
1424 -1
1425 -1
1426 -1
1427 -1
1428 -1
1429 -1
1430 -1
1431 -1
1432 -1
1433 -1
1434 -1
1435 -1
1436 -1
1437 -1
1438 -1
1439 -1
1440 -1
1441 -1
1442 -1
1443 -1
1444 -1
1445 -1
1446 -1
1447 -1
1448 -1
1449 -1
1450 -1
1451 -1
1452 -1
1453 -1
1454 -1
1455 -1
1456 -1
1457 -1
1458 -1
1459 -1
1460 -1
1461 -1
1462 -1
1463 -1
1464 14
1465 14
1466 14
1467 14
1468 14
1469 14
1470 14
1471 14
1472 14
1473 14
1474 14
1475 14
1476 14
1477 14
1478 14
1479 14
1480 14
1481 14
1482 14
1483 14
1484 14
1485 14
1486 14
1487 14
1488 14
1489 -1
1490 -1
1491 -1
1492 -1
1493 -1
1494 -1
1495 -1
1496 -1
1497 -1
1498 -1
1499 -1
1500 -1
1501 -1
1502 -1
1503 -1
1504 -1
1505 -1
1506 -1
1507 25
1508 25
1509 25
1510 25
1511 -1
1512 -1
1513 -1
1514 25
1515 -1
1516 25
1517 25
1518 25
1519 25
1520 25
1521 25
1522 25
1523 25
1524 25
1525 25
1526 25
1527 -1
1528 25
1529 -1
1530 -1
1531 -1
1532 -1
1533 -1
1534 -1
1535 -1
1536 -1
1537 -1
1538 -1
1539 -1
1540 -1
1541 -1
1542 -1
1543 -1
1544 -1
1545 -1
1546 -1
1547 -1
1548 -1
1549 -1
1550 -1
1551 -1
1552 -1
1553 -1
1554 26
1555 26
1556 26
1557 26
1558 26
1559 26
1560 -1
1561 -1
1562 -1
1563 -1
1564 -1
1565 -1
1566 -1
1567 -1
1568 -1
1569 -1
1570 -1
1571 -1
1572 -1
1573 -1
1574 -1
1575 -1
1576 -1
1577 -1
1578 -1
1579 -1
1580 -1
1581 -1
1582 -1
1583 -1
1584 -1
1585 -1
1586 -1
1587 -1
1588 -1
1589 -1
1590 -1
1591 -1
1592 -1
1593 -1
1594 -1
1595 -1
1596 -1
1597 -1
1598 -1
1599 -1
1600 -1
1601 -1
1602 -1
1603 -1
1604 -1
1605 -1
1606 -1
1607 -1
1608 -1
1609 -1
1610 -1
1611 -1
1612 -1
1613 -1
1614 -1
1615 -1
1616 -1
1617 -1
1618 -1
1619 -1
1620 -1
1621 -1
1622 -1
1623 -1
1624 -1
1625 -1
1626 -1
1627 -1
1628 -1
1629 -1
1630 -1
1631 -1
1632 -1
1633 -1
1634 -1
1635 -1
1636 -1
1637 -1
1638 -1
1639 -1
1640 -1
1641 -1
1642 2
1643 2
1644 2
1645 2
1646 2
1647 2
1648 2
1649 2
1650 2
1651 2
1652 2
1653 2
1654 2
1655 -1
1656 -1
1657 -1
1658 -1
1659 -1
1660 -1
1661 -1
1662 -1
1663 -1
1664 -1
1665 -1
1666 -1
1667 -1
1668 -1
1669 -1
1670 -1
1671 -1
1672 -1
1673 -1
1674 -1
1675 -1
1676 -1
1677 -1
1678 -1
1679 -1
1680 -1
1681 -1
1682 -1
1683 -1
1684 -1
1685 -1
1686 -1
1687 -1
1688 -1
1689 -1
1690 -1
1691 -1
1692 -1
1693 -1
1694 -1
1695 -1
1696 -1
1697 -1
1698 -1
1699 -1
1700 -1
1701 -1
1702 -1
1703 -1
1704 -1
1705 -1
1706 -1
1707 -1
1708 -1
1709 -1
1710 -1
1711 -1
1712 -1
1713 -1
1714 -1
1715 -1
1716 -1
1717 -1
1718 -1
1719 -1
1720 -1
1721 -1
1722 -1
1723 -1
1724 -1
1725 -1
1726 -1
1727 -1
1728 -1
1729 -1
1730 -1
1731 -1
1732 -1
1733 -1
1734 -1
1735 -1
1736 -1
1737 -1
1738 -1
1739 -1
1740 -1
1741 -1
1742 -1
1743 -1
1744 14
1745 14
1746 14
1747 14
1748 14
1749 14
1750 14
1751 14
1752 14
1753 14
1754 14
1755 14
1756 14
1757 14
1758 14
1759 14
1760 14
1761 -1
1762 -1
1763 -1
1764 -1
1765 -1
1766 -1
1767 -1
1768 -1
1769 -1
1770 -1
1771 -1
1772 -1
1773 -1
1774 -1
1775 -1
1776 -1
1777 -1
1778 -1
1779 -1
1780 -1
1781 -1
1782 -1
1783 -1
1784 -1
1785 -1
1786 -1
1787 -1
1788 -1
1789 -1
1790 -1
1791 -1
1792 -1
1793 -1
1794 -1
1795 14
1796 14
1797 14
1798 14
1799 14
1800 14
1801 -1
1802 -1
1803 -1
1804 -1
1805 -1
1806 -1
1807 -1
1808 26
1809 26
1810 26
1811 26
1812 26
1813 26
1814 -1
1815 -1
1816 -1
1817 -1
1818 -1
1819 -1
1820 -1
1821 -1
1822 -1
1823 -1
1824 -1
1825 -1
1826 -1
1827 -1
1828 -1
1829 -1
1830 -1
1831 -1
1832 -1
1833 -1
1834 -1
1835 -1
1836 -1
1837 -1
1838 -1
1839 -1
1840 -1
1841 -1
1842 -1
1843 -1
1844 -1
1845 26
1846 26
1847 26
1848 26
1849 26
1850 26
1851 26
1852 -1
1853 -1
1854 -1
1855 -1
1856 -1
1857 -1
1858 -1
1859 -1
1860 -1
1861 -1
1862 -1
1863 -1
1864 -1
1865 -1
1866 -1
1867 25
1868 25
1869 25
1870 25
1871 25
1872 25
1873 25
1874 25
1875 25
1876 25
1877 25
1878 25
1879 25
1880 25
1881 25
1882 25
1883 25
1884 25
1885 25
1886 25
1887 25
1888 25
1889 25
1890 25
1891 25
1892 25
1893 -1
1894 -1
1895 -1
1896 25
1897 -1
1898 25
1899 25
1900 25
1901 25
1902 25
1903 25
1904 25
1905 25
1906 25
1907 25
1908 25
1909 25
1910 25
1911 -1
1912 25
1913 -1
1914 25
1915 25
1916 25
1917 25
1918 25
1919 25
1920 25
1921 25
1922 25
1923 25
1924 25
1925 25
1926 25
1927 -1
1928 25
1929 -1
1930 -1
1931 -1
1932 -1
1933 -1
1934 25
1935 25
1936 25
1937 25
1938 25
1939 25
1940 25
1941 25
1942 25
1943 25
1944 25
1945 -1
1946 -1
1947 -1
1948 -1
1949 -1
1950 25
1951 25
1952 25
1953 25
1954 25
1955 -1
1956 -1
1957 -1
1958 -1
1959 -1
1960 -1
1961 -1
1962 -1
1963 -1
1964 -1
1965 -1
1966 -1
1967 -1
1968 25
1969 -1
1970 25
1971 25
1972 25
1973 -1
1974 -1
1975 -1
1976 -1
1977 -1
1978 -1
1979 -1
1980 -1
1981 -1
1982 -1
1983 -1
1984 -1
1985 -1
1986 -1
1987 -1
1988 -1
1989 -1
1990 -1
1991 -1
1992 -1
1993 -1
1994 -1
1995 -1
1996 -1
1997 -1
1998 -1
1999 -1
2000 -1
2001 -1
2002 -1
2003 -1
2004 -1
2005 -1
2006 -1
2007 -1
2008 -1
2009 -1
2010 -1
2011 -1
2012 -1
2013 -1
2014 -1
2015 -1
2016 -1
2017 -1
2018 -1
2019 -1
2020 -1
2021 -1
2022 -1
2023 -1
2024 -1
2025 -1
2026 -1
2027 -1
2028 -1
2029 -1
2030 -1
2031 -1
2032 -1
2033 -1
2034 -1
2035 -1
2036 -1
2037 -1
2038 -1
2039 -1
2040 -1
2041 -1
2042 -1
2043 -1
2044 -1
2045 -1
2046 -1
2047 -1
2048 -1
2049 -1
2050 14
2051 14
2052 14
2053 14
2054 14
2055 14
2056 -1
2057 -1
2058 -1
2059 -1
2060 -1
2061 -1
2062 -1
2063 14
2064 -1
2065 -1
2066 -1
2067 -1
2068 -1
2069 -1
2070 -1
2071 -1
2072 -1
2073 -1
2074 -1
2075 -1
2076 -1
2077 -1
2078 -1
2079 -1
2080 -1
2081 -1
2082 -1
2083 -1
2084 -1
2085 -1
2086 -1
2087 -1
2088 15
2089 15
2090 15
2091 15
2092 -1
2093 -1
2094 -1
2095 -1
2096 -1
2097 -1
2098 -1
2099 -1
2100 -1
2101 -1
2102 -1
2103 -1
2104 -1
2105 -1
2106 -1
2107 -1
2108 -1
2109 -1
2110 -1
2111 -1
2112 -1
2113 14
2114 14
2115 14
2116 14
2117 14
2118 14
2119 14
2120 14
2121 14
2122 14
2123 14
2124 14
2125 14
2126 14
2127 14
2128 -1
2129 -1
2130 -1
2131 -1
2132 -1
2133 -1
2134 -1
2135 -1
2136 -1
2137 -1
2138 -1
2139 -1
2140 -1
2141 -1
2142 -1
2143 -1
2144 -1
2145 -1
2146 -1
2147 -1
2148 -1
2149 -1
2150 -1
2151 -1
2152 -1
2153 -1
2154 14
2155 14
2156 14
2157 14
2158 14
2159 14
2160 14
2161 14
2162 14
2163 14
2164 14
2165 14
2166 14
2167 -1
2168 14
2169 -1
2170 -1
2171 -1
2172 -1
2173 -1
2174 -1
2175 -1
2176 -1
2177 -1
2178 -1
2179 -1
2180 -1
2181 -1
2182 -1
2183 -1
2184 -1
2185 -1
2186 -1
2187 -1
2188 -1
2189 -1
2190 -1
2191 -1
2192 -1
2193 -1
2194 -1
2195 -1
2196 -1
2197 -1
2198 -1
2199 -1
2200 -1
2201 -1
2202 -1
2203 -1
2204 -1
2205 -1
2206 -1
2207 -1
2208 -1
2209 -1
2210 2
2211 -1
2212 -1
2213 -1
2214 -1
2215 -1
2216 -1
2217 -1
2218 -1
2219 -1
2220 -1
2221 -1
2222 -1
2223 -1
2224 -1
2225 -1
2226 -1
2227 -1
2228 -1
2229 -1
2230 -1
2231 -1
2232 -1
2233 -1
2234 -1
2235 -1
2236 -1
2237 -1
2238 -1
2239 -1
2240 -1
2241 -1
2242 -1
2243 -1
2244 -1
2245 -1
2246 -1
2247 -1
2248 -1
2249 -1
2250 -1
2251 -1
2252 -1
2253 -1
2254 -1
2255 -1
2256 -1
2257 14
2258 14
2259 14
2260 14
2261 14
2262 14
2263 14
2264 14
2265 14
2266 14
2267 14
2268 14
2269 -1
2270 -1
2271 -1
2272 -1
2273 -1
2274 -1
2275 -1
2276 -1
2277 -1
2278 -1
2279 -1
2280 -1
2281 -1
2282 -1
2283 -1
2284 -1
2285 -1
2286 -1
2287 -1
2288 -1
2289 -1
2290 -1
2291 -1
2292 -1
2293 -1
2294 -1
2295 -1
2296 -1
2297 -1
2298 -1
2299 -1
2300 -1
2301 -1
2302 -1
2303 -1
2304 -1
2305 -1
2306 -1
2307 -1
2308 -1
2309 -1
2310 -1
2311 -1
2312 -1
2313 -1
2314 -1
2315 -1
2316 -1
2317 -1
2318 -1
2319 -1
2320 -1
2321 -1
2322 -1
2323 -1
2324 -1
2325 -1
2326 -1
2327 -1
2328 -1
2329 -1
2330 -1
2331 -1
2332 -1
2333 -1
2334 -1
2335 -1
2336 -1
2337 -1
2338 -1
2339 -1
2340 -1
2341 -1
2342 -1
2343 -1
2344 -1
2345 -1
2346 -1
2347 -1
2348 -1
2349 -1
2350 -1
2351 -1
2352 -1
2353 -1
2354 -1
2355 -1
2356 -1
2357 -1
2358 -1
2359 -1
2360 -1
2361 -1
2362 -1
2363 -1
2364 -1
2365 -1
2366 -1
2367 26
2368 26
2369 26
2370 26
2371 26
2372 26
2373 26
2374 26
2375 26
2376 26
2377 26
2378 26
2379 26
2380 26
2381 26
2382 26
2383 26
2384 26
2385 26
2386 26
2387 26
2388 26
2389 26
2390 26
2391 26
2392 -1
2393 26
2394 -1
2395 26
2396 26
2397 26
2398 26
2399 26
2400 -1
2401 -1
2402 -1
2403 -1
2404 -1
2405 -1
2406 -1
2407 -1
2408 -1
2409 -1
2410 -1
2411 -1
2412 -1
2413 -1
2414 -1
2415 -1
2416 -1
2417 -1
2418 -1
2419 -1
2420 -1
2421 -1
2422 -1
2423 -1
2424 -1
2425 -1
2426 -1
2427 -1
2428 -1
2429 -1
2430 -1
2431 -1
2432 -1
2433 -1
2434 -1
2435 -1
2436 -1
2437 -1
2438 -1
2439 -1
2440 -1
2441 -1
2442 -1
2443 -1
2444 -1
2445 -1
2446 -1
2447 -1
2448 -1
2449 -1
2450 -1
2451 -1
2452 -1
2453 -1
2454 14
2455 14
2456 14
2457 14
2458 14
2459 14
2460 14
2461 14
2462 14
2463 14
2464 14
2465 -1
2466 -1
2467 -1
2468 -1
2469 -1
2470 -1
2471 -1
2472 -1
2473 -1
2474 -1
2475 -1
2476 -1
2477 -1
2478 -1
2479 -1
2480 -1
2481 -1
2482 -1
2483 -1
2484 -1
2485 -1
2486 -1
2487 -1
2488 -1
2489 -1
2490 -1
2491 -1
2492 -1
2493 -1
2494 -1
2495 -1
2496 -1
2497 -1
2498 -1
2499 -1
2500 -1
2501 -1
2502 -1
2503 -1
2504 -1
2505 -1
2506 -1
2507 -1
2508 -1
2509 -1
2510 26
2511 26
2512 26
2513 26
2514 26
2515 26
2516 26
2517 26
2518 26
2519 26
2520 -1
2521 -1
2522 -1
2523 -1
2524 -1
2525 -1
2526 -1
2527 -1
2528 -1
2529 -1
2530 -1
2531 -1
2532 -1
2533 -1
2534 -1
2535 -1
2536 -1
2537 -1
2538 -1
2539 -1
2540 -1
2541 -1
2542 -1
2543 -1
2544 -1
2545 -1
2546 -1
2547 -1
2548 -1
2549 -1
2550 -1
2551 -1
2552 -1
2553 -1
2554 -1
2555 -1
2556 -1
2557 -1
2558 -1
2559 -1
2560 -1
2561 -1
2562 25
2563 -1
2564 -1
2565 -1
2566 -1
2567 -1
2568 -1
2569 -1
2570 -1
2571 -1
2572 25
2573 25
2574 25
2575 25
2576 25
2577 25
2578 25
2579 25
2580 25
2581 -1
2582 -1
2583 -1
2584 -1
2585 -1
2586 -1
2587 -1
2588 -1
2589 -1
2590 -1
2591 -1
2592 -1
2593 -1
2594 -1
2595 -1
2596 -1
2597 -1
2598 -1
2599 -1
2600 -1
2601 -1
2602 -1
2603 -1
2604 -1
2605 -1
2606 -1
2607 -1
2608 -1
2609 -1
2610 -1
2611 -1
2612 -1
2613 -1
2614 -1
2615 -1
2616 -1
2617 -1
2618 -1
2619 -1
2620 -1
2621 -1
2622 -1
2623 -1
2624 -1
2625 -1
2626 -1
2627 -1
2628 -1
2629 -1
2630 -1
2631 -1
2632 -1
2633 -1
2634 -1
2635 -1
2636 -1
2637 -1
2638 18
2639 18
2640 18
2641 18
2642 -1
2643 -1
2644 -1
2645 -1
2646 -1
2647 -1
2648 -1
2649 -1
2650 -1
2651 -1
2652 -1
2653 -1
2654 -1
2655 27
2656 27
2657 27
2658 27
2659 27
2660 27
2661 -1
2662 -1
2663 -1
2664 -1
2665 -1
2666 -1
2667 -1
2668 -1
2669 -1
2670 -1
2671 -1
2672 -1
2673 -1
2674 -1
2675 -1
2676 -1
2677 -1
2678 -1
2679 -1
2680 -1
2681 -1
2682 -1
2683 -1
2684 -1
2685 -1
2686 -1
2687 -1
2688 -1
2689 -1
2690 -1
2691 -1
2692 -1
2693 -1
2694 -1
2695 -1
2696 -1
2697 -1
2698 -1
2699 -1
2700 -1
2701 -1
2702 -1
2703 -1
2704 -1
2705 -1
2706 -1
2707 -1
2708 -1
2709 -1
2710 -1
2711 -1
2712 -1
2713 -1
2714 -1
2715 -1
2716 -1
2717 -1
2718 -1
2719 -1
2720 -1
2721 -1
2722 -1
2723 -1
2724 -1
2725 -1
2726 -1
2727 -1
2728 -1
2729 -1
2730 -1
2731 -1
2732 -1
2733 -1
2734 -1
2735 -1
2736 -1
2737 -1
2738 -1
2739 -1
2740 -1
2741 -1
2742 -1
2743 -1
2744 -1
2745 -1
2746 -1
2747 -1
2748 -1
2749 -1
2750 -1
2751 -1
2752 -1
2753 -1
2754 -1
2755 -1
2756 -1
2757 -1
2758 -1
2759 -1
2760 -1
2761 -1
2762 -1
2763 -1
2764 -1
2765 -1
2766 -1
2767 -1
2768 -1
2769 -1
2770 -1
2771 -1
2772 -1
2773 -1
2774 -1
2775 -1
2776 -1
2777 -1
2778 -1
2779 -1
2780 -1
2781 -1
2782 -1
2783 -1
2784 -1
2785 -1
2786 -1
2787 -1
2788 -1
2789 -1
2790 -1
2791 -1
2792 -1
2793 -1
2794 -1
2795 -1
2796 -1
2797 -1
2798 -1
2799 -1
2800 -1
2801 -1
2802 -1
2803 -1
2804 -1
2805 -1
2806 -1
2807 -1
2808 -1
2809 -1
2810 -1
2811 -1
2812 -1
2813 21
2814 -1
2815 -1
2816 -1
2817 -1
2818 -1
2819 -1
2820 -1
2821 -1
2822 -1
2823 -1
2824 -1
2825 -1
2826 -1
2827 -1
2828 -1
2829 -1
2830 -1
2831 -1
2832 -1
2833 -1
2834 -1
2835 -1
2836 -1
2837 -1
2838 -1
2839 -1
2840 -1
2841 -1
2842 -1
2843 -1
2844 -1
2845 -1
2846 -1
2847 -1
2848 -1
2849 -1
2850 -1
2851 -1
2852 -1
2853 -1
2854 -1
2855 -1
2856 -1
2857 -1
2858 -1
2859 -1
2860 -1
2861 -1
2862 -1
2863 -1
2864 -1
2865 -1
2866 -1
2867 -1
2868 -1
2869 2
2870 2
2871 2
2872 2
2873 2
2874 2
2875 2
2876 2
2877 2
2878 2
2879 2
2880 2
2881 2
2882 2
2883 2
2884 2
2885 -1
2886 -1
2887 -1
2888 -1
2889 -1
2890 -1
2891 -1
2892 -1
2893 -1
2894 -1
2895 -1
2896 -1
2897 -1
2898 -1
2899 -1
2900 -1
2901 14
2902 14
2903 14
2904 14
2905 14
2906 14
2907 14
2908 14
2909 14
2910 14
2911 14
2912 14
2913 14
2914 14
2915 14
2916 14
2917 14
2918 14
2919 14
2920 14
2921 14
2922 14
2923 14
2924 -1
2925 -1
2926 -1
2927 -1
2928 -1
2929 -1
2930 -1
2931 -1
2932 -1
2933 -1
2934 -1
2935 -1
2936 -1
2937 -1
2938 -1
2939 -1
2940 -1
2941 -1
2942 -1
2943 -1
2944 -1
2945 -1
2946 -1
2947 -1
2948 -1
2949 -1
2950 -1
2951 -1
2952 -1
2953 -1
2954 -1
2955 -1
2956 -1
2957 -1
2958 -1
2959 -1
2960 -1
2961 -1
2962 -1
2963 -1
2964 -1
2965 -1
2966 -1
2967 -1
2968 -1
2969 -1
2970 -1
2971 -1
2972 -1
2973 -1
2974 -1
2975 -1
2976 -1
2977 -1
2978 -1
2979 -1
2980 -1
2981 -1
2982 -1
2983 -1
2984 -1
2985 -1
2986 -1
2987 -1
2988 -1
2989 -1
2990 -1
2991 -1
2992 -1
2993 -1
2994 -1
2995 -1
2996 -1
2997 -1
2998 -1
2999 -1
3000 -1
3001 -1
3002 -1
3003 -1
3004 -1
3005 -1
3006 -1
3007 -1
3008 -1
3009 -1
3010 -1
3011 -1
3012 -1
3013 -1
3014 -1
3015 -1
3016 -1
3017 -1
3018 -1
3019 -1
3020 -1
3021 -1
3022 -1
3023 -1
3024 -1
3025 -1
3026 -1
3027 -1
3028 -1
3029 -1
3030 -1
3031 -1
3032 -1
3033 -1
3034 21
3035 -1
3036 -1
3037 -1
3038 -1
3039 -1
3040 -1
3041 -1
3042 -1
3043 26
3044 -1
3045 26
3046 26
3047 26
3048 26
3049 -1
3050 -1
3051 -1
3052 -1
3053 -1
3054 -1
3055 -1
3056 -1
3057 -1
3058 -1
3059 -1
3060 -1
3061 -1
3062 -1
3063 -1
3064 -1
3065 -1
3066 -1
3067 -1
3068 -1
3069 -1
3070 -1
3071 -1
3072 -1
3073 -1
3074 -1
3075 -1
3076 -1
3077 -1
3078 -1
3079 -1
3080 -1
3081 -1
3082 -1
3083 -1
3084 -1
3085 -1
3086 -1
3087 -1
3088 -1
3089 -1
3090 -1
3091 -1
3092 -1
3093 -1
3094 -1
3095 -1
3096 -1
3097 -1
3098 -1
3099 -1
3100 -1
3101 -1
3102 -1
3103 -1
3104 -1
3105 -1
3106 -1
3107 -1
3108 -1
3109 -1
3110 -1
3111 -1
3112 -1
3113 -1
3114 -1
3115 -1
3116 -1
3117 -1
3118 -1
3119 -1
3120 -1
3121 -1
3122 -1
3123 -1
3124 -1
3125 -1
3126 -1
3127 -1
3128 -1
3129 -1
3130 -1
3131 -1
3132 -1
3133 -1
3134 -1
3135 -1
3136 -1
3137 -1
3138 -1
3139 -1
3140 -1
3141 -1
3142 -1
3143 -1
3144 -1
3145 -1
3146 -1
3147 18
3148 18
3149 18
3150 18
3151 18
3152 18
3153 18
3154 18
3155 18
3156 18
3157 18
3158 -1
3159 -1
3160 -1
3161 -1
3162 -1
3163 -1
3164 -1
3165 -1
3166 -1
3167 -1
3168 -1
3169 -1
3170 -1
3171 -1
3172 -1
3173 -1
3174 -1
3175 -1
3176 -1
3177 -1
3178 -1
3179 -1
3180 -1
3181 -1
3182 -1
3183 -1
3184 -1
3185 -1
3186 -1
3187 -1
3188 -1
3189 -1
3190 -1
3191 -1
3192 -1
3193 -1
3194 -1
3195 -1
3196 -1
3197 -1
3198 -1
3199 -1
3200 -1
3201 -1
3202 21
3203 -1
3204 -1
3205 -1
3206 -1
3207 -1
3208 -1
3209 -1
3210 -1
3211 -1
3212 -1
3213 -1
3214 -1
3215 -1
3216 -1
3217 -1
3218 -1
3219 -1
3220 -1
3221 -1
3222 -1
3223 -1
3224 -1
3225 -1
3226 -1
3227 -1
3228 -1
3229 -1
3230 -1
3231 -1
3232 -1
3233 -1
3234 -1
3235 -1
3236 -1
3237 -1
3238 -1
3239 -1
3240 -1
3241 -1
3242 -1
3243 -1
3244 -1
3245 2
3246 2
3247 2
3248 -1
3249 -1
3250 -1
3251 -1
3252 -1
3253 -1
3254 -1
3255 -1
3256 -1
3257 -1
3258 -1
3259 -1
3260 -1
3261 -1
3262 -1
3263 -1
3264 -1
3265 -1
3266 -1
3267 -1
3268 -1
3269 -1
3270 -1
3271 -1
3272 -1
3273 -1
3274 -1
3275 -1
3276 -1
3277 -1
3278 -1
3279 -1
3280 -1
3281 -1
3282 -1
3283 -1
3284 -1
3285 -1
3286 -1
3287 -1
3288 -1
3289 -1
3290 18
3291 -1
3292 18
3293 -1
3294 18
3295 -1
3296 18
3297 18
3298 18
3299 18
3300 18
3301 18
3302 18
3303 18
3304 18
3305 18
3306 18
3307 18
3308 18
3309 18
3310 18
3311 18
3312 18
3313 18
3314 18
3315 18
3316 18
3317 18
3318 18
3319 18
3320 18
3321 18
3322 18
3323 18
3324 18
3325 18
3326 18
3327 18
3328 18
3329 18
3330 18
3331 -1
3332 -1
3333 -1
3334 -1
3335 -1
3336 -1
3337 -1
3338 -1
3339 -1
3340 -1
3341 -1
3342 -1
3343 -1
3344 -1
3345 -1
3346 -1
3347 -1
3348 -1
3349 -1
3350 -1
3351 -1
3352 -1
3353 -1
3354 -1
3355 -1
3356 -1
3357 -1
3358 -1
3359 -1
3360 -1
3361 -1
3362 -1
3363 -1
3364 -1
3365 -1
3366 -1
3367 -1
3368 -1
3369 -1
3370 -1
3371 -1
3372 -1
3373 -1
3374 -1
3375 -1
3376 -1
3377 -1
3378 -1
3379 -1
3380 -1
3381 -1
3382 -1
3383 -1
3384 -1
3385 -1
3386 -1
3387 -1
3388 -1
3389 -1
3390 -1
3391 -1
3392 -1
3393 -1
3394 -1
3395 -1
3396 -1
3397 -1
3398 -1
3399 -1
3400 -1
3401 -1
3402 -1
3403 -1
3404 -1
3405 -1
3406 -1
3407 -1
3408 -1
3409 -1
3410 -1
3411 -1
3412 -1
3413 -1
3414 -1
3415 -1
3416 -1
3417 -1
3418 -1
3419 -1
3420 -1
3421 -1
3422 -1
3423 -1
3424 -1
3425 -1
3426 -1
3427 -1
3428 -1
3429 -1
3430 -1
3431 2
3432 2
3433 2
3434 2
3435 2
3436 2
3437 2
3438 2
3439 -1
3440 -1
3441 -1
3442 -1
3443 -1
3444 -1
3445 -1
3446 -1
3447 -1
3448 -1
3449 -1
3450 -1
3451 -1
3452 -1
3453 -1
3454 -1
3455 -1
3456 -1
3457 -1
3458 -1
3459 -1
3460 -1
3461 -1
3462 -1
3463 -1
3464 -1
3465 -1
3466 -1
3467 -1
3468 -1
3469 -1
3470 -1
3471 -1
3472 -1
3473 -1
3474 -1
3475 -1
3476 -1
3477 -1
3478 -1
3479 -1
3480 -1
3481 -1
3482 -1
3483 -1
3484 -1
3485 -1
3486 -1
3487 -1
3488 -1
3489 -1
3490 -1
3491 -1
3492 -1
3493 -1
3494 -1
3495 -1
3496 -1
3497 26
3498 -1
3499 -1
3500 -1
3501 -1
3502 -1
3503 -1
3504 -1
3505 -1
3506 -1
3507 -1
3508 -1
3509 -1
3510 -1
3511 -1
3512 -1
3513 -1
3514 -1
3515 -1
3516 -1
3517 -1
3518 -1
3519 -1
3520 -1
3521 -1
3522 -1
3523 -1
3524 -1
3525 -1
3526 18
3527 18
3528 18
3529 18
3530 -1
3531 -1
3532 -1
3533 -1
3534 -1
3535 -1
3536 -1
3537 2
3538 -1
3539 -1
3540 -1
3541 -1
3542 -1
3543 -1
3544 -1
3545 -1
3546 -1
3547 -1
3548 -1
3549 -1
3550 -1
3551 -1
3552 -1
3553 -1
3554 -1
3555 -1
3556 -1
3557 -1
3558 -1
3559 -1
3560 -1
3561 -1
3562 -1
3563 -1
3564 -1
3565 -1
3566 -1
3567 -1
3568 26
3569 26
3570 26
3571 26
3572 -1
3573 -1
3574 -1
3575 -1
3576 -1
3577 -1
3578 -1
3579 -1
3580 -1
3581 -1
3582 -1
3583 -1
3584 -1
3585 -1
3586 -1
3587 -1
3588 -1
3589 -1
3590 -1
3591 -1
3592 -1
3593 -1
3594 16
3595 -1
3596 -1
3597 -1
3598 16
3599 -1
3600 -1
3601 -1
3602 -1
3603 -1
3604 -1
3605 -1
3606 -1
3607 -1
3608 -1
3609 -1
3610 -1
3611 27
3612 -1
3613 -1
3614 -1
3615 -1
3616 -1
3617 -1
3618 -1
3619 -1
3620 -1
3621 -1
3622 -1
3623 -1
3624 -1
3625 -1
3626 -1
3627 -1
3628 -1
3629 -1
3630 -1
3631 -1
3632 -1
3633 -1
3634 -1
3635 -1
3636 -1
3637 14
3638 -1
3639 -1
3640 -1
3641 -1
3642 -1
3643 -1
3644 -1
3645 -1
3646 -1
3647 -1
3648 -1
3649 -1
3650 -1
3651 -1
3652 -1
3653 -1
3654 25
3655 25
3656 25
3657 25
3658 25
3659 25
3660 25
3661 25
3662 -1
3663 -1
3664 -1
3665 -1
3666 -1
3667 -1
3668 -1
3669 -1
3670 -1
3671 -1
3672 -1
3673 -1
3674 -1
3675 -1
3676 -1
3677 -1
3678 -1
3679 -1
3680 -1
3681 -1
3682 -1
3683 18
3684 18
3685 18
3686 18
3687 -1
3688 -1
3689 -1
3690 -1
3691 -1
3692 -1
3693 -1
3694 -1
3695 -1
3696 -1
3697 -1
3698 -1
3699 -1
3700 25
3701 25
3702 25
3703 25
3704 25
3705 25
3706 25
3707 25
3708 25
3709 25
3710 25
3711 25
3712 25
3713 25
3714 25
3715 25
3716 25
3717 25
3718 -1
3719 25
3720 -1
3721 -1
3722 -1
3723 -1
3724 -1
3725 -1
3726 -1
3727 -1
3728 -1
3729 -1
3730 27
3731 27
3732 27
3733 27
3734 27
3735 27
3736 27
3737 27
3738 27
3739 27
3740 -1
3741 -1
3742 -1
3743 -1
3744 -1
3745 -1
3746 -1
3747 25
3748 25
3749 25
3750 25
3751 25
3752 25
3753 25
3754 25
3755 25
3756 25
3757 25
3758 25
3759 25
3760 25
3761 25
3762 25
3763 25
3764 25
3765 25
3766 25
3767 25
3768 25
3769 25
3770 25
3771 25
3772 25
3773 25
3774 25
3775 25
3776 25
3777 25
3778 25
3779 25
3780 25
3781 25
3782 25
3783 25
3784 25
3785 -1
3786 25
3787 25
3788 25
3789 25
3790 25
3791 25
3792 25
3793 25
3794 25
3795 25
3796 25
3797 25
3798 25
3799 25
3800 25
3801 25
3802 25
3803 -1
3804 -1
3805 -1
3806 -1
3807 -1
3808 -1
3809 -1
3810 -1
3811 -1
3812 -1
3813 -1
3814 -1
3815 -1
3816 -1
3817 -1
3818 -1
3819 -1
3820 -1
3821 -1
3822 -1
3823 -1
3824 -1
3825 -1
3826 -1
3827 -1
3828 -1
3829 -1
3830 -1
3831 -1
3832 -1
3833 -1
3834 -1
3835 -1
3836 -1
3837 -1
3838 -1
3839 -1
3840 -1
3841 -1
3842 -1
3843 -1
3844 -1
3845 -1
3846 -1
3847 -1
3848 -1
3849 -1
3850 -1
3851 -1
3852 -1
3853 -1
3854 -1
3855 -1
3856 -1
3857 -1
3858 -1
3859 -1
3860 -1
3861 -1
3862 -1
3863 -1
3864 -1
3865 -1
3866 -1
3867 -1
3868 -1
3869 -1
3870 -1
3871 -1
3872 -1
3873 -1
3874 -1
3875 -1
3876 -1
3877 -1
3878 -1
3879 -1
3880 -1
3881 -1
3882 -1
3883 -1
3884 -1
3885 -1
3886 -1
3887 -1
3888 -1
3889 -1
3890 -1
3891 -1
3892 14
3893 14
3894 14
3895 14
3896 14
3897 14
3898 14
3899 -1
3900 -1
3901 -1
3902 -1
3903 -1
3904 -1
3905 -1
3906 -1
3907 -1
3908 -1
3909 -1
3910 -1
3911 -1
3912 -1
3913 -1
3914 -1
3915 -1
3916 -1
3917 -1
3918 -1
3919 -1
3920 -1
3921 -1
3922 -1
3923 -1
3924 -1
3925 -1
3926 -1
3927 -1
3928 -1
3929 -1
3930 -1
3931 -1
3932 -1
3933 -1
3934 -1
3935 -1
3936 -1
3937 -1
3938 -1
3939 -1
3940 25
3941 25
3942 25
3943 25
3944 25
3945 25
3946 25
3947 25
3948 25
3949 -1
3950 -1
3951 -1
3952 -1
3953 -1
3954 -1
3955 -1
3956 -1
3957 -1
3958 -1
3959 -1
3960 -1
3961 -1
3962 -1
3963 -1
3964 -1
3965 -1
3966 -1
3967 -1
3968 -1
3969 -1
3970 -1
3971 -1
3972 -1
3973 -1
3974 -1
3975 -1
3976 -1
3977 -1
3978 -1
3979 -1
3980 -1
3981 -1
3982 -1
3983 -1
3984 -1
3985 -1
3986 14
3987 14
3988 14
3989 14
3990 14
3991 14
3992 14
3993 14
3994 -1
3995 -1
3996 -1
3997 -1
3998 -1
3999 -1
4000 -1
4001 -1
4002 -1
4003 -1
4004 -1
4005 -1
4006 -1
4007 -1
4008 -1
4009 -1
4010 2
4011 2
4012 2
4013 2
4014 2
4015 2
4016 -1
4017 -1
4018 -1
4019 -1
4020 -1
4021 -1
4022 -1
4023 -1
4024 -1
4025 -1
4026 -1
4027 -1
4028 -1
4029 -1
4030 -1
4031 -1
4032 -1
4033 -1
4034 -1
4035 -1
4036 -1
4037 -1
4038 -1
4039 -1
4040 -1
4041 -1
4042 -1
4043 -1
4044 -1
4045 -1
4046 -1
4047 -1
4048 -1
4049 -1
4050 -1
4051 -1
4052 -1
4053 -1
4054 -1
4055 -1
4056 -1
4057 14
4058 -1
4059 -1
4060 -1
4061 -1
4062 -1
4063 -1
4064 -1
4065 -1
4066 -1
4067 -1
4068 -1
4069 -1
4070 -1
4071 -1
4072 -1
4073 -1
4074 -1
4075 -1
4076 -1
4077 -1
4078 -1
4079 -1
4080 -1
4081 -1
4082 -1
4083 -1
4084 -1
4085 -1
4086 -1
4087 14
4088 14
4089 14
4090 14
4091 14
4092 -1
4093 -1
4094 -1
4095 -1
4096 -1
4097 -1
4098 -1
4099 -1
4100 -1
4101 -1
4102 -1
4103 -1
4104 -1
4105 -1
4106 -1
4107 -1
4108 -1
4109 -1
4110 -1
4111 -1
4112 -1
4113 -1
4114 -1
4115 -1
4116 -1
4117 -1
4118 -1
4119 -1
4120 -1
4121 -1
4122 -1
4123 -1
4124 -1
4125 -1
4126 -1
4127 -1
4128 -1
4129 -1
4130 -1
4131 -1
4132 -1
4133 -1
4134 -1
4135 -1
4136 -1
4137 -1
4138 -1
4139 -1
4140 -1
4141 -1
4142 -1
4143 -1
4144 -1
4145 -1
4146 -1
4147 -1
4148 -1
4149 -1
4150 -1
4151 -1
4152 -1
4153 -1
4154 2
4155 2
4156 2
4157 2
4158 2
4159 2
4160 2
4161 2
4162 2
4163 2
4164 2
4165 2
4166 2
4167 2
4168 2
4169 2
4170 2
4171 2
4172 2
4173 2
4174 2
4175 2
4176 2
4177 2
4178 2
4179 2
4180 2
4181 2
4182 2
4183 2
4184 2
4185 2
4186 2
4187 2
4188 2
4189 2
4190 2
4191 2
4192 2
4193 2
4194 2
4195 2
4196 2
4197 2
4198 2
4199 2
4200 2
4201 2
4202 2
4203 2
4204 2
4205 2
4206 2
4207 2
4208 2
4209 2
4210 2
4211 2
4212 2
4213 2
4214 2
4215 2
4216 2
4217 2
4218 2
4219 2
4220 2
4221 -1
4222 -1
4223 -1
4224 -1
4225 -1
4226 -1
4227 -1
4228 -1
4229 -1
4230 -1
4231 -1
4232 -1
4233 -1
4234 -1
4235 -1
4236 -1
4237 -1
4238 -1
4239 -1
4240 -1
4241 -1
4242 -1
4243 -1
4244 -1
4245 -1
4246 -1
4247 -1
4248 -1
4249 -1
4250 -1
4251 -1
4252 -1
4253 -1
4254 -1
4255 -1
4256 -1
4257 -1
4258 -1
4259 -1
4260 -1
4261 -1
4262 -1
4263 -1
4264 -1
4265 -1
4266 -1
4267 -1
4268 -1
4269 -1
4270 -1
4271 -1
4272 -1
4273 -1
4274 -1
4275 -1
4276 -1
4277 -1
4278 -1
4279 -1
4280 -1
4281 -1
4282 -1
4283 -1
4284 -1
4285 2
4286 2
4287 2
4288 2
4289 2
4290 2
4291 2
4292 2
4293 2
4294 2
4295 -1
4296 -1
4297 -1
4298 -1
4299 -1
4300 2
4301 2
4302 2
4303 2
4304 2
4305 2
4306 2
4307 2
4308 2
4309 2
4310 2
4311 -1
4312 -1
4313 -1
4314 -1
4315 -1
4316 -1
4317 -1
4318 -1
4319 -1
4320 -1
4321 -1
4322 -1
4323 21
4324 21
4325 21
4326 21
4327 21
4328 21
4329 -1
4330 -1
4331 -1
4332 -1
4333 -1
4334 -1
4335 -1
4336 -1
4337 14
4338 14
4339 14
4340 14
4341 14
4342 14
4343 14
4344 14
4345 14
4346 14
4347 14
4348 14
4349 -1
4350 -1
4351 -1
4352 -1
4353 -1
4354 -1
4355 -1
4356 -1
4357 -1
4358 -1
4359 -1
4360 -1
4361 -1
4362 -1
4363 -1
4364 -1
4365 -1
4366 -1
4367 -1
4368 26
4369 26
4370 26
4371 26
4372 26
4373 26
4374 26
4375 26
4376 26
4377 26
4378 26
4379 26
4380 26
4381 26
4382 26
4383 26
4384 26
4385 -1
4386 -1
4387 -1
4388 -1
4389 -1
4390 -1
4391 -1
4392 -1
4393 -1
4394 -1
4395 -1
4396 -1
4397 -1
4398 -1
4399 -1
4400 -1
4401 -1
4402 -1
4403 -1
4404 -1
4405 -1
4406 -1
4407 -1
4408 -1
4409 -1
4410 21
4411 21
4412 21
4413 21
4414 21
4415 21
4416 -1
4417 -1
4418 -1
4419 -1
4420 -1
4421 -1
4422 -1
4423 -1
4424 -1
4425 -1
4426 -1
4427 -1
4428 -1
4429 -1
4430 -1
4431 15
4432 15
4433 15
4434 15
4435 15
4436 15
4437 15
4438 15
4439 -1
4440 -1
4441 -1
4442 -1
4443 -1
4444 -1
4445 -1
4446 -1
4447 -1
4448 -1
4449 -1
4450 -1
4451 -1
4452 -1
4453 21
4454 21
4455 21
4456 21
4457 21
4458 21
4459 -1
4460 -1
4461 -1
4462 -1
4463 -1
4464 -1
4465 -1
4466 -1
4467 -1
4468 -1
4469 -1
4470 -1
4471 -1
4472 -1
4473 -1
4474 -1
4475 -1
4476 -1
4477 -1
4478 -1
4479 -1
4480 -1
4481 -1
4482 -1
4483 -1
4484 -1
4485 -1
4486 -1
4487 -1
4488 -1
4489 -1
4490 -1
4491 -1
4492 -1
4493 21
4494 -1
4495 -1
4496 -1
4497 21
4498 21
4499 21
4500 21
4501 21
4502 21
4503 21
4504 21
4505 -1
4506 -1
4507 -1
4508 -1
4509 -1
4510 -1
4511 -1
4512 -1
4513 -1
4514 -1
4515 -1
4516 -1
4517 -1
4518 -1
4519 -1
4520 -1
4521 -1
4522 -1
4523 -1
4524 21
4525 21
4526 21
4527 21
4528 21
4529 21
4530 -1
4531 -1
4532 -1
4533 -1
4534 -1
4535 -1
4536 -1
4537 -1
4538 -1
4539 -1
4540 -1
4541 -1
4542 -1
4543 -1
4544 -1
4545 -1
4546 -1
4547 -1
4548 -1
4549 -1
4550 -1
4551 -1
4552 -1
4553 -1
4554 -1
4555 14
4556 14
4557 14
4558 14
4559 14
4560 -1
4561 14
4562 -1
4563 -1
4564 -1
4565 -1
4566 -1
4567 -1
4568 -1
4569 -1
4570 -1
4571 -1
4572 -1
4573 -1
4574 -1
4575 -1
4576 -1
4577 -1
4578 -1
4579 -1
4580 -1
4581 -1
4582 -1
4583 -1
4584 -1
4585 -1
4586 -1
4587 -1
4588 -1
4589 -1
4590 -1
4591 -1
4592 -1
4593 -1
4594 -1
4595 -1
4596 -1
4597 -1
4598 -1
4599 -1
4600 -1
4601 -1
4602 -1
4603 -1
4604 -1
4605 -1
4606 -1
4607 -1
4608 -1
4609 -1
4610 -1
4611 -1
4612 -1
4613 -1
4614 -1
4615 -1
4616 -1
4617 -1
4618 -1
4619 -1
4620 -1
4621 -1
4622 -1
4623 -1
4624 -1
4625 -1
4626 -1
4627 -1
4628 -1
4629 -1
4630 -1
4631 -1
4632 -1
4633 -1
4634 -1
4635 -1
4636 -1
4637 -1
4638 -1
4639 -1
4640 -1
4641 -1
4642 -1
4643 -1
4644 -1
4645 -1
4646 -1
4647 -1
4648 -1
4649 -1
4650 -1
4651 -1
4652 -1
4653 -1
4654 -1
4655 -1
4656 -1
4657 -1
4658 -1
4659 -1
4660 -1
4661 -1
4662 -1
4663 -1
4664 -1
4665 -1
4666 -1
4667 -1
4668 -1
4669 -1
4670 -1
4671 -1
4672 -1
4673 -1
4674 -1
4675 -1
4676 -1
4677 -1
4678 -1
4679 -1
4680 -1
4681 -1
4682 -1
4683 -1
4684 -1
4685 -1
4686 -1
4687 -1
4688 -1
4689 -1
4690 -1
4691 -1
4692 -1
4693 -1
4694 -1
4695 -1
4696 -1
4697 -1
4698 -1
4699 -1
4700 -1
4701 -1
4702 -1
4703 -1
4704 -1
4705 -1
4706 -1
4707 -1
4708 -1
4709 -1
4710 -1
4711 -1
4712 -1
4713 -1
4714 -1
4715 -1
4716 -1
4717 -1
4718 -1
4719 -1
4720 -1
4721 -1
4722 -1
4723 -1
4724 -1
4725 -1
4726 -1
4727 -1
4728 -1
4729 -1
4730 -1
4731 -1
4732 -1
4733 -1
4734 -1
4735 -1
4736 -1
4737 -1
4738 -1
4739 -1
4740 -1
4741 -1
4742 -1
4743 -1
4744 -1
4745 -1
4746 -1
4747 -1
4748 -1
4749 -1
4750 -1
4751 -1
4752 -1
4753 -1
4754 -1
4755 -1
4756 -1
4757 -1
4758 -1
4759 -1
4760 -1
4761 -1
4762 -1
4763 -1
4764 -1
4765 -1
4766 -1
4767 -1
4768 -1
4769 -1
4770 -1
4771 -1
4772 -1
4773 -1
4774 -1
4775 -1
4776 -1
4777 -1
4778 -1
4779 -1
4780 -1
4781 -1
4782 -1
4783 -1
4784 -1
4785 -1
4786 -1
4787 -1
4788 -1
4789 -1
4790 -1
4791 -1
4792 -1
4793 -1
4794 -1
4795 -1
4796 -1
4797 -1
4798 -1
4799 -1
4800 -1
4801 -1
4802 -1
4803 -1
4804 -1
4805 -1
4806 -1
4807 -1
4808 -1
4809 -1
4810 -1
4811 -1
4812 -1
4813 -1
4814 -1
4815 -1
4816 -1
4817 -1
4818 -1
4819 -1
4820 -1
4821 -1
4822 -1
4823 -1
4824 -1
4825 -1
4826 -1
4827 -1
4828 -1
4829 -1
4830 -1
4831 -1
4832 -1
4833 -1
4834 -1
4835 -1
4836 -1
4837 -1
4838 -1
4839 -1
4840 -1
4841 -1
4842 -1
4843 -1
4844 -1
4845 -1
4846 2
4847 2
4848 2
4849 2
4850 2
4851 2
4852 2
4853 2
4854 2
4855 2
4856 2
4857 2
4858 2
4859 -1
4860 -1
4861 -1
4862 -1
4863 -1
4864 -1
4865 -1
4866 -1
4867 -1
4868 -1
4869 -1
4870 -1
4871 -1
4872 -1
4873 -1
4874 -1
4875 -1
4876 -1
4877 -1
4878 -1
4879 -1
4880 -1
4881 -1
4882 -1
4883 -1
4884 -1
4885 -1
4886 -1
4887 -1
4888 -1
4889 -1
4890 -1
4891 -1
4892 -1
4893 -1
4894 -1
4895 -1
4896 -1
4897 -1
4898 -1
4899 -1
4900 -1
4901 -1
4902 -1
4903 -1
4904 -1
4905 -1
4906 -1
4907 -1
4908 -1
4909 -1
4910 -1
4911 -1
4912 -1
4913 -1
4914 -1
4915 -1
4916 -1
4917 -1
4918 -1
4919 -1
4920 -1
4921 -1
4922 -1
4923 -1
4924 -1
4925 -1
4926 -1
4927 -1
4928 -1
4929 -1
4930 -1
4931 -1
4932 -1
4933 -1
4934 -1
4935 -1
4936 -1
4937 -1
4938 -1
4939 -1
4940 -1
4941 -1
4942 -1
4943 -1
4944 -1
4945 -1
4946 -1
4947 -1
4948 14
4949 -1
4950 -1
4951 -1
4952 -1
4953 -1
4954 -1
4955 -1
4956 -1
4957 -1
4958 -1
4959 -1
4960 -1
4961 -1
4962 -1
4963 -1
4964 -1
4965 -1
4966 -1
4967 -1
4968 -1
4969 -1
4970 -1
4971 -1
4972 -1
4973 -1
4974 -1
4975 -1
4976 -1
4977 -1
4978 -1
4979 -1
4980 -1
4981 -1
4982 -1
4983 -1
4984 -1
4985 -1
4986 -1
4987 -1
4988 -1
4989 -1
4990 -1
4991 -1
4992 -1
4993 -1
4994 -1
4995 -1
4996 -1
4997 -1
4998 -1
4999 -1
5000 -1
5001 -1
5002 -1
5003 -1
5004 -1
5005 -1
5006 -1
5007 -1
5008 -1
5009 -1
5010 -1
5011 -1
5012 -1
5013 -1
5014 -1
5015 -1
5016 -1
5017 -1
5018 -1
5019 -1
5020 -1
5021 -1
5022 18
5023 18
5024 18
5025 18
5026 18
5027 18
5028 18
5029 18
5030 -1
5031 -1
5032 -1
5033 -1
5034 -1
5035 -1
5036 -1
5037 -1
5038 -1
5039 2
5040 2
5041 2
5042 2
5043 2
5044 -1
5045 -1
5046 -1
5047 -1
5048 -1
5049 -1
5050 -1
5051 -1
5052 -1
5053 -1
5054 -1
5055 -1
5056 -1
5057 -1
5058 -1
5059 -1
5060 -1
5061 -1
5062 21
5063 -1
5064 21
5065 21
5066 21
5067 21
5068 -1
5069 -1
5070 -1
5071 -1
5072 -1
5073 -1
5074 -1
5075 -1
5076 -1
5077 -1
5078 -1
5079 -1
5080 -1
5081 -1
5082 -1
5083 -1
5084 -1
5085 -1
5086 -1
5087 -1
5088 -1
5089 -1
5090 -1
5091 -1
5092 -1
5093 -1
5094 -1
5095 -1
5096 -1
5097 -1
5098 -1
5099 -1
5100 -1
5101 -1
5102 -1
5103 -1
5104 -1
5105 -1
5106 -1
5107 -1
5108 -1
5109 -1
5110 -1
5111 -1
5112 -1
5113 -1
5114 -1
5115 -1
5116 -1
5117 -1
5118 -1
5119 -1
5120 -1
5121 -1
5122 -1
5123 -1
5124 -1
5125 -1
5126 -1
5127 16
5128 16
5129 16
5130 16
5131 16
5132 16
5133 16
5134 16
5135 16
5136 16
5137 16
5138 16
5139 16
5140 16
5141 16
5142 16
5143 16
5144 16
5145 16
5146 16
5147 16
5148 16
5149 16
5150 16
5151 16
5152 16
5153 16
5154 16
5155 16
5156 16
5157 16
5158 16
5159 16
5160 16
5161 16
5162 16
5163 16
5164 16
5165 16
5166 16
5167 16
5168 16
5169 16
5170 16
5171 16
5172 16
5173 16
5174 16
5175 16
5176 16
5177 16
5178 16
5179 16
5180 16
5181 16
5182 16
5183 16
5184 -1
5185 16
5186 -1
5187 -1
5188 -1
5189 -1
5190 -1
5191 -1
5192 -1
5193 -1
5194 -1
5195 -1
5196 -1
5197 -1
5198 -1
5199 -1
5200 -1
5201 -1
5202 -1
5203 -1
5204 -1
5205 -1
5206 -1
5207 26
5208 26
5209 26
5210 26
5211 26
5212 26
5213 26
5214 26
5215 -1
5216 -1
5217 -1
5218 -1
5219 -1
5220 -1
5221 -1
5222 -1
5223 -1
5224 -1
5225 -1
5226 -1
5227 -1
5228 -1
5229 -1
5230 -1
5231 -1
5232 -1
5233 -1
5234 -1
5235 -1
5236 -1
5237 -1
5238 -1
5239 -1
5240 -1
5241 -1
5242 -1
5243 -1
5244 -1
5245 -1
5246 -1
5247 -1
5248 -1
5249 -1
5250 -1
5251 -1
5252 -1
5253 -1
5254 -1
5255 -1
5256 -1
5257 -1
5258 -1
5259 -1
5260 -1
5261 -1
5262 -1
5263 -1
5264 -1
5265 -1
5266 -1
5267 -1
5268 -1
5269 -1
5270 -1
5271 -1
5272 -1
5273 -1
5274 -1
5275 -1
5276 -1
5277 24
5278 -1
5279 -1
5280 -1
5281 -1
5282 -1
5283 -1
5284 -1
5285 -1
5286 -1
5287 -1
5288 -1
5289 -1
5290 -1
5291 -1
5292 -1
5293 -1
5294 -1
5295 -1
5296 -1
5297 -1
5298 -1
5299 -1
5300 -1
5301 -1
5302 -1
5303 -1
5304 -1
5305 -1
5306 -1
5307 -1
5308 -1
5309 -1
5310 -1
5311 -1
5312 -1
5313 -1
5314 -1
5315 -1
5316 -1
5317 -1
5318 -1
5319 -1
5320 -1
5321 -1
5322 -1
5323 -1
5324 -1
5325 -1
5326 -1
5327 -1
5328 -1
5329 -1
5330 -1
5331 -1
5332 -1
5333 -1
5334 -1
5335 -1
5336 -1
5337 -1
5338 -1
5339 -1
5340 -1
5341 -1
5342 -1
5343 -1
5344 -1
5345 -1
5346 -1
5347 -1
5348 -1
5349 -1
5350 -1
5351 -1
5352 -1
5353 -1
5354 -1
5355 -1
5356 -1
5357 -1
5358 -1
5359 -1
5360 -1
5361 -1
5362 -1
5363 -1
5364 -1
5365 -1
5366 -1
5367 -1
5368 -1
5369 -1
5370 -1
5371 -1
5372 -1
5373 -1
5374 -1
5375 18
5376 18
5377 18
5378 18
5379 18
5380 18
5381 18
5382 18
5383 18
5384 18
5385 18
5386 18
5387 18
5388 18
5389 18
5390 18
5391 18
5392 18
5393 18
5394 -1
5395 18
5396 18
5397 18
5398 -1
5399 -1
5400 -1
5401 -1
5402 -1
5403 -1
5404 -1
5405 -1
5406 -1
5407 -1
5408 -1
5409 21
5410 21
5411 21
5412 21
5413 -1
5414 -1
5415 -1
5416 -1
5417 -1
5418 -1
5419 -1
5420 -1
5421 -1
5422 -1
5423 -1
5424 -1
5425 -1
5426 -1
5427 -1
5428 -1
5429 -1
5430 -1
5431 -1
5432 -1
5433 -1
5434 -1
5435 -1
5436 -1
5437 -1
5438 -1
5439 -1
5440 -1
5441 -1
5442 -1
5443 -1
5444 -1
5445 -1
5446 -1
5447 -1
5448 -1
5449 -1
5450 -1
5451 -1
5452 -1
5453 -1
5454 -1
5455 -1
5456 -1
5457 -1
5458 -1
5459 2
5460 -1
5461 -1
5462 -1
5463 2
5464 -1
5465 2
5466 -1
5467 -1
5468 -1
5469 -1
5470 -1
5471 -1
5472 -1
5473 -1
5474 -1
5475 -1
5476 -1
5477 -1
5478 -1
5479 -1
5480 -1
5481 -1
5482 -1
5483 -1
5484 -1
5485 -1
5486 -1
5487 -1
5488 -1
5489 -1
5490 -1
5491 -1
5492 -1
5493 -1
5494 -1
5495 -1
5496 -1
5497 -1
5498 -1
5499 -1
5500 -1
5501 -1
5502 -1
5503 -1
5504 -1
5505 -1
5506 -1
5507 -1
5508 -1
5509 -1
5510 -1
5511 -1
5512 -1
5513 -1
5514 -1
5515 -1
5516 -1
5517 -1
5518 -1
5519 -1
5520 -1
5521 -1
5522 -1
5523 -1
5524 -1
5525 -1
5526 -1
5527 -1
5528 16
5529 -1
5530 16
5531 16
5532 16
5533 16
5534 16
5535 16
5536 16
5537 16
5538 -1
5539 16
5540 16
5541 16
5542 16
5543 16
5544 16
5545 16
5546 16
5547 16
5548 16
5549 16
5550 16
5551 16
5552 16
5553 16
5554 16
5555 16
5556 16
5557 16
5558 16
5559 16
5560 16
5561 16
5562 16
5563 16
5564 16
5565 16
5566 16
5567 16
5568 16
5569 16
5570 16
5571 16
5572 16
5573 -1
5574 -1
5575 -1
5576 16
5577 16
5578 16
5579 16
5580 16
5581 16
5582 16
5583 16
5584 16
5585 16
5586 16
5587 16
5588 16
5589 16
5590 16
5591 -1
5592 -1
5593 -1
5594 -1
5595 -1
5596 -1
5597 -1
5598 -1
5599 -1
5600 -1
5601 -1
5602 -1
5603 -1
5604 -1
5605 -1
5606 -1
5607 -1
5608 -1
5609 -1
5610 -1
5611 -1
5612 -1
5613 -1
5614 -1
5615 -1
5616 -1
5617 -1
5618 -1
5619 -1
5620 -1
5621 -1
5622 -1
5623 -1
5624 -1
5625 -1
5626 -1
5627 -1
5628 -1
5629 -1
5630 -1
5631 -1
5632 -1
5633 -1
5634 -1
5635 -1
5636 -1
5637 -1
5638 -1
5639 -1
5640 -1
5641 -1
5642 -1
5643 -1
5644 -1
5645 -1
5646 -1
5647 -1
5648 -1
5649 -1
5650 -1
5651 -1
5652 -1
5653 -1
