0 -1
1 -1
2 -1
3 -1
4 -1
5 -1
6 -1
7 -1
8 -1
9 -1
10 -1
11 -1
12 -1
13 -1
14 -1
15 -1
16 -1
17 -1
18 -1
19 0
20 -1
21 0
22 0
23 0
24 0
25 0
26 -1
27 -1
28 -1
29 -1
30 -1
31 0
32 0
33 0
34 0
35 -1
36 -1
37 -1
38 -1
39 -1
40 -1
41 -1
42 -1
43 -1
44 0
45 0
46 0
47 0
48 0
49 0
50 -1
51 -1
52 -1
53 -1
54 -1
55 -1
56 -1
57 1
58 1
59 1
60 1
61 1
62 1
63 1
64 1
65 1
66 1
67 1
68 1
69 1
70 1
71 1
72 1
73 1
74 1
75 1
76 1
77 1
78 1
79 1
80 1
81 1
82 -1
83 -1
84 -1
85 -1
86 -1
87 -1
88 -1
89 -1
90 -1
91 -1
92 -1
93 -1
94 -1
95 -1
96 -1
97 -1
98 -1
99 -1
100 -1
101 -1
102 -1
103 -1
104 -1
105 -1
106 -1
107 3
108 3
109 3
110 3
111 -1
112 -1
113 -1
114 -1
115 -1
116 -1
117 -1
118 2
119 2
120 2
121 2
122 2
123 2
124 -1
125 -1
126 -1
127 -1
128 -1
129 -1
130 -1
131 -1
132 -1
133 3
134 3
135 3
136 3
137 3
138 3
139 3
140 3
141 3
142 3
143 3
144 3
145 3
146 3
147 3
148 3
149 3
150 3
151 3
152 3
153 3
154 3
155 3
156 3
157 -1
158 -1
159 -1
160 -1
161 -1
162 -1
163 -1
164 -1
165 -1
166 -1
167 -1
168 -1
169 -1
170 -1
171 -1
172 -1
173 -1
174 -1
175 -1
176 -1
177 -1
178 -1
179 4
180 -1
181 -1
182 -1
183 -1
184 -1
185 4
186 4
187 4
188 4
189 4
190 4
191 4
192 4
193 4
194 4
195 -1
196 -1
197 -1
198 -1
199 -1
200 -1
201 -1
202 -1
203 -1
204 -1
205 -1
206 -1
207 -1
208 -1
209 -1
210 5
211 5
212 5
213 5
214 5
215 5
216 5
217 5
218 -1
219 5
220 5
221 5
222 5
223 5
224 5
225 5
226 5
227 5
228 5
229 5
230 5
231 5
232 5
233 5
234 5
235 -1
236 -1
237 -1
238 -1
239 -1
240 -1
241 -1
242 -1
243 -1
244 -1
245 -1
246 -1
247 -1
248 -1
249 -1
250 -1
251 -1
252 -1
253 -1
254 -1
255 -1
256 -1
257 -1
258 -1
259 -1
260 -1
261 -1
262 -1
263 -1
264 -1
265 -1
266 -1
267 -1
268 -1
269 -1
270 -1
271 -1
272 -1
273 -1
274 -1
275 -1
276 -1
277 -1
278 -1
279 -1
280 -1
281 -1
282 -1
283 -1
284 -1
285 -1
286 -1
287 -1
288 -1
289 -1
290 -1
291 -1
292 -1
293 -1
294 7
295 7
296 7
297 7
298 7
299 7
300 7
301 7
302 7
303 7
304 7
305 7
306 7
307 7
308 7
309 7
310 7
311 7
312 7
313 7
314 7
315 7
316 7
317 7
318 7
319 7
320 7
321 7
322 -1
323 -1
324 -1
325 -1
326 -1
327 -1
328 -1
329 8
330 8
331 8
332 8
333 8
334 8
335 8
336 8
337 8
338 8
339 8
340 8
341 8
342 8
343 8
344 8
345 8
346 8
347 8
348 8
349 8
350 8
351 8
352 8
353 8
354 8
355 8
356 8
357 8
358 8
359 8
360 8
361 -1
362 -1
363 -1
364 -1
365 -1
366 -1
367 -1
368 -1
369 -1
370 -1
371 -1
372 -1
373 -1
374 -1
375 -1
376 -1
377 -1
378 9
379 -1
380 -1
381 -1
382 9
383 9
384 9
385 9
386 9
387 9
388 -1
389 9
390 9
391 9
392 9
393 9
394 9
395 9
396 9
397 9
398 9
399 9
400 9
401 9
402 9
403 9
404 9
405 9
406 9
407 9
408 -1
409 9
410 9
411 9
412 9
413 9
414 9
415 9
416 9
417 9
418 9
419 9
420 9
421 9
422 9
423 9
424 9
425 9
426 9
427 9
428 9
429 9
430 9
431 9
432 9
433 9
434 9
435 9
436 -1
437 9
438 -1
439 9
440 9
441 9
442 9
443 -1
444 -1
445 -1
446 -1
447 -1
448 -1
449 -1
450 -1
451 -1
452 -1
453 -1
454 -1
455 -1
456 -1
457 -1
458 -1
459 -1
460 -1
461 -1
462 -1
463 -1
464 -1
465 -1
466 -1
467 -1
468 -1
469 -1
470 -1
471 -1
472 -1
473 -1
474 -1
475 -1
476 -1
477 -1
478 -1
479 -1
480 -1
481 -1
482 -1
483 -1
484 -1
485 -1
486 -1
487 -1
488 -1
489 -1
490 -1
491 -1
492 -1
493 -1
494 -1
495 -1
496 -1
497 -1
498 -1
499 -1
500 -1
501 -1
502 -1
503 -1
504 -1
505 16
506 16
507 16
508 16
509 16
510 16
511 16
512 16
513 16
514 16
515 16
516 16
517 -1
518 16
519 16
520 16
521 16
522 16
523 16
524 16
525 -1
526 -1
527 -1
528 -1
529 -1
530 -1
531 -1
532 -1
533 -1
534 -1
535 -1
536 -1
537 -1
538 -1
539 -1
540 -1
541 -1
542 -1
543 -1
544 -1
545 -1
546 -1
547 -1
548 -1
549 -1
550 -1
551 -1
552 -1
553 -1
554 -1
555 -1
556 -1
557 -1
558 -1
559 -1
560 -1
561 -1
562 -1
563 -1
564 -1
565 -1
566 -1
567 -1
568 -1
569 12
570 12
571 12
572 12
573 12
574 12
575 12
576 12
577 12
578 12
579 12
580 12
581 12
582 12
583 12
584 -1
585 -1
586 -1
587 -1
588 -1
589 -1
590 -1
591 12
592 12
593 12
594 12
595 12
596 12
597 12
598 12
599 12
600 12
601 12
602 12
603 12
604 12
605 12
606 12
607 12
608 12
609 12
610 12
611 12
612 12
613 12
614 12
615 12
616 12
617 12
618 12
619 12
620 12
621 12
622 12
623 12
624 -1
625 -1
626 -1
627 -1
628 -1
629 -1
630 -1
631 -1
632 -1
633 -1
634 -1
635 -1
636 13
637 13
638 13
639 13
640 13
641 13
642 13
643 13
644 13
645 13
646 13
647 13
648 13
649 13
650 13
651 13
652 13
653 13
654 13
655 13
656 13
657 -1
658 13
659 13
660 13
661 13
662 13
663 13
664 13
665 13
666 13
667 13
668 13
669 13
670 13
671 13
672 13
673 13
674 -1
675 -1
676 -1
677 -1
678 -1
679 -1
680 -1
681 14
682 14
683 14
684 14
685 14
686 14
687 14
688 14
689 14
690 14
691 14
692 14
693 14
694 14
695 14
696 14
697 14
698 14
699 14
700 14
701 14
702 14
703 14
704 14
705 14
706 14
707 14
708 14
709 14
710 14
711 14
712 14
713 14
714 14
715 14
716 14
717 14
718 14
719 14
720 -1
721 -1
722 -1
723 -1
724 -1
725 -1
726 -1
727 -1
728 -1
729 -1
730 -1
731 -1
732 22
733 22
734 22
735 -1
736 -1
737 -1
738 -1
739 -1
740 22
741 22
742 22
743 22
744 -1
745 -1
746 -1
747 -1
748 -1
749 -1
750 -1
751 -1
752 -1
753 22
754 -1
755 -1
756 -1
757 -1
758 -1
759 -1
760 -1
761 -1
762 -1
763 -1
764 -1
765 -1
766 -1
767 -1
768 -1
769 -1
770 -1
771 -1
772 -1
773 -1
774 -1
775 -1
776 -1
777 -1
778 -1
779 -1
780 -1
781 -1
782 -1
783 16
784 16
785 16
786 16
787 16
788 16
789 16
790 16
791 16
792 16
793 16
794 16
795 -1
796 -1
797 -1
798 -1
799 -1
800 -1
801 -1
802 -1
803 -1
804 -1
805 -1
806 -1
807 -1
808 -1
809 -1
810 -1
811 -1
812 -1
813 -1
814 -1
815 -1
816 -1
817 -1
818 -1
819 -1
820 -1
821 -1
822 -1
823 -1
824 -1
825 -1
826 -1
827 -1
828 -1
829 -1
830 -1
831 -1
832 -1
833 -1
834 -1
835 -1
836 -1
837 -1
838 -1
839 -1
840 -1
841 -1
842 -1
843 -1
844 -1
845 -1
846 -1
847 -1
848 -1
849 18
850 18
851 18
852 18
853 18
854 18
855 18
856 18
857 18
858 18
859 18
860 18
861 18
862 18
863 18
864 18
865 18
866 18
867 18
868 18
869 18
870 18
871 18
872 18
873 18
874 18
875 18
876 18
877 18
878 18
879 18
880 18
881 18
882 18
883 18
884 18
885 18
886 18
887 18
888 18
889 18
890 18
891 18
892 18
893 18
894 18
895 -1
896 -1
897 -1
898 -1
899 -1
900 -1
901 -1
902 19
903 19
904 19
905 19
906 19
907 19
908 19
909 19
910 19
911 19
912 19
913 19
914 19
915 19
916 19
917 19
918 19
919 19
920 19
921 19
922 19
923 19
924 19
925 19
926 19
927 19
928 19
929 19
930 19
931 19
932 19
933 19
934 19
935 19
936 19
937 19
938 19
939 19
940 19
941 19
942 19
943 19
944 19
945 19
946 19
947 19
948 19
949 19
950 19
951 19
952 19
953 19
954 19
955 19
956 19
957 19
958 19
959 19
960 19
961 19
962 19
963 19
964 19
965 19
966 19
967 19
968 19
969 19
970 19
971 19
972 19
973 19
974 19
975 19
976 19
977 19
978 19
979 -1
980 -1
981 -1
982 -1
983 -1
984 -1
985 -1
986 -1
987 -1
988 20
989 20
990 20
991 20
992 20
993 20
994 20
995 20
996 20
997 20
998 20
999 20
1000 20
1001 20
1002 20
1003 20
1004 20
1005 20
1006 20
1007 20
1008 20
1009 20
1010 20
1011 20
1012 20
1013 20
1014 20
1015 20
1016 20
1017 20
1018 20
1019 20
1020 20
1021 20
1022 20
1023 20
1024 20
1025 20
1026 -1
1027 -1
1028 -1
1029 -1
1030 -1
1031 -1
1032 -1
1033 -1
1034 -1
1035 -1
1036 -1
1037 -1
1038 -1
1039 -1
1040 -1
1041 -1
1042 -1
1043 -1
1044 -1
1045 -1
1046 -1
1047 -1
1048 -1
1049 -1
1050 -1
1051 -1
1052 -1
1053 -1
1054 -1
1055 -1
1056 -1
1057 -1
1058 -1
1059 -1
1060 -1
1061 -1
1062 -1
1063 -1
1064 -1
1065 -1
1066 15
1067 15
1068 15
1069 15
1070 15
1071 15
1072 15
1073 15
1074 15
1075 15
1076 15
1077 15
1078 15
1079 15
1080 -1
1081 15
1082 15
1083 15
1084 15
1085 15
1086 -1
1087 15
1088 15
1089 15
1090 15
1091 15
1092 15
1093 15
1094 15
1095 -1
1096 -1
1097 -1
1098 -1
1099 -1
1100 -1
1101 -1
1102 -1
1103 -1
1104 -1
1105 -1
1106 -1
1107 -1
1108 -1
1109 -1
1110 -1
1111 -1
1112 -1
1113 -1
1114 -1
1115 -1
1116 -1
1117 -1
1118 22
1119 22
1120 22
1121 22
1122 22
1123 22
1124 22
1125 22
1126 22
1127 22
1128 22
1129 -1
1130 22
1131 22
1132 22
1133 -1
1134 22
1135 22
1136 22
1137 22
1138 22
1139 22
1140 22
1141 22
1142 22
1143 22
1144 22
1145 -1
1146 -1
1147 -1
1148 -1
1149 -1
1150 22
1151 -1
1152 -1
1153 -1
1154 -1
1155 -1
1156 -1
1157 -1
1158 -1
1159 -1
1160 -1
1161 -1
1162 -1
1163 -1
1164 -1
1165 -1
1166 22
1167 -1
1168 -1
1169 -1
1170 -1
1171 -1
1172 -1
1173 -1
1174 -1
1175 -1
1176 15
1177 15
1178 15
1179 15
1180 15
1181 15
1182 15
1183 15
1184 -1
1185 15
1186 15
1187 15
1188 15
1189 15
1190 15
1191 15
1192 15
1193 15
1194 15
1195 15
1196 15
1197 15
1198 15
1199 15
1200 15
1201 -1
1202 -1
1203 -1
1204 -1
1205 -1
1206 -1
1207 -1
1208 -1
1209 -1
1210 -1
1211 -1
1212 -1
1213 -1
1214 -1
1215 -1
1216 -1
1217 -1
1218 -1
1219 -1
1220 -1
1221 -1
1222 -1
1223 -1
1224 -1
1225 -1
1226 -1
1227 24
1228 24
1229 24
1230 24
1231 24
1232 24
1233 24
1234 24
1235 24
1236 24
1237 24
1238 24
1239 24
1240 24
1241 24
1242 24
1243 24
1244 24
1245 24
1246 24
1247 24
1248 24
1249 24
1250 24
1251 24
1252 24
1253 24
1254 24
1255 24
1256 24
1257 24
1258 24
1259 24
1260 24
1261 24
1262 24
1263 24
1264 24
1265 24
1266 24
1267 24
1268 24
1269 24
1270 24
1271 24
1272 24
1273 24
1274 24
1275 24
1276 24
1277 24
1278 24
1279 24
1280 24
1281 24
1282 24
1283 24
1284 24
1285 24
1286 24
1287 24
1288 24
1289 24
1290 24
1291 24
1292 24
1293 24
1294 24
1295 24
1296 24
1297 24
1298 24
1299 -1
1300 24
1301 24
1302 24
1303 24
1304 24
1305 24
1306 24
1307 24
1308 24
1309 24
1310 24
1311 24
1312 24
1313 24
1314 24
1315 24
1316 24
1317 24
1318 24
1319 24
1320 24
1321 24
1322 24
1323 24
1324 24
1325 24
1326 24
1327 24
1328 24
1329 -1
1330 -1
1331 -1
1332 -1
1333 -1
1334 -1
1335 -1
1336 -1
1337 -1
1338 -1
1339 -1
1340 -1
1341 26
1342 26
1343 26
1344 26
1345 26
1346 26
1347 26
1348 26
1349 26
1350 26
1351 26
1352 26
1353 26
1354 26
1355 26
1356 26
1357 26
1358 26
1359 26
1360 26
1361 26
1362 26
1363 26
1364 26
1365 26
1366 26
1367 26
1368 26
1369 26
1370 26
1371 26
1372 26
1373 26
1374 26
1375 -1
1376 -1
1377 -1
1378 -1
1379 -1
1380 -1
1381 -1
1382 -1
1383 27
1384 27
1385 27
1386 27
1387 27
1388 27
1389 27
1390 27
1391 27
1392 27
1393 27
1394 27
1395 27
1396 27
1397 27
1398 27
1399 27
1400 27
1401 27
1402 27
1403 27
1404 27
1405 27
1406 27
1407 27
1408 27
1409 27
1410 27
1411 27
1412 27
1413 -1
1414 -1
1415 -1
1416 -1
1417 -1
1418 -1
1419 -1
1420 -1
1421 -1
1422 -1
1423 -1
1424 -1
1425 -1
