0 -1
1 -1
2 -1
3 -1
4 -1
5 -1
6 -1
7 -1
8 -1
9 -1
10 0
11 0
12 0
13 0
14 0
15 0
16 0
17 0
18 0
19 0
20 0
21 0
22 0
23 0
24 0
25 0
26 0
27 0
28 0
29 0
30 0
31 0
32 0
33 0
34 0
35 0
36 0
37 0
38 0
39 0
40 0
41 -1
42 -1
43 -1
44 -1
45 -1
46 -1
47 -1
48 1
49 1
50 1
51 1
52 1
53 1
54 1
55 1
56 1
57 1
58 1
59 1
60 1
61 1
62 1
63 1
64 -1
65 -1
66 -1
67 -1
68 -1
69 -1
70 -1
71 -1
72 2
73 2
74 2
75 2
76 2
77 2
78 2
79 2
80 2
81 2
82 2
83 2
84 2
85 2
86 2
87 2
88 2
89 2
90 2
91 2
92 2
93 2
94 2
95 2
96 2
97 2
98 2
99 2
100 2
101 2
102 -1
103 -1
104 -1
105 -1
106 -1
107 2
108 2
109 2
110 2
111 2
112 2
113 2
114 2
115 2
116 2
117 2
118 2
119 2
120 2
121 2
122 2
123 2
124 2
125 2
126 2
127 -1
128 -1
129 -1
130 -1
131 -1
132 -1
133 -1
134 -1
135 -1
136 4
137 4
138 4
139 4
140 4
141 -1
142 4
143 4
144 4
145 4
146 4
147 4
148 4
149 4
150 4
151 4
152 4
153 4
154 4
155 4
156 4
157 -1
158 -1
159 -1
160 -1
161 -1
162 -1
163 -1
164 -1
165 5
166 5
167 5
168 5
169 5
170 5
171 5
172 5
173 5
174 5
175 5
176 5
177 5
178 5
179 5
180 5
181 5
182 5
183 5
184 5
185 5
186 5
187 5
188 5
189 5
190 5
191 5
192 5
193 -1
194 -1
195 -1
196 -1
197 -1
198 -1
199 -1
200 -1
201 -1
202 -1
203 -1
204 -1
205 -1
206 -1
207 -1
208 -1
209 -1
210 -1
211 -1
212 -1
213 -1
214 -1
215 -1
216 -1
217 -1
218 -1
219 -1
220 -1
221 -1
222 -1
223 -1
224 -1
225 -1
226 7
227 7
228 7
229 7
230 7
231 7
232 7
233 7
234 7
235 7
236 7
237 7
238 7
239 7
240 7
241 7
242 7
243 7
244 7
245 7
246 7
247 7
248 7
249 7
250 7
251 7
252 7
253 7
254 7
255 7
256 7
257 7
258 7
259 7
260 7
261 7
262 7
263 7
264 7
265 7
266 7
267 7
268 -1
269 -1
270 -1
271 -1
272 -1
273 -1
274 -1
275 8
276 8
277 8
278 8
279 8
280 8
281 8
282 8
283 8
284 8
285 8
286 8
287 8
288 8
289 8
290 8
291 8
292 8
293 8
294 8
295 8
296 8
297 8
298 8
299 8
300 8
301 8
302 8
303 8
304 8
305 8
306 -1
307 -1
308 -1
309 -1
310 -1
311 -1
312 -1
313 -1
314 -1
315 -1
316 9
317 9
318 9
319 9
320 9
321 9
322 9
323 9
324 9
325 9
326 9
327 9
328 9
329 9
330 9
331 9
332 9
333 9
334 9
335 9
336 9
337 9
338 9
339 9
340 9
341 9
342 9
343 9
344 9
345 9
346 -1
347 -1
348 -1
349 -1
350 -1
351 -1
352 -1
353 -1
354 -1
355 -1
356 -1
357 10
358 -1
359 10
360 -1
361 10
362 10
363 10
364 10
365 10
366 10
367 -1
368 -1
369 -1
370 -1
371 -1
372 10
373 10
374 10
375 10
376 10
377 10
378 10
379 -1
380 -1
381 -1
382 -1
383 -1
384 -1
385 -1
386 11
387 11
388 11
389 11
390 11
391 11
392 11
393 11
394 11
395 11
396 11
397 11
398 11
399 11
400 11
401 11
402 11
403 11
404 11
405 11
406 11
407 11
408 11
409 11
410 11
411 11
412 11
413 11
414 11
415 11
416 11
417 -1
418 -1
419 -1
420 -1
421 -1
422 -1
423 -1
424 -1
425 -1
426 -1
427 -1
428 12
429 -1
430 12
431 12
432 12
433 12
434 12
435 12
436 12
437 12
438 12
439 12
440 12
441 12
442 12
443 12
444 12
445 12
446 12
447 12
448 12
449 12
450 12
451 12
452 12
453 12
454 12
455 12
456 12
457 12
458 12
459 12
460 12
461 -1
462 -1
463 -1
464 -1
465 -1
466 -1
467 -1
468 13
469 13
470 13
471 13
472 13
473 13
474 13
475 13
476 13
477 13
478 13
479 13
480 13
481 13
482 13
483 13
484 13
485 13
486 13
487 13
488 13
489 13
490 13
491 13
492 13
493 13
494 13
495 13
496 13
497 13
498 13
499 13
500 13
501 13
502 13
503 13
504 -1
505 -1
506 -1
507 -1
508 -1
509 -1
510 -1
511 -1
512 -1
513 -1
514 -1
515 -1
516 14
517 14
518 14
519 14
520 14
521 14
522 14
523 14
524 14
525 14
526 14
527 14
528 14
529 14
530 14
531 14
532 14
533 14
534 14
535 14
536 14
537 14
538 14
539 14
540 14
541 14
542 14
543 14
544 14
545 14
546 14
547 14
548 14
549 14
550 14
551 14
552 -1
553 -1
554 -1
555 -1
556 -1
557 -1
558 -1
559 15
560 15
561 15
562 15
563 15
564 15
565 15
566 15
567 15
568 15
569 15
570 15
571 15
572 15
573 15
574 15
575 15
576 15
577 15
578 15
579 15
580 15
581 15
582 15
583 15
584 15
585 15
586 15
587 15
588 15
589 15
590 15
591 -1
592 -1
593 -1
594 -1
595 -1
596 -1
597 -1
598 16
599 16
600 16
601 16
602 16
603 16
604 16
605 16
606 16
607 16
608 -1
609 16
610 16
611 16
612 16
613 -1
614 16
615 -1
616 -1
617 -1
618 -1
619 -1
620 -1
621 -1
622 -1
623 -1
624 -1
625 -1
626 16
627 16
628 16
629 16
630 16
631 16
632 -1
633 -1
634 -1
635 -1
636 -1
637 -1
638 -1
639 -1
640 -1
641 -1
642 -1
643 -1
644 -1
645 17
646 17
647 17
648 17
649 17
650 17
651 17
652 17
653 17
654 17
655 17
656 17
657 17
658 17
659 17
660 17
661 17
662 17
663 17
664 17
665 17
666 17
667 17
668 17
669 17
670 17
671 17
672 17
673 17
674 17
675 17
676 17
677 17
678 17
679 17
680 17
681 17
682 -1
683 -1
684 -1
685 -1
686 -1
687 -1
688 -1
689 18
690 18
691 18
692 18
693 18
694 18
695 18
696 18
697 18
698 18
699 18
700 18
701 18
702 18
703 18
704 18
705 18
706 18
707 18
708 18
709 18
710 18
711 18
712 18
713 18
714 18
715 18
716 18
717 18
718 18
719 18
720 18
721 18
722 18
723 18
724 18
725 18
726 18
727 18
728 -1
729 -1
730 -1
731 -1
732 -1
733 -1
734 -1
735 -1
736 -1
737 -1
738 19
739 19
740 19
741 19
742 19
743 19
744 19
745 19
746 19
747 19
748 19
749 19
750 19
751 19
752 19
753 19
754 19
755 19
756 19
757 19
758 19
759 19
760 19
761 19
762 19
763 19
764 -1
765 -1
766 -1
767 -1
768 -1
769 -1
770 -1
771 20
772 20
773 20
774 20
775 20
776 20
777 20
778 20
779 20
780 20
781 20
782 20
783 20
784 20
785 20
786 20
787 20
788 20
789 20
790 20
791 20
792 -1
793 -1
794 -1
795 -1
796 -1
797 -1
798 -1
799 -1
800 -1
801 -1
802 -1
803 -1
804 -1
805 -1
806 22
807 -1
808 22
809 22
810 22
811 22
812 22
813 22
814 22
815 22
816 22
817 22
818 22
819 22
820 22
821 22
822 22
823 22
824 -1
825 22
826 22
827 22
828 22
829 22
830 22
831 22
832 22
833 -1
834 22
835 22
836 22
837 22
838 -1
839 -1
840 -1
841 22
842 22
843 22
844 22
845 22
846 22
847 22
848 22
849 22
850 22
851 22
852 22
853 22
854 22
855 22
856 22
857 22
858 22
859 22
860 22
861 22
862 22
863 22
864 22
865 22
866 22
867 22
868 22
869 22
870 22
871 22
872 22
873 -1
874 -1
875 -1
876 -1
877 -1
878 -1
879 -1
880 -1
881 -1
882 -1
883 -1
884 -1
885 -1
886 -1
887 -1
888 -1
889 23
890 23
891 23
892 23
893 23
894 23
895 23
896 23
897 23
898 23
899 23
900 23
901 23
902 -1
903 -1
904 -1
905 -1
906 -1
907 -1
908 -1
909 -1
910 -1
911 -1
912 -1
913 -1
914 24
915 24
916 24
917 24
918 24
919 24
920 24
921 24
922 24
923 24
924 24
925 24
926 24
927 24
928 24
929 24
930 24
931 24
932 24
933 24
934 24
935 24
936 24
937 24
938 24
939 24
940 24
941 24
942 24
943 24
944 -1
945 -1
946 -1
947 -1
948 -1
949 -1
950 -1
951 25
952 25
953 25
954 25
955 25
956 25
957 25
958 25
959 25
960 25
961 25
962 25
963 25
964 25
965 25
966 25
967 25
968 25
969 25
970 25
971 25
972 25
973 25
974 -1
975 -1
976 -1
977 -1
978 -1
979 -1
980 -1
981 -1
982 26
983 26
984 26
985 26
986 26
987 26
988 26
989 26
990 26
991 26
992 26
993 26
994 26
995 26
996 26
997 26
998 26
999 26
1000 26
1001 26
1002 26
1003 26
1004 26
1005 26
1006 26
1007 -1
1008 -1
1009 -1
1010 -1
1011 -1
1012 -1
1013 -1
1014 -1
1015 -1
1016 -1
1017 -1
1018 -1
1019 -1
1020 18
1021 -1
1022 18
1023 18
1024 18
1025 18
1026 18
1027 18
