0 -1
1 -1
2 -1
3 -1
4 -1
5 -1
6 -1
7 -1
8 0
9 0
10 0
11 0
12 0
13 0
14 0
15 0
16 0
17 0
18 0
19 0
20 0
21 0
22 0
23 0
24 0
25 0
26 0
27 0
28 0
29 0
30 0
31 0
32 0
33 0
34 0
35 0
36 0
37 0
38 0
39 0
40 0
41 0
42 0
43 -1
44 -1
45 -1
46 -1
47 -1
48 -1
49 -1
50 1
51 1
52 1
53 1
54 1
55 1
56 1
57 1
58 1
59 1
60 1
61 1
62 1
63 1
64 1
65 -1
66 -1
67 -1
68 -1
69 -1
70 -1
71 -1
72 2
73 2
74 2
75 2
76 2
77 2
78 2
79 2
80 2
81 2
82 2
83 2
84 2
85 2
86 2
87 2
88 2
89 2
90 2
91 2
92 2
93 2
94 2
95 2
96 2
97 2
98 2
99 -1
100 -1
101 -1
102 2
103 2
104 2
105 2
106 2
107 2
108 2
109 2
110 2
111 2
112 2
113 2
114 2
115 2
116 -1
117 -1
118 -1
119 -1
120 -1
121 -1
122 -1
123 -1
124 -1
125 -1
126 -1
127 -1
128 -1
129 -1
130 -1
131 -1
132 -1
133 -1
134 -1
135 -1
136 -1
137 -1
138 -1
139 -1
140 -1
141 -1
142 -1
143 -1
144 -1
145 -1
146 -1
147 -1
148 -1
149 -1
150 -1
151 -1
152 -1
153 -1
154 -1
155 -1
156 -1
157 -1
158 -1
159 -1
160 -1
161 -1
162 -1
163 -1
164 -1
165 -1
166 -1
167 -1
168 -1
169 -1
170 -1
171 -1
172 -1
173 -1
174 -1
175 -1
176 -1
177 -1
178 -1
179 -1
180 -1
181 -1
182 -1
183 -1
184 -1
185 -1
186 -1
187 -1
188 -1
189 -1
190 -1
191 -1
192 -1
193 -1
194 -1
195 -1
196 -1
197 -1
198 -1
199 -1
200 -1
201 -1
202 -1
203 -1
204 -1
205 -1
206 -1
207 -1
208 -1
209 -1
210 -1
211 -1
212 -1
213 -1
214 -1
215 -1
216 -1
217 -1
218 -1
219 -1
220 -1
221 -1
222 -1
223 -1
224 -1
225 -1
226 -1
227 -1
228 -1
229 -1
230 -1
231 -1
232 -1
233 -1
234 -1
235 -1
236 -1
237 -1
238 -1
239 -1
240 -1
241 -1
242 -1
243 -1
244 -1
245 -1
246 -1
247 -1
248 -1
249 -1
250 -1
251 -1
252 -1
253 -1
254 -1
255 -1
256 -1
257 -1
258 -1
259 -1
260 -1
261 -1
262 -1
263 -1
264 -1
265 -1
266 -1
267 -1
268 -1
269 -1
270 -1
271 -1
272 -1
273 -1
274 -1
275 -1
276 -1
277 -1
278 -1
279 -1
280 -1
281 -1
282 -1
283 -1
284 5
285 5
286 5
287 5
288 5
289 5
290 5
291 5
292 5
293 5
294 5
295 5
296 5
297 5
298 5
299 5
300 5
301 5
302 5
303 5
304 5
305 5
306 5
307 5
308 5
309 5
310 5
311 5
312 5
313 5
314 5
315 5
316 5
317 5
318 5
319 5
320 5
321 5
322 5
323 5
324 5
325 5
326 5
327 5
328 5
329 5
330 5
331 5
332 5
333 5
334 5
335 5
336 5
337 5
338 5
339 -1
340 5
341 -1
342 -1
343 -1
344 -1
345 -1
346 -1
347 -1
348 -1
349 -1
350 -1
351 -1
352 -1
353 -1
354 -1
355 -1
356 -1
357 -1
358 -1
359 -1
360 -1
361 -1
362 -1
363 -1
364 -1
365 -1
366 -1
367 -1
368 -1
369 -1
370 -1
371 -1
372 -1
373 -1
374 -1
375 -1
376 -1
377 -1
378 -1
379 -1
380 -1
381 -1
382 -1
383 -1
384 -1
385 -1
386 -1
387 -1
388 -1
389 -1
390 -1
391 -1
392 -1
393 -1
394 -1
395 -1
396 -1
397 -1
398 7
399 7
400 7
401 7
402 7
403 7
404 7
405 7
406 7
407 7
408 7
409 7
410 7
411 7
412 7
413 7
414 7
415 7
416 7
417 7
418 7
419 7
420 7
421 7
422 7
423 7
424 7
425 7
426 7
427 7
428 -1
429 -1
430 -1
431 -1
432 -1
433 -1
434 -1
435 8
436 8
437 8
438 8
439 8
440 8
441 8
442 8
443 8
444 8
445 8
446 8
447 8
448 8
449 8
450 8
451 8
452 8
453 8
454 8
455 8
456 8
457 -1
458 -1
459 -1
460 -1
461 -1
462 -1
463 -1
464 -1
465 -1
466 -1
467 -1
468 -1
469 9
470 -1
471 9
472 -1
473 9
474 -1
475 9
476 -1
477 9
478 -1
479 9
480 -1
481 9
482 -1
483 9
484 9
485 9
486 9
487 9
488 9
489 9
490 9
491 9
492 9
493 9
494 9
495 9
496 -1
497 9
498 9
499 9
500 9
501 9
502 9
503 9
504 9
505 9
506 9
507 9
508 9
509 9
510 9
511 9
512 9
513 9
514 9
515 9
516 9
517 9
518 9
519 9
520 9
521 9
522 9
523 9
524 9
525 9
526 -1
527 -1
528 -1
529 9
530 9
531 9
532 9
533 9
534 9
535 9
536 9
537 9
538 -1
539 -1
540 -1
541 9
542 9
543 9
544 9
545 -1
546 -1
547 -1
548 -1
549 -1
550 -1
551 -1
552 -1
553 11
554 -1
555 -1
556 -1
557 -1
558 -1
559 -1
560 -1
561 -1
562 -1
563 11
564 11
565 11
566 11
567 11
568 11
569 11
570 11
571 11
572 11
573 11
574 11
575 11
576 11
577 11
578 -1
579 11
580 -1
581 -1
582 -1
583 -1
584 -1
585 -1
586 -1
587 -1
588 -1
589 -1
590 -1
591 -1
592 -1
593 -1
594 -1
595 -1
596 -1
597 -1
598 -1
599 -1
600 -1
601 -1
602 -1
603 -1
604 -1
605 -1
606 12
607 12
608 12
609 12
610 12
611 12
612 12
613 12
614 12
615 12
616 12
617 12
618 12
619 12
620 12
621 12
622 12
623 12
624 12
625 12
626 12
627 12
628 12
629 12
630 12
631 12
632 12
633 12
634 12
635 12
636 12
637 12
638 12
639 12
640 12
641 12
642 12
643 12
644 12
645 12
646 -1
647 -1
648 -1
649 -1
650 -1
651 -1
652 -1
653 13
654 13
655 13
656 13
657 13
658 13
659 13
660 13
661 13
662 13
663 13
664 13
665 13
666 13
667 13
668 13
669 13
670 13
671 13
672 13
673 13
674 13
675 -1
676 -1
677 -1
678 -1
679 -1
680 -1
681 -1
682 -1
683 -1
684 14
685 14
686 14
687 14
688 14
689 14
690 14
691 14
692 14
693 14
694 14
695 14
696 14
697 14
698 14
699 14
700 14
701 14
702 14
703 14
704 14
705 14
706 14
707 14
708 14
709 14
710 14
711 14
712 14
713 14
714 14
715 14
716 14
717 14
718 14
719 14
720 14
721 14
722 14
723 14
724 14
725 14
726 14
727 14
728 14
729 14
730 14
731 14
732 14
733 14
734 14
735 14
736 14
737 14
738 14
739 14
740 14
741 14
742 14
743 14
744 14
745 14
746 14
747 14
748 14
749 14
750 14
751 -1
752 -1
753 -1
754 -1
755 -1
756 -1
757 -1
758 15
759 15
760 15
761 15
762 15
763 15
764 15
765 15
766 15
767 15
768 15
769 15
770 15
771 15
772 15
773 15
774 15
775 15
776 15
777 15
778 15
779 15
780 15
781 15
782 15
783 15
784 15
785 15
786 15
787 15
788 15
789 15
790 15
791 15
792 15
793 15
794 -1
795 -1
796 -1
797 -1
798 -1
799 -1
800 -1
801 -1
802 -1
803 -1
804 -1
805 -1
806 -1
807 -1
808 -1
809 -1
810 -1
811 -1
812 -1
813 -1
814 -1
815 -1
816 -1
817 -1
818 -1
819 -1
820 -1
821 -1
822 -1
823 -1
824 -1
825 -1
826 -1
827 -1
828 -1
829 -1
830 -1
831 -1
832 -1
833 -1
834 -1
835 -1
836 -1
837 -1
838 -1
839 -1
840 -1
841 -1
842 -1
843 -1
844 -1
845 -1
846 -1
847 -1
848 -1
849 -1
850 -1
851 -1
852 -1
853 -1
854 -1
855 -1
856 -1
857 -1
858 -1
859 -1
860 -1
861 -1
862 -1
863 17
864 17
865 17
866 17
867 17
868 17
869 17
870 17
871 17
872 17
873 17
874 17
875 17
876 17
877 17
878 17
879 17
880 17
881 17
882 17
883 17
884 17
885 17
886 17
887 17
888 17
889 17
890 17
891 17
892 17
893 17
894 17
895 17
896 17
897 17
898 17
899 -1
900 -1
901 -1
902 -1
903 -1
904 -1
905 -1
906 -1
907 -1
908 -1
909 -1
910 18
911 18
912 18
913 18
914 18
915 18
916 18
917 18
918 18
919 18
920 18
921 18
922 18
923 18
924 18
925 18
926 18
927 18
928 18
929 18
930 18
931 18
932 18
933 18
934 18
935 18
936 18
937 18
938 18
939 18
940 18
941 18
942 18
943 18
944 18
945 18
946 18
947 18
948 18
949 18
950 18
951 18
952 -1
953 -1
954 -1
955 -1
956 -1
957 -1
958 -1
959 -1
960 -1
961 19
962 19
963 19
964 19
965 19
966 19
967 19
968 19
969 19
970 19
971 19
972 19
973 19
974 19
975 19
976 19
977 19
978 19
979 -1
980 -1
981 -1
982 -1
983 -1
984 -1
985 -1
986 20
987 20
988 20
989 20
990 20
991 20
992 20
993 20
994 20
995 20
996 20
997 20
998 20
999 20
1000 20
1001 20
1002 20
1003 20
1004 20
1005 20
1006 20
1007 20
1008 20
1009 -1
1010 -1
1011 -1
1012 -1
1013 -1
1014 -1
1015 -1
1016 -1
1017 -1
1018 -1
1019 22
1020 -1
1021 22
1022 22
1023 22
1024 22
1025 22
1026 22
1027 22
1028 22
1029 -1
1030 22
1031 22
1032 22
1033 22
1034 22
1035 22
1036 22
1037 22
1038 22
1039 22
1040 22
1041 22
1042 22
1043 22
1044 22
1045 22
1046 22
1047 22
1048 22
1049 22
1050 22
1051 22
1052 22
1053 22
1054 22
1055 22
1056 22
1057 22
1058 22
1059 22
1060 22
1061 22
1062 22
1063 -1
1064 -1
1065 -1
1066 -1
1067 -1
1068 -1
1069 -1
1070 23
1071 23
1072 23
1073 23
1074 23
1075 23
1076 23
1077 23
1078 23
1079 23
1080 23
1081 23
1082 23
1083 23
1084 23
1085 23
1086 23
1087 23
1088 23
1089 23
1090 23
1091 23
1092 23
1093 23
1094 23
1095 23
1096 23
1097 23
1098 23
1099 23
1100 23
1101 23
1102 -1
1103 -1
1104 -1
1105 -1
1106 -1
1107 -1
1108 -1
1109 -1
1110 24
1111 24
1112 24
1113 24
1114 24
1115 24
1116 24
1117 24
1118 24
1119 24
1120 24
1121 24
1122 24
1123 24
1124 24
1125 24
1126 24
1127 24
1128 24
1129 24
1130 24
1131 24
1132 24
1133 24
1134 24
1135 24
1136 -1
1137 -1
1138 -1
1139 -1
1140 -1
1141 -1
1142 -1
1143 25
1144 25
1145 25
1146 25
1147 25
1148 25
1149 25
1150 25
1151 25
1152 25
1153 25
1154 25
1155 25
1156 25
1157 25
1158 25
1159 25
1160 25
1161 25
1162 25
1163 -1
1164 -1
1165 -1
1166 -1
1167 -1
1168 -1
1169 -1
1170 -1
1171 -1
1172 26
1173 26
1174 26
1175 26
1176 26
1177 26
1178 26
1179 26
1180 26
1181 26
1182 26
1183 26
1184 26
1185 26
1186 26
1187 26
1188 26
1189 26
1190 -1
1191 -1
1192 -1
1193 -1
1194 -1
1195 -1
1196 -1
1197 27
1198 27
1199 27
1200 27
1201 27
1202 27
1203 27
1204 27
1205 27
1206 27
1207 27
1208 27
1209 27
1210 27
1211 27
