0 -1
1 -1
2 -1
3 -1
4 -1
5 -1
6 -1
7 -1
8 -1
9 -1
10 -1
11 -1
12 -1
13 -1
14 -1
15 -1
16 -1
17 -1
18 -1
19 -1
20 -1
21 -1
22 -1
23 -1
24 -1
25 -1
26 -1
27 -1
28 -1
29 -1
30 -1
31 -1
32 -1
33 -1
34 -1
35 -1
36 -1
37 -1
38 -1
39 -1
40 -1
41 -1
42 -1
43 -1
44 -1
45 -1
46 -1
47 -1
48 -1
49 -1
50 -1
51 -1
52 -1
53 -1
54 -1
55 -1
56 -1
57 -1
58 -1
59 -1
60 -1
61 -1
62 -1
63 -1
64 -1
65 -1
66 -1
67 -1
68 -1
69 -1
70 -1
71 -1
72 -1
73 -1
74 -1
75 -1
76 -1
77 -1
78 -1
79 -1
80 -1
81 -1
82 -1
83 -1
84 -1
85 -1
86 -1
87 -1
88 -1
89 -1
90 -1
91 -1
92 -1
93 -1
94 -1
95 -1
96 -1
97 -1
98 -1
99 -1
100 -1
101 -1
102 -1
103 -1
104 -1
105 -1
106 -1
107 -1
108 -1
109 -1
110 -1
111 -1
112 -1
113 -1
114 -1
115 -1
116 -1
117 -1
118 -1
119 -1
120 -1
121 -1
122 -1
123 -1
124 -1
125 -1
126 -1
127 -1
128 -1
129 -1
130 3
131 3
132 3
133 3
134 3
135 3
136 3
137 3
138 3
139 3
140 3
141 3
142 3
143 3
144 -1
145 -1
146 -1
147 -1
148 -1
149 -1
150 -1
151 -1
152 -1
153 -1
154 -1
155 -1
156 -1
157 4
158 -1
159 4
160 -1
161 -1
162 -1
163 -1
164 -1
165 4
166 4
167 4
168 4
169 -1
170 -1
171 -1
172 4
173 4
174 4
175 4
176 4
177 4
178 4
179 4
180 4
181 4
182 4
183 4
184 4
185 4
186 4
187 4
188 4
189 4
190 -1
191 4
192 4
193 4
194 4
195 4
196 4
197 4
198 4
199 4
200 4
201 4
202 4
203 4
204 4
205 4
206 4
207 4
208 4
209 4
210 4
211 4
212 4
213 4
214 4
215 4
216 4
217 4
218 4
219 4
220 4
221 4
222 4
223 4
224 4
225 4
226 4
227 4
228 4
229 4
230 4
231 4
232 4
233 4
234 4
235 4
236 4
237 4
238 4
239 4
240 4
241 4
242 4
243 4
244 4
245 4
246 4
247 4
248 4
249 4
250 4
251 -1
252 -1
253 -1
254 -1
255 -1
256 -1
257 -1
258 27
259 27
260 27
261 -1
262 -1
263 -1
264 -1
265 -1
266 -1
267 -1
268 -1
269 -1
270 -1
271 -1
272 -1
273 -1
274 -1
275 -1
276 -1
277 -1
278 -1
279 -1
280 -1
281 -1
282 -1
283 -1
284 -1
285 -1
286 -1
287 -1
288 -1
289 -1
290 -1
291 -1
292 -1
293 -1
294 -1
295 -1
296 -1
297 -1
298 4
299 4
300 4
301 4
302 4
303 4
304 4
305 4
306 4
307 4
308 4
309 4
310 4
311 4
312 4
313 4
314 4
315 4
316 4
317 4
318 4
319 4
320 4
321 -1
322 4
323 4
324 4
325 4
326 4
327 4
328 4
329 -1
330 4
331 4
332 4
333 4
334 4
335 4
336 4
337 4
338 4
339 4
340 4
341 4
342 4
343 4
344 4
345 4
346 4
347 4
348 4
349 4
350 4
351 -1
352 -1
353 -1
354 -1
355 -1
356 -1
357 -1
358 -1
359 -1
360 -1
361 -1
362 -1
363 -1
364 -1
365 -1
366 -1
367 -1
368 -1
369 -1
370 4
371 4
372 4
373 4
374 4
375 4
376 4
377 4
378 4
379 4
380 4
381 -1
382 4
383 -1
384 -1
385 -1
386 -1
387 -1
388 -1
389 -1
390 -1
391 -1
392 4
393 4
394 4
395 4
396 4
397 4
398 4
399 4
400 4
401 4
402 4
403 -1
404 -1
405 -1
406 4
407 -1
408 4
409 4
410 4
411 4
412 -1
413 4
414 4
415 4
416 4
417 4
418 4
419 4
420 4
421 4
422 4
423 -1
424 -1
425 -1
426 -1
427 -1
428 -1
429 -1
430 -1
431 -1
432 -1
433 -1
434 -1
435 -1
436 -1
437 -1
438 -1
439 -1
440 -1
441 -1
442 -1
443 -1
444 -1
445 -1
446 -1
447 -1
448 -1
449 -1
450 -1
451 -1
452 -1
453 -1
454 -1
455 -1
456 -1
457 -1
458 -1
459 -1
460 -1
461 -1
462 -1
463 -1
464 -1
465 -1
466 -1
467 -1
468 -1
469 -1
470 -1
471 -1
472 -1
473 -1
474 -1
475 -1
476 -1
477 -1
478 -1
479 -1
480 -1
481 -1
482 -1
483 -1
484 -1
485 -1
486 -1
487 5
488 5
489 5
490 5
491 5
492 5
493 5
494 5
495 5
496 5
497 -1
498 -1
499 -1
500 -1
501 -1
502 -1
503 -1
504 -1
505 -1
506 -1
507 -1
508 -1
509 2
510 -1
511 -1
512 -1
513 -1
514 -1
515 -1
516 -1
517 -1
518 -1
519 -1
520 -1
521 -1
522 -1
523 -1
524 -1
525 -1
526 -1
527 -1
528 -1
529 -1
530 -1
531 -1
532 -1
533 -1
534 -1
535 -1
536 -1
537 -1
538 -1
539 -1
540 -1
541 -1
542 -1
543 -1
544 -1
545 -1
546 -1
547 -1
548 -1
549 -1
550 -1
551 -1
552 -1
553 -1
554 -1
555 -1
556 -1
557 -1
558 -1
559 -1
560 -1
561 -1
562 -1
563 -1
564 -1
565 -1
566 -1
567 -1
568 -1
569 -1
570 -1
571 -1
572 -1
573 -1
574 -1
575 -1
576 -1
577 -1
578 -1
579 -1
580 -1
581 -1
582 -1
583 -1
584 -1
585 -1
586 -1
587 -1
588 -1
589 -1
590 -1
591 -1
592 -1
593 -1
594 -1
595 -1
596 -1
597 -1
598 -1
599 -1
600 -1
601 -1
602 -1
603 -1
604 -1
605 -1
606 -1
607 -1
608 -1
609 -1
610 -1
611 -1
612 -1
613 -1
614 -1
615 -1
616 -1
617 -1
618 -1
619 -1
620 -1
621 -1
622 -1
623 -1
624 -1
625 -1
626 -1
627 -1
628 -1
629 -1
630 -1
631 -1
632 -1
633 -1
634 -1
635 -1
636 -1
637 -1
638 -1
639 -1
640 -1
641 -1
642 -1
643 -1
644 -1
645 -1
646 -1
647 -1
648 -1
649 -1
650 -1
651 -1
652 -1
653 -1
654 -1
655 -1
656 -1
657 -1
658 -1
659 -1
660 -1
661 -1
662 -1
663 -1
664 -1
665 -1
666 -1
667 -1
668 -1
669 -1
670 -1
671 -1
672 -1
673 -1
674 -1
675 -1
676 -1
677 -1
678 -1
679 -1
680 -1
681 -1
682 -1
683 -1
684 -1
685 -1
686 -1
687 -1
688 7
689 -1
690 7
691 7
692 7
693 7
694 7
695 7
696 7
697 7
698 7
699 7
700 7
701 7
702 7
703 -1
704 -1
705 -1
706 -1
707 -1
708 -1
709 -1
710 -1
711 -1
712 -1
713 -1
714 -1
715 -1
716 -1
717 -1
718 -1
719 -1
720 -1
721 -1
722 -1
723 -1
724 -1
725 8
726 8
727 8
728 -1
729 -1
730 -1
731 -1
732 -1
733 -1
734 -1
735 -1
736 -1
737 -1
738 -1
739 -1
740 -1
741 -1
742 -1
743 -1
744 -1
745 -1
746 -1
747 -1
748 -1
749 -1
750 -1
751 -1
752 -1
753 -1
754 -1
755 -1
756 9
757 9
758 9
759 9
760 9
761 9
762 9
763 9
764 9
765 9
766 9
767 9
768 9
769 9
770 9
771 9
772 9
773 9
774 9
775 9
776 9
777 9
778 9
779 9
780 -1
781 -1
782 -1
783 -1
784 -1
785 -1
786 -1
787 9
788 -1
789 -1
790 -1
791 -1
792 -1
793 -1
794 -1
795 -1
796 -1
797 -1
798 -1
799 -1
800 -1
801 -1
802 -1
803 -1
804 -1
805 -1
806 -1
807 -1
808 -1
809 -1
810 -1
811 -1
812 -1
813 -1
814 -1
815 -1
816 -1
817 -1
818 -1
819 -1
820 -1
821 -1
822 -1
823 -1
824 -1
825 -1
826 -1
827 -1
828 -1
829 -1
830 -1
831 -1
832 -1
833 -1
834 -1
835 -1
836 -1
837 -1
838 -1
839 -1
840 -1
841 -1
842 -1
843 -1
844 9
845 9
846 9
847 9
848 9
849 9
850 9
851 9
852 9
853 9
854 9
855 9
856 9
857 9
858 9
859 9
860 9
861 9
862 -1
863 -1
864 -1
865 -1
866 -1
867 9
868 9
869 9
870 9
871 9
872 9
873 9
874 9
875 9
876 -1
877 -1
878 -1
879 -1
880 -1
881 -1
882 -1
883 -1
884 -1
885 -1
886 -1
887 -1
888 -1
889 -1
890 -1
891 -1
892 -1
893 -1
894 -1
895 -1
896 -1
897 -1
898 -1
899 -1
900 -1
901 -1
902 -1
903 -1
904 -1
905 -1
906 -1
907 9
908 9
909 9
910 9
911 9
912 9
913 -1
914 -1
915 -1
916 -1
917 -1
918 -1
919 -1
920 -1
921 -1
922 -1
923 -1
924 0
925 0
926 0
927 0
928 0
929 0
930 0
931 0
932 0
933 0
934 0
935 0
936 0
937 0
938 -1
939 -1
940 -1
941 -1
942 -1
943 -1
944 -1
945 -1
946 -1
947 -1
948 -1
949 -1
950 -1
951 -1
952 -1
953 -1
954 -1
955 -1
956 -1
957 -1
958 -1
959 -1
960 -1
961 -1
962 -1
963 -1
964 -1
965 -1
966 -1
967 -1
968 -1
969 -1
970 -1
971 -1
972 -1
973 -1
974 -1
975 -1
976 -1
977 -1
978 -1
979 -1
980 -1
981 -1
982 -1
983 -1
984 -1
985 -1
986 -1
987 -1
988 -1
989 -1
990 27
991 -1
992 27
993 -1
994 -1
995 -1
996 -1
997 -1
998 -1
999 -1
1000 -1
1001 -1
1002 -1
1003 -1
1004 -1
1005 -1
1006 -1
1007 -1
1008 -1
1009 -1
1010 -1
1011 -1
1012 -1
1013 -1
1014 -1
1015 27
1016 -1
1017 27
1018 -1
1019 27
1020 27
1021 27
1022 27
1023 27
1024 -1
1025 -1
1026 -1
1027 27
1028 27
1029 27
1030 27
1031 27
1032 27
1033 27
1034 27
1035 27
1036 27
1037 27
1038 27
1039 27
1040 27
1041 -1
1042 -1
1043 -1
1044 -1
1045 -1
1046 -1
1047 -1
1048 -1
1049 -1
1050 27
1051 27
1052 27
1053 27
1054 27
1055 27
1056 27
1057 27
1058 27
1059 -1
1060 27
1061 27
1062 27
1063 -1
1064 -1
1065 -1
1066 -1
1067 -1
1068 -1
1069 -1
1070 -1
1071 -1
1072 -1
1073 27
1074 27
1075 27
1076 27
1077 27
1078 27
1079 27
1080 27
1081 27
1082 27
1083 27
1084 27
1085 27
1086 27
1087 27
1088 27
1089 27
1090 27
1091 27
1092 27
1093 27
1094 27
1095 27
1096 27
1097 27
1098 27
1099 27
1100 27
1101 27
1102 27
1103 27
1104 27
1105 27
1106 27
1107 27
1108 27
1109 27
1110 27
1111 27
1112 27
1113 27
1114 27
1115 27
1116 27
1117 27
1118 27
1119 -1
1120 27
1121 27
1122 27
1123 -1
1124 27
1125 -1
1126 27
1127 -1
1128 -1
1129 -1
1130 -1
1131 -1
1132 27
1133 -1
1134 27
1135 27
1136 27
1137 -1
1138 -1
1139 -1
1140 -1
1141 -1
1142 -1
1143 -1
1144 -1
1145 -1
1146 -1
1147 -1
1148 -1
1149 -1
1150 -1
1151 -1
1152 -1
1153 -1
1154 -1
1155 -1
1156 -1
1157 -1
1158 -1
1159 -1
1160 -1
1161 -1
1162 -1
1163 -1
1164 -1
1165 -1
1166 -1
1167 -1
1168 -1
1169 -1
1170 -1
1171 -1
1172 2
1173 2
1174 2
1175 2
1176 2
1177 2
1178 2
1179 2
1180 2
1181 -1
1182 -1
1183 -1
1184 -1
1185 -1
1186 -1
1187 -1
1188 -1
1189 -1
1190 -1
1191 -1
1192 -1
1193 -1
1194 -1
1195 -1
1196 -1
1197 -1
1198 -1
1199 -1
1200 -1
1201 -1
1202 -1
1203 -1
1204 -1
1205 -1
1206 -1
1207 -1
1208 -1
1209 -1
1210 -1
1211 -1
1212 -1
1213 -1
1214 -1
1215 -1
1216 -1
1217 -1
1218 -1
1219 -1
1220 -1
1221 -1
1222 -1
1223 -1
1224 -1
1225 -1
1226 -1
1227 -1
1228 -1
1229 -1
1230 -1
1231 -1
1232 -1
1233 -1
1234 -1
1235 -1
1236 -1
1237 -1
1238 -1
1239 -1
1240 -1
1241 -1
1242 -1
1243 -1
1244 -1
1245 -1
1246 -1
1247 -1
1248 -1
1249 -1
1250 -1
1251 -1
1252 -1
1253 -1
1254 -1
1255 -1
1256 -1
1257 -1
1258 -1
1259 -1
1260 -1
1261 -1
1262 -1
1263 -1
1264 -1
1265 -1
1266 -1
1267 -1
1268 -1
1269 -1
1270 -1
1271 -1
1272 -1
1273 -1
1274 -1
1275 -1
1276 -1
1277 -1
1278 -1
1279 -1
1280 -1
1281 -1
1282 -1
1283 -1
1284 -1
1285 2
1286 -1
1287 -1
1288 -1
1289 -1
1290 -1
1291 2
1292 2
1293 2
1294 2
1295 2
1296 2
1297 2
1298 2
1299 2
1300 -1
1301 -1
1302 -1
1303 -1
1304 -1
1305 -1
1306 -1
1307 -1
1308 -1
1309 14
1310 -1
1311 -1
1312 -1
1313 -1
1314 -1
1315 -1
1316 -1
1317 -1
1318 -1
1319 -1
1320 -1
1321 -1
1322 -1
1323 -1
1324 2
1325 2
1326 2
1327 2
1328 2
1329 2
1330 2
1331 2
1332 2
1333 -1
1334 2
1335 2
1336 2
1337 -1
1338 -1
1339 -1
1340 2
1341 -1
1342 -1
1343 -1
1344 -1
1345 -1
1346 -1
1347 -1
1348 2
1349 2
1350 2
1351 2
1352 2
1353 2
1354 2
1355 2
1356 2
1357 2
1358 2
1359 2
1360 2
1361 -1
1362 -1
1363 -1
1364 -1
1365 -1
1366 -1
1367 -1
1368 -1
1369 -1
1370 -1
1371 -1
1372 -1
1373 -1
1374 -1
1375 -1
1376 -1
1377 -1
1378 -1
1379 -1
1380 -1
1381 -1
1382 -1
1383 -1
1384 -1
1385 -1
1386 -1
1387 -1
1388 -1
1389 -1
1390 -1
1391 -1
1392 -1
1393 -1
1394 -1
1395 -1
1396 -1
1397 -1
1398 -1
1399 -1
1400 -1
1401 -1
1402 -1
1403 -1
1404 -1
1405 -1
1406 -1
1407 -1
1408 -1
1409 -1
1410 -1
1411 -1
1412 -1
1413 -1
1414 -1
1415 -1
1416 -1
1417 -1
1418 -1
1419 -1
1420 -1
1421 -1
1422 -1
1423 -1
1424 -1
1425 -1
1426 -1
1427 -1
1428 -1
1429 -1
1430 -1
1431 -1
1432 -1
1433 -1
1434 -1
1435 -1
1436 -1
1437 -1
1438 -1
1439 -1
1440 -1
1441 -1
1442 -1
1443 -1
1444 -1
1445 -1
1446 -1
1447 -1
1448 -1
1449 -1
1450 -1
1451 -1
1452 -1
1453 -1
1454 -1
1455 -1
1456 -1
1457 -1
1458 -1
1459 -1
1460 -1
1461 -1
1462 -1
1463 -1
1464 -1
1465 -1
1466 -1
1467 -1
1468 -1
1469 -1
1470 -1
1471 -1
1472 -1
1473 -1
1474 -1
1475 -1
1476 -1
1477 -1
1478 -1
1479 -1
1480 -1
1481 -1
1482 -1
1483 -1
1484 -1
1485 -1
1486 -1
1487 -1
1488 -1
1489 -1
1490 -1
1491 -1
1492 -1
1493 -1
1494 -1
1495 -1
1496 -1
1497 2
1498 2
1499 2
1500 2
1501 2
1502 2
1503 2
1504 2
1505 2
1506 2
1507 2
1508 2
1509 2
1510 2
1511 -1
1512 -1
1513 -1
1514 -1
1515 -1
1516 -1
1517 -1
1518 -1
1519 -1
1520 -1
1521 -1
1522 -1
1523 -1
1524 -1
1525 -1
1526 -1
1527 -1
1528 -1
1529 -1
1530 -1
1531 -1
1532 -1
1533 -1
1534 -1
1535 -1
1536 -1
1537 -1
1538 -1
1539 -1
1540 -1
1541 -1
1542 14
1543 14
1544 14
1545 14
1546 14
1547 14
1548 14
1549 14
1550 14
1551 -1
1552 -1
1553 -1
1554 -1
1555 -1
1556 -1
1557 -1
1558 -1
1559 -1
1560 -1
1561 -1
1562 -1
1563 -1
1564 -1
1565 -1
1566 -1
1567 -1
1568 -1
1569 -1
1570 -1
1571 -1
1572 -1
1573 -1
1574 -1
1575 -1
1576 -1
1577 -1
1578 -1
1579 -1
1580 -1
1581 -1
1582 2
1583 2
1584 2
1585 2
1586 2
1587 2
1588 2
1589 2
1590 2
1591 -1
1592 2
1593 -1
1594 -1
1595 -1
1596 -1
1597 -1
1598 -1
1599 -1
1600 -1
1601 -1
1602 -1
1603 -1
1604 -1
1605 -1
1606 14
1607 14
1608 14
1609 14
1610 14
1611 14
1612 14
1613 14
1614 14
1615 14
1616 14
1617 14
1618 14
1619 14
1620 14
1621 14
1622 14
1623 14
1624 14
1625 14
1626 14
1627 14
1628 14
1629 14
1630 14
1631 14
1632 14
1633 14
1634 14
1635 14
1636 14
1637 14
1638 14
1639 14
1640 14
1641 14
1642 14
1643 14
1644 14
1645 14
1646 14
1647 14
1648 14
1649 14
1650 14
1651 14
1652 14
1653 14
1654 14
1655 14
1656 14
1657 14
1658 14
1659 14
1660 14
1661 14
1662 14
1663 14
1664 14
1665 14
1666 14
1667 14
1668 14
1669 14
1670 14
1671 14
1672 14
1673 14
1674 -1
1675 -1
1676 -1
1677 -1
1678 -1
1679 -1
1680 -1
1681 15
1682 15
1683 15
1684 15
1685 15
1686 15
1687 15
1688 15
1689 15
1690 15
1691 15
1692 15
1693 15
1694 15
1695 15
1696 15
1697 15
1698 -1
1699 -1
1700 -1
1701 -1
1702 -1
1703 -1
1704 -1
1705 -1
1706 -1
1707 -1
1708 -1
1709 -1
1710 -1
1711 -1
1712 -1
1713 -1
1714 -1
1715 -1
1716 -1
1717 -1
1718 16
1719 -1
1720 16
1721 16
1722 16
1723 16
1724 -1
1725 16
1726 16
1727 16
1728 -1
1729 -1
1730 -1
1731 -1
1732 -1
1733 -1
1734 -1
1735 16
1736 -1
1737 -1
1738 -1
1739 -1
1740 -1
1741 -1
1742 -1
1743 -1
1744 -1
1745 -1
1746 14
1747 14
1748 14
1749 14
1750 14
1751 14
1752 14
1753 14
1754 14
1755 14
1756 14
1757 14
1758 14
1759 -1
1760 -1
1761 -1
1762 -1
1763 -1
1764 -1
1765 -1
1766 -1
1767 -1
1768 -1
1769 -1
1770 -1
1771 -1
1772 -1
1773 -1
1774 -1
1775 -1
1776 -1
1777 -1
1778 -1
1779 -1
1780 -1
1781 -1
1782 -1
1783 -1
1784 -1
1785 -1
1786 -1
1787 -1
1788 14
1789 14
1790 14
1791 14
1792 14
1793 14
1794 14
1795 14
1796 14
1797 -1
1798 -1
1799 -1
1800 -1
1801 -1
1802 -1
1803 -1
1804 -1
1805 -1
1806 16
1807 16
1808 16
1809 16
1810 16
1811 16
1812 16
1813 16
1814 16
1815 16
1816 16
1817 16
1818 16
1819 16
1820 16
1821 16
1822 16
1823 16
1824 16
1825 16
1826 16
1827 16
1828 16
1829 16
1830 16
1831 16
1832 16
1833 16
1834 16
1835 16
1836 16
1837 -1
1838 -1
1839 -1
1840 -1
1841 -1
1842 -1
1843 -1
1844 -1
1845 -1
1846 -1
1847 -1
1848 -1
1849 -1
1850 -1
1851 -1
1852 -1
1853 -1
1854 -1
1855 -1
1856 -1
1857 -1
1858 -1
1859 -1
1860 -1
1861 -1
1862 -1
1863 17
1864 17
1865 17
1866 17
1867 17
1868 17
1869 17
1870 17
1871 17
1872 17
1873 17
1874 17
1875 17
1876 17
1877 17
1878 17
1879 17
1880 17
1881 17
1882 17
1883 17
1884 17
1885 17
1886 17
1887 -1
1888 -1
1889 -1
1890 -1
1891 -1
1892 -1
1893 -1
1894 -1
1895 -1
1896 18
1897 18
1898 18
1899 18
1900 18
1901 18
1902 18
1903 18
1904 18
1905 18
1906 18
1907 18
1908 18
1909 18
1910 18
1911 18
1912 18
1913 18
1914 18
1915 18
1916 18
1917 -1
1918 -1
1919 -1
1920 -1
1921 -1
1922 -1
1923 -1
1924 19
1925 19
1926 19
1927 19
1928 19
1929 19
1930 19
1931 19
1932 19
1933 19
1934 19
1935 19
1936 19
1937 19
1938 19
1939 19
1940 19
1941 -1
1942 -1
1943 -1
1944 -1
1945 -1
1946 -1
1947 -1
1948 20
1949 20
1950 20
1951 20
1952 20
1953 20
1954 20
1955 20
1956 20
1957 20
1958 20
1959 20
1960 20
1961 20
1962 20
1963 20
1964 20
1965 20
1966 20
1967 -1
1968 -1
1969 -1
1970 -1
1971 -1
1972 -1
1973 -1
1974 -1
1975 -1
1976 -1
1977 -1
1978 21
1979 21
1980 21
1981 21
1982 21
1983 21
1984 21
1985 21
1986 21
1987 21
1988 21
1989 21
1990 21
1991 21
1992 21
1993 21
1994 21
1995 21
1996 21
1997 21
1998 21
1999 21
2000 21
2001 21
2002 21
2003 21
2004 21
2005 21
2006 21
2007 -1
2008 -1
2009 -1
2010 -1
2011 -1
2012 -1
2013 -1
2014 -1
2015 -1
2016 -1
2017 -1
2018 -1
2019 -1
2020 -1
2021 -1
2022 -1
2023 -1
2024 -1
2025 -1
2026 -1
2027 22
2028 22
2029 22
2030 22
2031 22
2032 -1
2033 -1
2034 -1
2035 -1
2036 -1
2037 -1
2038 -1
2039 -1
2040 -1
2041 -1
2042 -1
2043 -1
2044 -1
2045 -1
2046 -1
2047 -1
2048 -1
2049 -1
2050 -1
2051 -1
2052 -1
2053 -1
2054 -1
2055 -1
2056 -1
2057 -1
2058 -1
2059 -1
2060 -1
2061 14
2062 -1
2063 14
2064 -1
2065 14
2066 14
2067 14
2068 14
2069 14
2070 14
2071 14
2072 14
2073 14
2074 14
2075 14
2076 14
2077 14
2078 14
2079 14
2080 14
2081 14
2082 14
2083 -1
2084 -1
2085 -1
2086 -1
2087 -1
2088 -1
2089 -1
2090 -1
2091 15
2092 15
2093 15
2094 15
2095 15
2096 15
2097 -1
2098 15
2099 -1
2100 15
2101 -1
2102 -1
2103 -1
2104 15
2105 15
2106 15
2107 15
2108 -1
2109 -1
2110 -1
2111 -1
2112 -1
2113 -1
2114 -1
2115 -1
2116 -1
2117 24
2118 24
2119 24
2120 24
2121 24
2122 24
2123 24
2124 24
2125 24
2126 24
2127 24
2128 -1
2129 -1
2130 -1
2131 -1
2132 -1
2133 -1
2134 -1
2135 -1
2136 -1
2137 -1
2138 -1
2139 -1
2140 -1
2141 -1
2142 -1
2143 -1
2144 -1
2145 -1
2146 -1
2147 -1
2148 -1
2149 -1
2150 -1
2151 -1
2152 -1
2153 -1
2154 -1
2155 -1
2156 -1
2157 -1
2158 -1
2159 -1
2160 -1
2161 -1
2162 -1
2163 -1
2164 24
2165 -1
2166 -1
2167 -1
2168 -1
2169 -1
2170 -1
2171 -1
2172 -1
2173 -1
2174 -1
2175 -1
2176 -1
2177 -1
2178 26
2179 26
2180 26
2181 26
2182 26
2183 26
2184 26
2185 26
2186 26
2187 26
2188 26
2189 26
2190 26
2191 26
2192 26
2193 26
2194 26
2195 26
2196 26
2197 26
2198 26
2199 26
2200 26
2201 26
2202 26
2203 26
2204 26
2205 26
2206 26
2207 26
2208 26
2209 26
2210 26
2211 26
2212 26
2213 -1
2214 -1
2215 -1
2216 -1
2217 -1
2218 -1
2219 -1
2220 27
2221 27
2222 27
2223 27
2224 27
2225 27
2226 27
2227 27
2228 27
2229 27
2230 27
2231 27
2232 27
2233 27
2234 27
2235 27
2236 27
2237 27
