0 -1
1 -1
2 -1
3 -1
4 -1
5 -1
6 -1
7 -1
8 0
9 0
10 0
11 0
12 0
13 0
14 0
15 0
16 0
17 0
18 0
19 0
20 0
21 0
22 0
23 0
24 0
25 0
26 0
27 0
28 0
29 0
30 0
31 0
32 0
33 0
34 0
35 0
36 0
37 0
38 0
39 -1
40 -1
41 -1
42 -1
43 -1
44 -1
45 -1
46 1
47 1
48 1
49 1
50 1
51 1
52 1
53 1
54 1
55 1
56 1
57 1
58 1
59 1
60 1
61 1
62 1
63 1
64 -1
65 -1
66 -1
67 -1
68 -1
69 -1
70 -1
71 -1
72 2
73 2
74 2
75 2
76 2
77 2
78 2
79 2
80 2
81 2
82 2
83 2
84 2
85 2
86 2
87 2
88 2
89 2
90 2
91 2
92 -1
93 -1
94 -1
95 -1
96 -1
97 -1
98 -1
99 3
100 3
101 3
102 3
103 3
104 3
105 3
106 3
107 3
108 3
109 3
110 3
111 3
112 -1
113 3
114 3
115 3
116 3
117 -1
118 -1
119 -1
120 -1
121 -1
122 -1
123 -1
124 -1
125 -1
126 -1
127 -1
128 -1
129 -1
130 -1
131 -1
132 -1
133 -1
134 -1
135 -1
136 -1
137 -1
138 -1
139 -1
140 -1
141 -1
142 -1
143 -1
144 -1
145 -1
146 -1
147 -1
148 -1
149 -1
150 -1
151 -1
152 -1
153 -1
154 -1
155 -1
156 -1
157 -1
158 -1
159 -1
160 -1
161 -1
162 -1
163 -1
164 -1
165 -1
166 -1
167 -1
168 -1
169 -1
170 -1
171 -1
172 -1
173 -1
174 5
175 5
176 5
177 5
178 5
179 5
180 5
181 5
182 5
183 5
184 5
185 5
186 5
187 5
188 5
189 5
190 5
191 5
192 5
193 5
194 5
195 5
196 5
197 5
198 5
199 5
200 5
201 5
202 5
203 5
204 5
205 5
206 5
207 5
208 5
209 5
210 5
211 -1
212 -1
213 -1
214 -1
215 -1
216 -1
217 -1
218 -1
219 -1
220 -1
221 -1
222 -1
223 -1
224 -1
225 -1
226 -1
227 -1
228 -1
229 -1
230 -1
231 -1
232 -1
233 -1
234 -1
235 -1
236 -1
237 -1
238 -1
239 -1
240 -1
241 -1
242 -1
243 -1
244 -1
245 -1
246 -1
247 -1
248 -1
249 -1
250 -1
251 -1
252 -1
253 -1
254 -1
255 -1
256 -1
257 -1
258 -1
259 -1
260 -1
261 -1
262 -1
263 -1
264 -1
265 -1
266 -1
267 7
268 7
269 7
270 7
271 7
272 7
273 7
274 7
275 7
276 7
277 7
278 7
279 7
280 7
281 7
282 7
283 7
284 7
285 7
286 7
287 7
288 7
289 7
290 7
291 7
292 7
293 7
294 7
295 7
296 7
297 7
298 7
299 7
300 7
301 7
302 7
303 7
304 7
305 7
306 7
307 7
308 7
309 7
310 7
311 -1
312 -1
313 -1
314 -1
315 -1
316 -1
317 -1
318 8
319 8
320 8
321 8
322 8
323 8
324 8
325 8
326 8
327 8
328 8
329 8
330 8
331 8
332 8
333 8
334 8
335 8
336 8
337 -1
338 -1
339 -1
340 -1
341 -1
342 -1
343 -1
344 -1
345 -1
346 9
347 9
348 9
349 9
350 9
351 9
352 9
353 9
354 9
355 9
356 9
357 9
358 9
359 9
360 9
361 9
362 9
363 9
364 9
365 9
366 9
367 9
368 9
369 9
370 9
371 9
372 9
373 9
374 9
375 9
376 9
377 9
378 9
379 9
380 -1
381 -1
382 -1
383 -1
384 -1
385 -1
386 -1
387 10
388 10
389 10
390 -1
391 -1
392 -1
393 -1
394 -1
395 -1
396 -1
397 -1
398 -1
399 -1
400 -1
401 9
402 9
403 9
404 9
405 9
406 9
407 9
408 9
409 9
410 9
411 9
412 9
413 9
414 9
415 -1
416 -1
417 -1
418 -1
419 -1
420 -1
421 -1
422 -1
423 -1
424 -1
425 -1
426 -1
427 -1
428 -1
429 -1
430 -1
431 -1
432 -1
433 -1
434 -1
435 -1
436 -1
437 -1
438 -1
439 -1
440 -1
441 -1
442 -1
443 -1
444 -1
445 -1
446 -1
447 -1
448 -1
449 -1
450 -1
451 -1
452 -1
453 -1
454 -1
455 -1
456 12
457 12
458 12
459 12
460 12
461 12
462 12
463 12
464 12
465 12
466 12
467 12
468 12
469 12
470 12
471 12
472 12
473 12
474 12
475 12
476 12
477 12
478 12
479 12
480 12
481 12
482 12
483 -1
484 -1
485 -1
486 -1
487 -1
488 -1
489 -1
490 13
491 13
492 13
493 13
494 13
495 13
496 13
497 13
498 13
499 13
500 13
501 13
502 13
503 13
504 13
505 -1
506 -1
507 -1
508 -1
509 -1
510 -1
511 -1
512 14
513 14
514 14
515 14
516 14
517 14
518 14
519 14
520 14
521 14
522 14
523 14
524 14
525 14
526 14
527 14
528 14
529 14
530 14
531 -1
532 -1
533 -1
534 -1
535 -1
536 -1
537 -1
538 15
539 15
540 15
541 15
542 15
543 15
544 15
545 15
546 15
547 15
548 15
549 15
550 15
551 15
552 15
553 15
554 15
555 15
556 15
557 15
558 -1
559 -1
560 -1
561 -1
562 -1
563 -1
564 -1
565 -1
566 16
567 16
568 16
569 16
570 16
571 16
572 16
573 16
574 16
575 16
576 16
577 16
578 16
579 16
580 16
581 16
582 16
583 16
584 -1
585 -1
586 -1
587 -1
588 -1
589 -1
590 -1
591 17
592 17
593 17
594 17
595 17
596 17
597 17
598 17
599 17
600 17
601 17
602 17
603 17
604 17
605 17
606 17
607 17
608 17
609 17
610 17
611 17
612 17
613 17
614 17
615 17
616 17
617 17
618 17
619 17
620 17
621 17
622 17
623 -1
624 -1
625 -1
626 -1
627 -1
628 -1
629 -1
630 -1
631 18
632 18
633 18
634 18
635 18
636 18
637 18
638 18
639 18
640 18
641 18
642 18
643 18
644 18
645 18
646 18
647 18
648 18
649 18
650 -1
651 -1
652 -1
653 -1
654 -1
655 -1
656 -1
657 19
658 19
659 19
660 19
661 19
662 19
663 19
664 19
665 19
666 19
667 19
668 19
669 19
670 19
671 19
672 19
673 19
674 19
675 19
676 19
677 19
678 19
679 19
680 19
681 19
682 19
683 19
684 19
685 19
686 -1
687 -1
688 -1
689 -1
690 -1
691 -1
692 -1
693 20
694 20
695 20
696 20
697 20
698 20
699 20
700 20
701 20
702 20
703 20
704 20
705 20
706 20
707 20
708 20
709 -1
710 -1
711 -1
712 -1
713 -1
714 -1
715 -1
716 -1
717 -1
718 -1
719 21
720 21
721 21
722 21
723 21
724 21
725 21
726 21
727 21
728 21
729 21
730 21
731 21
732 21
733 21
734 21
735 21
736 21
737 21
738 21
739 21
740 -1
741 -1
742 -1
743 -1
744 -1
745 -1
746 -1
747 22
748 22
749 22
750 22
751 22
752 22
753 22
754 22
755 22
756 22
757 22
758 22
759 22
760 22
761 22
762 22
763 22
764 22
765 22
766 -1
767 -1
768 -1
769 -1
770 -1
771 -1
772 -1
773 -1
774 -1
775 -1
776 23
777 -1
778 23
779 -1
780 23
781 23
782 23
783 23
784 23
785 23
786 23
787 23
788 23
789 23
790 23
791 23
792 23
793 -1
794 -1
795 -1
796 -1
797 -1
798 -1
799 -1
800 24
801 24
802 24
803 24
804 24
805 24
806 24
807 24
808 24
809 24
810 24
811 24
812 24
813 24
814 24
815 24
816 24
817 24
818 24
819 24
820 24
821 24
822 24
823 24
824 24
825 24
826 24
827 24
828 24
829 24
830 -1
831 -1
832 -1
833 -1
834 -1
835 -1
836 -1
837 25
838 25
839 25
840 25
841 25
842 25
843 25
844 25
845 25
846 25
847 25
848 25
849 25
850 25
851 25
852 -1
853 -1
854 -1
855 -1
856 -1
857 -1
858 -1
859 -1
860 -1
861 -1
862 -1
863 26
864 26
865 26
866 26
867 26
868 26
869 26
870 26
871 26
872 26
873 26
874 26
875 26
876 26
877 26
878 26
879 26
880 26
881 26
882 26
883 26
884 26
885 26
886 26
887 26
888 26
889 26
890 -1
891 -1
892 -1
893 -1
894 -1
895 -1
896 -1
