0 -1
1 -1
2 -1
3 -1
4 -1
5 -1
6 -1
7 -1
8 -1
9 -1
10 -1
11 -1
12 -1
13 -1
14 -1
15 -1
16 -1
17 -1
18 -1
19 -1
20 -1
21 -1
22 -1
23 -1
24 -1
25 -1
26 0
27 0
28 0
29 0
30 0
31 0
32 0
33 0
34 0
35 0
36 0
37 0
38 0
39 -1
40 -1
41 -1
42 -1
43 -1
44 -1
45 -1
46 1
47 1
48 1
49 1
50 1
51 1
52 1
53 1
54 1
55 1
56 1
57 1
58 1
59 1
60 1
61 1
62 1
63 1
64 1
65 -1
66 -1
67 -1
68 -1
69 -1
70 -1
71 -1
72 -1
73 2
74 2
75 2
76 2
77 2
78 2
79 2
80 2
81 2
82 2
83 2
84 2
85 2
86 2
87 2
88 2
89 2
90 2
91 2
92 2
93 2
94 2
95 2
96 2
97 2
98 2
99 2
100 2
101 2
102 2
103 2
104 2
105 2
106 2
107 2
108 2
109 2
110 2
111 -1
112 -1
113 -1
114 -1
115 -1
116 -1
117 -1
118 -1
119 -1
120 3
121 3
122 3
123 3
124 3
125 3
126 3
127 3
128 3
129 3
130 3
131 3
132 3
133 3
134 -1
135 -1
136 -1
137 -1
138 -1
139 -1
140 -1
141 -1
142 -1
143 -1
144 4
145 4
146 4
147 4
148 4
149 4
150 4
151 4
152 4
153 4
154 4
155 4
156 4
157 4
158 4
159 4
160 4
161 4
162 4
163 4
164 4
165 4
166 4
167 4
168 4
169 4
170 -1
171 -1
172 -1
173 -1
174 -1
175 -1
176 -1
177 -1
178 -1
179 5
180 5
181 5
182 5
183 5
184 5
185 5
186 5
187 5
188 5
189 5
190 5
191 5
192 5
193 5
194 5
195 5
196 5
197 5
198 5
199 5
200 5
201 5
202 5
203 5
204 5
205 5
206 5
207 -1
208 -1
209 -1
210 -1
211 -1
212 -1
213 -1
214 -1
215 -1
216 -1
217 -1
218 -1
219 -1
220 -1
221 -1
222 -1
223 -1
224 -1
225 -1
226 -1
227 6
228 -1
229 6
230 6
231 6
232 6
233 -1
234 6
235 6
236 6
237 6
238 6
239 6
240 6
241 6
242 6
243 6
244 6
245 6
246 6
247 6
248 6
249 6
250 6
251 6
252 6
253 6
254 6
255 6
256 6
257 6
258 6
259 6
260 -1
261 -1
262 -1
263 -1
264 -1
265 -1
266 -1
267 -1
268 7
269 7
270 7
271 7
272 7
273 7
274 7
275 7
276 7
277 7
278 7
279 7
280 7
281 7
282 7
283 7
284 7
285 7
286 7
287 7
288 7
289 -1
290 -1
291 -1
292 -1
293 -1
294 -1
295 -1
296 8
297 8
298 8
299 8
300 8
301 8
302 8
303 8
304 8
305 8
306 8
307 8
308 8
309 8
310 8
311 -1
312 -1
313 -1
314 -1
315 -1
316 -1
317 -1
318 -1
319 9
320 9
321 9
322 9
323 9
324 9
325 9
326 9
327 9
328 9
329 9
330 9
331 9
332 9
333 9
334 9
335 9
336 9
337 9
338 -1
339 9
340 -1
341 -1
342 -1
343 -1
344 -1
345 -1
346 -1
347 10
348 -1
349 10
350 10
351 10
352 10
353 10
354 10
355 10
356 10
357 10
358 10
359 10
360 10
361 10
362 10
363 10
364 -1
365 -1
366 -1
367 -1
368 -1
369 -1
370 -1
371 -1
372 11
373 11
374 11
375 11
376 11
377 -1
378 -1
379 -1
380 -1
381 -1
382 -1
383 -1
384 -1
385 -1
386 -1
387 -1
388 -1
389 -1
390 -1
391 -1
392 11
393 11
394 11
395 11
396 -1
397 -1
398 -1
399 -1
400 -1
401 -1
402 -1
403 -1
404 -1
405 -1
406 -1
407 -1
408 -1
409 12
410 12
411 12
412 12
413 12
414 12
415 12
416 12
417 12
418 12
419 12
420 12
421 12
422 12
423 12
424 12
425 12
426 12
427 12
428 12
429 12
430 12
431 12
432 12
433 12
434 12
435 12
436 12
437 12
438 12
439 12
440 12
441 12
442 12
443 -1
444 -1
445 -1
446 -1
447 -1
448 -1
449 -1
450 13
451 13
452 13
453 13
454 13
455 13
456 13
457 13
458 13
459 13
460 13
461 13
462 13
463 13
464 13
465 13
466 13
467 13
468 13
469 -1
470 -1
471 -1
472 -1
473 -1
474 -1
475 -1
476 14
477 14
478 14
479 14
480 14
481 14
482 14
483 14
484 14
485 14
486 14
487 14
488 14
489 14
490 14
491 14
492 14
493 14
494 14
495 14
496 -1
497 -1
498 -1
499 -1
500 -1
501 -1
502 -1
503 15
504 15
505 15
506 15
507 15
508 15
509 15
510 15
511 15
512 15
513 15
514 15
515 15
516 15
517 15
518 15
519 15
520 15
521 -1
522 -1
523 -1
524 -1
525 -1
526 -1
527 -1
528 16
529 16
530 16
531 16
532 16
533 16
534 16
535 16
536 16
537 16
538 16
539 16
540 16
541 16
542 16
543 16
544 16
545 16
546 16
547 16
548 16
549 16
550 16
551 16
552 16
553 16
554 16
555 16
556 16
557 -1
558 -1
559 -1
560 -1
561 -1
562 -1
563 -1
564 -1
565 -1
566 17
567 17
568 17
569 17
570 17
571 17
572 17
573 17
574 17
575 17
576 17
577 17
578 17
579 17
580 17
581 17
582 17
583 17
584 17
585 17
586 17
587 17
588 17
589 17
590 17
591 17
592 17
593 17
594 17
595 17
596 17
597 17
598 -1
599 -1
600 -1
601 -1
602 -1
603 -1
604 -1
605 18
606 18
607 18
608 18
609 18
610 18
611 18
612 18
613 18
614 18
615 18
616 18
617 18
618 18
619 18
620 18
621 18
622 18
623 18
624 -1
625 -1
626 -1
627 -1
628 -1
629 -1
630 -1
631 19
632 19
633 19
634 19
635 19
636 19
637 19
638 19
639 19
640 19
641 19
642 19
643 19
644 19
645 19
646 19
647 19
648 19
649 -1
650 -1
651 -1
652 -1
653 -1
654 -1
655 -1
656 20
657 20
658 20
659 20
660 20
661 20
662 20
663 20
664 20
665 20
666 20
667 20
668 20
669 20
670 20
671 20
672 20
673 20
674 20
675 -1
676 -1
677 -1
678 -1
679 -1
680 -1
681 -1
682 -1
683 -1
684 -1
685 21
686 21
687 21
688 21
689 21
690 21
691 21
692 21
693 21
694 21
695 21
696 21
697 21
698 21
699 21
700 21
701 21
702 21
703 21
704 21
705 21
706 21
707 21
708 21
709 21
710 21
711 21
712 21
713 21
714 -1
715 -1
716 -1
717 -1
718 -1
719 -1
720 -1
721 -1
722 22
723 22
724 22
725 22
726 22
727 22
728 22
729 22
730 22
731 22
732 22
733 22
734 22
735 22
736 22
737 22
738 22
739 22
740 22
741 22
742 22
743 22
744 22
745 22
746 22
747 -1
748 -1
749 -1
750 -1
751 -1
752 -1
753 -1
754 -1
755 23
756 -1
757 23
758 -1
759 23
760 23
761 23
762 23
763 23
764 23
765 23
766 23
767 23
768 23
769 -1
770 23
771 23
772 23
773 23
774 23
775 23
776 23
777 23
778 -1
779 -1
780 -1
781 -1
782 -1
783 -1
784 -1
785 -1
786 24
787 24
788 24
789 24
790 24
791 24
792 24
793 24
794 24
795 24
796 24
797 24
798 24
799 24
800 24
801 24
802 24
803 24
804 24
805 24
806 24
807 24
808 24
809 24
810 24
811 24
812 24
813 24
814 24
815 24
816 -1
817 -1
818 -1
819 -1
820 -1
821 -1
822 -1
823 25
824 25
825 25
826 25
827 25
828 25
829 25
830 25
831 25
832 25
833 25
834 25
835 25
836 25
837 25
838 -1
839 -1
840 -1
841 -1
842 -1
843 -1
844 -1
845 -1
846 26
847 26
848 26
849 26
850 26
851 26
852 26
853 26
854 26
855 26
856 26
857 26
858 26
859 26
860 26
861 26
862 26
863 26
864 26
865 26
866 26
867 26
868 26
869 -1
870 -1
871 -1
872 -1
873 -1
874 -1
875 -1
876 -1
877 -1
878 -1
879 -1
880 -1
881 -1
882 -1
