0 -1
1 -1
2 -1
3 -1
4 -1
5 -1
6 -1
7 -1
8 -1
9 -1
10 0
11 0
12 0
13 0
14 0
15 0
16 0
17 0
18 0
19 0
20 0
21 0
22 0
23 0
24 0
25 0
26 0
27 0
28 0
29 0
30 0
31 0
32 0
33 0
34 0
35 0
36 0
37 0
38 0
39 0
40 0
41 0
42 0
43 0
44 0
45 0
46 0
47 0
48 0
49 -1
50 -1
51 -1
52 -1
53 -1
54 -1
55 -1
56 1
57 1
58 1
59 1
60 1
61 1
62 1
63 1
64 1
65 1
66 1
67 1
68 1
69 1
70 1
71 1
72 1
73 1
74 1
75 1
76 1
77 -1
78 -1
79 -1
80 -1
81 -1
82 -1
83 -1
84 -1
85 2
86 2
87 2
88 2
89 2
90 2
91 2
92 2
93 2
94 2
95 2
96 2
97 2
98 2
99 2
100 2
101 2
102 2
103 2
104 2
105 2
106 2
107 2
108 2
109 -1
110 -1
111 -1
112 -1
113 -1
114 -1
115 -1
116 3
117 3
118 3
119 3
120 3
121 3
122 3
123 3
124 3
125 3
126 3
127 3
128 3
129 3
130 3
131 3
132 3
133 -1
134 -1
135 -1
136 -1
137 -1
138 -1
139 -1
140 -1
141 -1
142 -1
143 -1
144 -1
145 4
146 4
147 4
148 4
149 4
150 4
151 4
152 4
153 4
154 4
155 4
156 4
157 4
158 4
159 4
160 4
161 4
162 4
163 4
164 4
165 4
166 4
167 4
168 4
169 4
170 4
171 4
172 4
173 4
174 -1
175 -1
176 -1
177 -1
178 -1
179 -1
180 -1
181 -1
182 -1
183 -1
184 5
185 5
186 5
187 5
188 5
189 5
190 5
191 5
192 5
193 5
194 5
195 5
196 5
197 5
198 5
199 5
200 5
201 5
202 5
203 5
204 5
205 5
206 5
207 5
208 -1
209 -1
210 -1
211 -1
212 -1
213 -1
214 -1
215 -1
216 -1
217 -1
218 -1
219 -1
220 6
221 6
222 6
223 6
224 6
225 6
226 6
227 6
228 6
229 6
230 6
231 6
232 6
233 6
234 6
235 6
236 6
237 6
238 6
239 6
240 6
241 6
242 6
243 6
244 6
245 6
246 6
247 6
248 6
249 6
250 6
251 6
252 6
253 6
254 6
255 6
256 -1
257 -1
258 -1
259 -1
260 -1
261 -1
262 -1
263 -1
264 -1
265 -1
266 7
267 7
268 7
269 7
270 7
271 7
272 7
273 7
274 7
275 7
276 7
277 7
278 7
279 7
280 7
281 7
282 7
283 7
284 7
285 7
286 7
287 7
288 7
289 -1
290 -1
291 -1
292 -1
293 -1
294 -1
295 -1
296 8
297 8
298 8
299 8
300 8
301 8
302 8
303 8
304 8
305 8
306 8
307 8
308 8
309 8
310 8
311 8
312 8
313 8
314 8
315 8
316 8
317 8
318 8
319 8
320 8
321 8
322 -1
323 -1
324 -1
325 -1
326 -1
327 -1
328 -1
329 -1
330 -1
331 -1
332 -1
333 -1
334 -1
335 -1
336 9
337 9
338 9
339 9
340 9
341 9
342 9
343 9
344 9
345 9
346 9
347 9
348 9
349 9
350 9
351 9
352 9
353 9
354 9
355 -1
356 -1
357 -1
358 -1
359 -1
360 -1
361 -1
362 10
363 10
364 10
365 10
366 10
367 10
368 10
369 10
370 10
371 10
372 10
373 10
374 10
375 10
376 10
377 10
378 10
379 10
380 10
381 10
382 10
383 10
384 -1
385 -1
386 -1
387 -1
388 -1
389 -1
390 -1
391 -1
392 -1
393 -1
394 11
395 11
396 11
397 11
398 11
399 11
400 11
401 11
402 11
403 11
404 11
405 11
406 11
407 11
408 11
409 11
410 11
411 11
412 11
413 11
414 11
415 11
416 11
417 11
418 11
419 11
420 -1
421 -1
422 -1
423 -1
424 -1
425 -1
426 -1
427 12
428 12
429 12
430 12
431 12
432 12
433 12
434 12
435 12
436 12
437 12
438 12
439 12
440 12
441 12
442 12
443 12
444 12
445 12
446 12
447 12
448 12
449 12
450 12
451 12
452 12
453 12
454 12
455 12
456 12
457 12
458 12
459 -1
460 -1
461 -1
462 -1
463 -1
464 -1
465 -1
466 13
467 13
468 13
469 13
470 13
471 13
472 13
473 13
474 13
475 13
476 13
477 13
478 13
479 13
480 13
481 13
482 13
483 13
484 13
485 13
486 13
487 13
488 13
489 -1
490 -1
491 -1
492 -1
493 -1
494 -1
495 -1
496 -1
497 14
498 14
499 14
500 14
501 14
502 14
503 14
504 14
505 14
506 14
507 14
508 14
509 14
510 14
511 14
512 14
513 14
514 14
515 14
516 14
517 14
518 14
519 14
520 14
521 14
522 14
523 14
524 14
525 14
526 14
527 14
528 14
529 14
530 14
531 -1
532 -1
533 -1
534 -1
535 -1
536 -1
537 -1
538 15
539 15
540 15
541 15
542 15
543 15
544 15
545 15
546 15
547 15
548 15
549 15
550 15
551 15
552 15
553 15
554 15
555 15
556 15
557 15
558 15
559 15
560 15
561 15
562 -1
563 -1
564 -1
565 -1
566 -1
567 -1
568 -1
569 16
570 16
571 16
572 16
573 16
574 16
575 16
576 16
577 16
578 16
579 16
580 16
581 16
582 16
583 16
584 16
585 16
586 16
587 16
588 16
589 16
590 16
591 16
592 16
593 16
594 16
595 16
596 16
597 16
598 16
599 16
600 16
601 16
602 16
603 -1
604 -1
605 -1
606 -1
607 -1
608 -1
609 -1
610 -1
611 -1
612 -1
613 -1
614 -1
615 -1
616 -1
617 -1
618 -1
619 -1
620 -1
621 -1
622 -1
623 -1
624 17
625 17
626 17
627 17
628 17
629 17
630 17
631 17
632 17
633 17
634 17
635 17
636 17
637 17
638 17
639 17
640 17
641 17
642 17
643 17
644 17
645 17
646 17
647 17
648 17
649 17
650 17
651 17
652 17
653 17
654 17
655 17
656 17
657 17
658 17
659 17
660 17
661 17
662 17
663 17
664 17
665 17
666 -1
667 -1
668 -1
669 -1
670 -1
671 -1
672 -1
673 -1
674 -1
675 -1
676 18
677 18
678 18
679 18
680 18
681 18
682 18
683 18
684 18
685 18
686 18
687 18
688 18
689 18
690 18
691 18
692 18
693 18
694 -1
695 -1
696 -1
697 -1
698 -1
699 -1
700 -1
701 -1
702 -1
703 -1
704 19
705 19
706 19
707 19
708 19
709 19
710 19
711 19
712 19
713 19
714 19
715 19
716 19
717 19
718 19
719 19
720 19
721 19
722 19
723 19
724 19
725 19
726 19
727 19
728 19
729 -1
730 -1
731 -1
732 -1
733 -1
734 -1
735 -1
736 20
737 20
738 20
739 20
740 20
741 20
742 20
743 20
744 20
745 20
746 20
747 20
748 20
749 20
750 20
751 20
752 20
753 20
754 20
755 20
756 -1
757 -1
758 -1
759 -1
760 -1
761 -1
762 -1
763 -1
764 -1
765 -1
766 21
767 21
768 21
769 21
770 21
771 21
772 21
773 21
774 21
775 21
776 21
777 21
778 21
779 21
780 21
781 21
782 21
783 21
784 21
785 -1
786 -1
787 -1
788 -1
789 -1
790 -1
791 -1
792 22
793 22
794 22
795 22
796 22
797 22
798 22
799 22
800 22
801 22
802 22
803 22
804 22
805 22
806 22
807 22
808 22
809 -1
810 -1
811 -1
812 -1
813 -1
814 -1
815 -1
816 -1
817 -1
818 -1
819 -1
820 23
821 23
822 23
823 23
824 23
825 23
826 23
827 23
828 23
829 23
830 23
831 23
832 23
833 23
834 23
835 23
836 23
837 23
838 -1
839 -1
840 -1
841 -1
842 -1
843 -1
844 -1
845 -1
846 24
847 24
848 24
849 24
850 24
851 24
852 24
853 24
854 24
855 24
856 24
857 24
858 24
859 24
860 24
861 24
862 24
863 24
864 24
865 24
866 24
867 24
868 24
869 24
870 24
871 24
872 -1
873 -1
874 -1
875 -1
876 -1
877 -1
878 -1
879 25
880 25
881 25
882 25
883 25
884 25
885 25
886 25
887 25
888 25
889 25
890 25
891 25
892 25
893 25
894 -1
895 -1
896 -1
897 -1
898 -1
899 -1
900 -1
901 -1
902 -1
903 -1
904 26
905 26
906 26
907 26
908 26
909 26
910 26
911 26
912 26
913 26
914 26
915 26
916 26
917 26
918 26
919 26
920 26
921 26
922 26
923 26
924 26
925 26
926 26
927 26
928 26
929 26
930 26
931 26
932 26
933 26
934 26
935 26
936 26
937 26
938 26
939 -1
940 -1
941 -1
942 -1
943 -1
944 -1
945 -1
946 -1
947 -1
948 -1
949 -1
950 -1
951 -1
952 -1
953 -1
954 -1
