0 -1
1 -1
2 -1
3 -1
4 -1
5 -1
6 -1
7 -1
8 0
9 0
10 0
11 0
12 0
13 0
14 0
15 0
16 0
17 0
18 0
19 0
20 0
21 0
22 0
23 0
24 0
25 0
26 0
27 0
28 0
29 0
30 0
31 0
32 0
33 0
34 0
35 0
36 0
37 0
38 0
39 0
40 0
41 0
42 0
43 0
44 0
45 0
46 0
47 0
48 0
49 0
50 0
51 0
52 0
53 0
54 0
55 0
56 0
57 0
58 0
59 0
60 0
61 -1
62 -1
63 -1
64 -1
65 -1
66 -1
67 -1
68 1
69 1
70 1
71 1
72 1
73 1
74 1
75 1
76 1
77 1
78 1
79 1
80 1
81 1
82 1
83 1
84 1
85 1
86 1
87 1
88 1
89 1
90 1
91 1
92 1
93 1
94 1
95 1
96 -1
97 -1
98 -1
99 -1
100 -1
101 -1
102 -1
103 -1
104 2
105 2
106 2
107 2
108 2
109 2
110 2
111 2
112 2
113 2
114 2
115 2
116 2
117 2
118 2
119 2
120 2
121 2
122 2
123 2
124 2
125 2
126 2
127 2
128 2
129 2
130 2
131 -1
132 -1
133 -1
134 -1
135 -1
136 -1
137 -1
138 3
139 3
140 3
141 3
142 3
143 3
144 3
145 3
146 3
147 3
148 3
149 3
150 3
151 3
152 3
153 3
154 3
155 3
156 3
157 3
158 -1
159 -1
160 -1
161 -1
162 -1
163 -1
164 -1
165 -1
166 -1
167 -1
168 -1
169 -1
170 -1
171 -1
172 4
173 4
174 4
175 4
176 4
177 4
178 4
179 4
180 4
181 4
182 4
183 4
184 4
185 4
186 4
187 4
188 4
189 4
190 4
191 4
192 4
193 4
194 4
195 4
196 -1
197 -1
198 -1
199 -1
200 -1
201 -1
202 -1
203 5
204 5
205 5
206 5
207 5
208 5
209 5
210 5
211 5
212 5
213 5
214 5
215 5
216 5
217 5
218 5
219 5
220 5
221 5
222 5
223 5
224 5
225 5
226 5
227 5
228 5
229 5
230 5
231 5
232 5
233 5
234 5
235 5
236 5
237 5
238 5
239 5
240 5
241 5
242 5
243 5
244 5
245 5
246 5
247 5
248 5
249 5
250 5
251 5
252 5
253 5
254 5
255 5
256 5
257 5
258 5
259 5
260 -1
261 -1
262 -1
263 -1
264 -1
265 -1
266 -1
267 -1
268 6
269 6
270 6
271 6
272 6
273 6
274 6
275 6
276 6
277 6
278 6
279 6
280 6
281 6
282 6
283 6
284 6
285 6
286 6
287 6
288 6
289 6
290 6
291 6
292 6
293 6
294 6
295 6
296 6
297 6
298 6
299 -1
300 -1
301 -1
302 -1
303 -1
304 -1
305 -1
306 -1
307 -1
308 -1
309 -1
310 -1
311 -1
312 -1
313 -1
314 -1
315 -1
316 -1
317 -1
318 6
319 6
320 6
321 6
322 6
323 6
324 6
325 6
326 -1
327 -1
328 -1
329 -1
330 -1
331 -1
332 -1
333 -1
334 -1
335 -1
336 7
337 7
338 7
339 7
340 7
341 7
342 7
343 7
344 7
345 7
346 7
347 7
348 7
349 7
350 7
351 7
352 7
353 7
354 7
355 7
356 7
357 7
358 7
359 7
360 7
361 -1
362 -1
363 -1
364 -1
365 -1
366 -1
367 -1
368 -1
369 -1
370 -1
371 -1
372 -1
373 -1
374 -1
375 -1
376 -1
377 -1
378 8
379 8
380 8
381 8
382 8
383 8
384 8
385 8
386 8
387 8
388 8
389 8
390 8
391 8
392 8
393 8
394 8
395 8
396 8
397 8
398 8
399 8
400 8
401 8
402 -1
403 -1
404 -1
405 -1
406 -1
407 -1
408 -1
409 9
410 9
411 9
412 9
413 9
414 9
415 9
416 9
417 9
418 9
419 9
420 9
421 9
422 9
423 9
424 9
425 9
426 9
427 -1
428 -1
429 -1
430 -1
431 -1
432 -1
433 -1
434 10
435 10
436 10
437 10
438 10
439 10
440 10
441 10
442 10
443 10
444 10
445 10
446 10
447 10
448 10
449 10
450 10
451 10
452 10
453 10
454 -1
455 -1
456 -1
457 -1
458 -1
459 -1
460 -1
461 11
462 11
463 11
464 11
465 11
466 11
467 11
468 11
469 11
470 11
471 11
472 11
473 11
474 11
475 11
476 11
477 11
478 -1
479 -1
480 -1
481 -1
482 -1
483 -1
484 -1
485 -1
486 -1
487 0
488 0
489 0
490 0
491 0
492 0
493 0
494 0
495 0
496 0
497 0
498 0
499 0
500 -1
501 -1
502 -1
503 -1
504 -1
505 -1
506 -1
507 -1
508 -1
509 -1
510 -1
511 12
512 12
513 12
514 12
515 12
516 12
517 12
518 12
519 12
520 12
521 12
522 12
523 12
524 12
525 12
526 12
527 12
528 12
529 12
530 12
531 12
532 12
533 12
534 12
535 12
536 12
537 12
538 12
539 12
540 12
541 12
542 12
543 12
544 12
545 12
546 12
547 12
548 12
549 12
550 12
551 12
552 12
553 12
554 12
555 12
556 12
557 12
558 12
559 12
560 12
561 12
562 12
563 12
564 12
565 12
566 12
567 12
568 12
569 12
570 12
571 12
572 12
573 12
574 12
575 12
576 12
577 12
578 12
579 12
580 12
581 12
582 12
583 12
584 12
585 12
586 12
587 12
588 12
589 12
590 12
591 12
592 12
593 12
594 12
595 12
596 12
597 12
598 12
599 -1
600 -1
601 -1
602 -1
603 -1
604 -1
605 -1
606 -1
607 -1
608 13
609 13
610 13
611 13
612 13
613 13
614 13
615 13
616 13
617 13
618 13
619 13
620 13
621 13
622 -1
623 -1
624 -1
625 -1
626 -1
627 -1
628 -1
629 -1
630 14
631 14
632 14
633 14
634 14
635 14
636 14
637 14
638 14
639 14
640 14
641 14
642 14
643 14
644 14
645 14
646 14
647 14
648 14
649 14
650 14
651 14
652 14
653 14
654 14
655 14
656 14
657 14
658 14
659 14
660 14
661 -1
662 -1
663 -1
664 -1
665 -1
666 -1
667 -1
668 15
669 15
670 15
671 15
672 15
673 15
674 15
675 15
676 15
677 15
678 15
679 15
680 15
681 15
682 15
683 15
684 -1
685 -1
686 -1
687 -1
688 -1
689 -1
690 -1
691 -1
692 -1
693 -1
694 -1
695 -1
696 -1
697 -1
698 -1
699 -1
700 -1
701 16
702 16
703 16
704 16
705 16
706 16
707 16
708 16
709 16
710 16
711 16
712 16
713 16
714 16
715 16
716 16
717 16
718 16
719 16
720 16
721 -1
722 -1
723 -1
724 -1
725 -1
726 -1
727 -1
728 -1
729 -1
730 -1
731 -1
732 -1
733 -1
734 -1
735 -1
736 -1
737 -1
738 -1
739 -1
740 -1
741 -1
742 -1
743 -1
744 -1
745 -1
746 -1
747 -1
748 17
749 17
750 17
751 17
752 17
753 17
754 17
755 17
756 17
757 17
758 17
759 17
760 -1
761 -1
762 -1
763 -1
764 -1
765 -1
766 -1
767 18
768 18
769 18
770 18
771 18
772 18
773 18
774 18
775 18
776 18
777 18
778 18
779 18
780 18
781 18
782 18
783 18
784 18
785 18
786 18
787 18
788 18
789 18
790 18
791 18
792 18
793 18
794 -1
795 -1
796 -1
797 -1
798 -1
799 -1
800 -1
801 -1
802 -1
803 -1
804 -1
805 -1
806 -1
807 -1
808 -1
809 -1
810 -1
811 -1
812 20
813 20
814 20
815 20
816 20
817 20
818 20
819 -1
820 20
821 20
822 20
823 20
824 20
825 20
826 20
827 20
828 20
829 20
830 20
831 20
832 20
833 20
834 20
835 20
836 20
837 20
838 20
839 20
840 20
841 20
842 20
843 20
844 20
845 20
846 20
847 20
848 20
849 -1
850 -1
851 -1
852 -1
853 -1
854 -1
855 -1
856 -1
857 -1
858 21
859 21
860 21
861 21
862 21
863 21
864 21
865 21
866 21
867 21
868 21
869 21
870 21
871 21
872 21
873 21
874 21
875 21
876 21
877 -1
878 -1
879 -1
880 -1
881 -1
882 -1
883 -1
884 -1
885 -1
886 22
887 22
888 22
889 22
890 22
891 22
892 22
893 22
894 22
895 22
896 22
897 22
898 22
899 22
900 22
901 22
902 22
903 22
904 -1
905 -1
906 -1
907 -1
908 -1
909 -1
910 -1
911 -1
912 -1
913 -1
914 23
915 23
916 23
917 23
918 23
919 23
920 23
921 23
922 -1
923 -1
924 -1
925 -1
926 -1
927 -1
928 -1
929 -1
930 -1
931 -1
932 -1
933 -1
934 -1
935 -1
936 -1
937 -1
938 -1
939 -1
940 -1
941 -1
942 -1
943 24
944 24
945 24
946 24
947 24
948 24
949 24
950 24
951 24
952 24
953 24
954 24
955 24
956 24
957 24
958 24
959 24
960 24
961 24
962 24
963 24
964 24
965 24
966 24
967 24
968 24
969 24
970 24
971 24
972 24
973 24
974 24
975 24
976 24
977 24
978 24
979 -1
980 -1
981 -1
982 -1
983 -1
984 -1
985 -1
986 25
987 25
988 25
989 25
990 25
991 25
992 25
993 25
994 25
995 25
996 25
997 25
998 25
999 25
1000 25
1001 25
1002 25
1003 25
1004 25
1005 25
1006 25
1007 25
1008 25
1009 -1
1010 -1
1011 -1
1012 -1
1013 -1
1014 -1
1015 -1
1016 -1
1017 -1
1018 -1
1019 -1
1020 -1
1021 26
1022 26
1023 26
1024 26
1025 26
1026 26
1027 26
1028 26
1029 26
1030 26
1031 26
1032 26
1033 26
1034 26
1035 26
1036 26
1037 26
1038 26
1039 26
1040 26
1041 26
1042 26
1043 26
1044 26
1045 26
1046 26
1047 26
1048 26
1049 26
1050 26
1051 26
1052 -1
1053 -1
1054 -1
1055 -1
1056 -1
1057 -1
1058 -1
1059 -1
1060 -1
1061 27
1062 27
1063 27
1064 27
1065 27
1066 27
1067 27
