0 -1
1 -1
2 -1
3 -1
4 -1
5 -1
6 -1
7 -1
8 -1
9 -1
10 -1
11 -1
12 0
13 0
14 0
15 0
16 0
17 0
18 0
19 0
20 0
21 0
22 0
23 0
24 0
25 0
26 0
27 0
28 0
29 0
30 0
31 0
32 0
33 0
34 0
35 0
36 0
37 0
38 0
39 0
40 0
41 0
42 0
43 0
44 0
45 0
46 0
47 0
48 0
49 0
50 0
51 0
52 0
53 0
54 0
55 0
56 0
57 -1
58 -1
59 -1
60 -1
61 -1
62 -1
63 -1
64 -1
65 -1
66 -1
67 -1
68 -1
69 -1
70 -1
71 -1
72 -1
73 -1
74 -1
75 -1
76 -1
77 0
78 0
79 0
80 0
81 0
82 0
83 0
84 0
85 0
86 0
87 0
88 0
89 0
90 0
91 0
92 0
93 0
94 0
95 0
96 0
97 0
98 0
99 0
100 0
101 0
102 0
103 0
104 0
105 0
106 0
107 0
108 0
109 0
110 0
111 0
112 0
113 0
114 0
115 0
116 0
117 0
118 0
119 0
120 0
121 0
122 0
123 0
124 0
125 0
126 0
127 0
128 0
129 0
130 0
131 0
132 0
133 0
134 0
135 0
136 0
137 0
138 0
139 0
140 0
141 0
142 0
143 -1
144 -1
145 -1
146 -1
147 -1
148 -1
149 -1
150 1
151 1
152 1
153 1
154 1
155 1
156 1
157 1
158 1
159 1
160 1
161 1
162 1
163 1
164 1
165 1
166 1
167 1
168 1
169 1
170 1
171 1
172 1
173 1
174 1
175 1
176 1
177 -1
178 -1
179 -1
180 -1
181 -1
182 -1
183 -1
184 -1
185 2
186 2
187 2
188 2
189 2
190 2
191 2
192 2
193 2
194 2
195 2
196 2
197 2
198 2
199 2
200 2
201 2
202 2
203 2
204 2
205 2
206 2
207 2
208 2
209 2
210 2
211 2
212 2
213 2
214 2
215 2
216 2
217 2
218 2
219 2
220 2
221 2
222 2
223 2
224 2
225 2
226 2
227 2
228 2
229 2
230 2
231 2
232 2
233 2
234 2
235 2
236 2
237 2
238 2
239 -1
240 2
241 2
242 2
243 2
244 2
245 2
246 2
247 2
248 2
249 2
250 -1
251 2
252 -1
253 -1
254 -1
255 -1
256 -1
257 2
258 -1
259 -1
260 -1
261 2
262 2
263 2
264 2
265 2
266 2
267 2
268 2
269 -1
270 2
271 -1
272 -1
273 -1
274 -1
275 -1
276 -1
277 -1
278 2
279 2
280 2
281 -1
282 -1
283 -1
284 -1
285 -1
286 -1
287 -1
288 3
289 3
290 3
291 3
292 3
293 3
294 3
295 3
296 3
297 3
298 3
299 3
300 3
301 3
302 3
303 3
304 3
305 3
306 3
307 3
308 3
309 3
310 3
311 3
312 -1
313 -1
314 -1
315 -1
316 -1
317 -1
318 -1
319 4
320 4
321 4
322 4
323 4
324 4
325 4
326 4
327 4
328 4
329 4
330 4
331 4
332 4
333 4
334 4
335 4
336 4
337 4
338 4
339 4
340 4
341 4
342 4
343 4
344 4
345 4
346 4
347 4
348 4
349 4
350 4
351 4
352 4
353 4
354 4
355 4
356 4
357 4
358 4
359 4
360 4
361 -1
362 -1
363 -1
364 -1
365 -1
366 -1
367 -1
368 2
369 2
370 2
371 -1
372 -1
373 -1
374 -1
375 -1
376 -1
377 -1
378 -1
379 -1
380 -1
381 -1
382 4
383 4
384 4
385 4
386 4
387 4
388 4
389 4
390 4
391 4
392 4
393 4
394 4
395 4
396 4
397 4
398 4
399 4
400 4
401 4
402 4
403 4
404 4
405 4
406 4
407 -1
408 -1
409 -1
410 -1
411 -1
412 -1
413 -1
414 -1
415 -1
416 -1
417 -1
418 -1
419 -1
420 5
421 -1
422 -1
423 -1
424 5
425 5
426 5
427 -1
428 5
429 5
430 5
431 5
432 5
433 5
434 5
435 5
436 5
437 5
438 5
439 -1
440 5
441 -1
442 5
443 5
444 5
445 5
446 5
447 5
448 5
449 5
450 5
451 5
452 -1
453 -1
454 -1
455 -1
456 -1
457 -1
458 -1
459 -1
460 -1
461 -1
462 -1
463 -1
464 -1
465 -1
466 -1
467 -1
468 -1
469 -1
470 -1
471 -1
472 -1
473 -1
474 -1
475 -1
476 -1
477 -1
478 -1
479 -1
480 -1
481 -1
482 -1
483 -1
484 -1
485 -1
486 -1
487 -1
488 -1
489 -1
490 -1
491 -1
492 -1
493 -1
494 -1
495 -1
496 -1
497 -1
498 -1
499 -1
500 7
501 7
502 7
503 7
504 7
505 7
506 7
507 7
508 7
509 7
510 7
511 7
512 7
513 7
514 7
515 7
516 7
517 7
518 7
519 7
520 7
521 7
522 7
523 7
524 7
525 7
526 7
527 7
528 7
529 7
530 -1
531 -1
532 -1
533 -1
534 -1
535 -1
536 -1
537 8
538 8
539 8
540 8
541 8
542 8
543 8
544 8
545 8
546 8
547 8
548 8
549 8
550 8
551 8
552 8
553 -1
554 -1
555 -1
556 -1
557 -1
558 -1
559 -1
560 -1
561 -1
562 -1
563 -1
564 9
565 9
566 9
567 9
568 9
569 9
570 9
571 9
572 9
573 9
574 9
575 9
576 9
577 9
578 9
579 9
580 9
581 9
582 9
583 9
584 9
585 9
586 9
587 9
588 9
589 9
590 9
591 9
592 9
593 9
594 9
595 9
596 9
597 9
598 9
599 9
600 9
601 9
602 9
603 9
604 9
605 9
606 9
607 9
608 9
609 9
610 9
611 9
612 9
613 9
614 9
615 9
616 9
617 9
618 9
619 9
620 9
621 9
622 9
623 9
624 9
625 9
626 9
627 9
628 9
629 9
630 9
631 9
632 9
633 9
634 9
635 9
636 9
637 9
638 9
639 9
640 9
641 9
642 9
643 9
644 9
645 9
646 9
647 9
648 9
649 9
650 9
651 -1
652 -1
653 -1
654 -1
655 -1
656 -1
657 -1
658 -1
659 -1
660 -1
661 -1
662 -1
663 -1
664 -1
665 -1
666 -1
667 10
668 10
669 10
670 10
671 10
672 10
673 10
674 10
675 10
676 10
677 10
678 10
679 10
680 10
681 10
682 10
683 10
684 10
685 10
686 10
687 10
688 10
689 10
690 10
691 -1
692 -1
693 -1
694 -1
695 -1
696 -1
697 -1
698 -1
699 -1
700 -1
701 -1
702 -1
703 -1
704 -1
705 -1
706 -1
707 -1
708 -1
709 -1
710 -1
711 -1
712 -1
713 9
714 9
715 9
716 9
717 9
718 9
719 9
720 9
721 9
722 9
723 9
724 9
725 9
726 9
727 9
728 9
729 9
730 9
731 9
732 9
733 9
734 9
735 9
736 9
737 9
738 9
739 9
740 9
741 9
742 9
743 9
744 9
745 9
746 9
747 9
748 9
749 9
750 9
751 -1
752 -1
753 -1
754 -1
755 -1
756 -1
757 -1
758 -1
759 -1
760 -1
761 -1
762 -1
763 -1
764 -1
765 -1
766 -1
767 -1
768 -1
769 -1
770 -1
771 -1
772 -1
773 -1
774 -1
775 -1
776 -1
777 12
778 12
779 12
780 12
781 12
782 12
783 12
784 12
785 12
786 12
787 12
788 12
789 12
790 12
791 12
792 12
793 12
794 12
795 12
796 12
797 12
798 12
799 12
800 12
801 12
802 12
803 12
804 12
805 12
806 12
807 12
808 12
809 12
810 12
811 12
812 12
813 12
814 12
815 12
816 12
817 12
818 12
819 12
820 12
821 12
822 12
823 12
824 12
825 12
826 12
827 12
828 12
829 12
830 -1
831 -1
832 -1
833 -1
834 -1
835 -1
836 -1
837 13
838 13
839 13
840 13
841 13
842 13
843 13
844 13
845 13
846 13
847 13
848 13
849 13
850 13
851 13
852 13
853 13
854 13
855 13
856 13
857 13
858 13
859 13
860 -1
861 -1
862 -1
863 -1
864 -1
865 -1
866 -1
867 -1
868 -1
869 -1
870 -1
871 14
872 14
873 14
874 14
875 14
876 14
877 14
878 14
879 14
880 14
881 14
882 14
883 14
884 14
885 14
886 14
887 14
888 14
889 14
890 14
891 14
892 14
893 14
894 14
895 14
896 14
897 14
898 14
899 14
900 14
901 14
902 14
903 14
904 14
905 14
906 14
907 14
908 14
909 14
910 14
911 14
912 14
913 14
914 14
915 14
916 -1
917 14
918 -1
919 14
920 14
921 14
922 14
923 14
924 14
925 14
926 14
927 14
928 14
929 14
930 14
931 -1
932 -1
933 -1
934 14
935 14
936 14
937 -1
938 14
939 14
940 14
941 14
942 14
943 14
944 14
945 -1
946 -1
947 -1
948 14
949 14
950 14
951 14
952 14
953 14
954 14
955 14
956 -1
957 14
958 -1
959 -1
960 -1
961 -1
962 -1
963 -1
964 -1
965 -1
966 -1
967 -1
968 -1
969 -1
970 -1
971 -1
972 -1
973 15
974 15
975 15
976 15
977 15
978 15
979 15
980 -1
981 15
982 -1
983 -1
984 -1
985 15
986 15
987 15
988 15
989 15
990 15
991 15
992 15
993 15
994 15
995 15
996 15
997 15
998 15
999 -1
1000 15
1001 15
1002 15
1003 15
1004 -1
1005 -1
1006 -1
1007 15
1008 15
1009 15
1010 15
1011 15
1012 15
1013 15
1014 15
1015 15
1016 15
1017 15
1018 15
1019 15
1020 15
1021 15
1022 15
1023 15
1024 -1
1025 -1
1026 -1
1027 15
1028 15
1029 15
1030 15
1031 15
1032 15
1033 15
1034 15
1035 15
1036 15
1037 -1
1038 -1
1039 -1
1040 -1
1041 -1
1042 -1
1043 -1
1044 -1
1045 -1
1046 -1
1047 -1
1048 16
1049 16
1050 16
1051 16
1052 16
1053 16
1054 16
1055 16
1056 16
1057 16
1058 16
1059 16
1060 16
1061 16
1062 16
1063 16
1064 16
1065 16
1066 16
1067 16
1068 16
1069 16
1070 16
1071 16
1072 16
1073 16
1074 16
1075 16
1076 16
1077 16
1078 16
1079 16
1080 16
1081 16
1082 16
1083 16
1084 16
1085 16
1086 16
1087 16
1088 16
1089 16
1090 16
1091 16
1092 16
1093 16
1094 16
1095 -1
1096 -1
1097 -1
1098 -1
1099 -1
1100 16
1101 16
1102 16
1103 16
1104 16
1105 16
1106 16
1107 16
1108 16
1109 16
1110 16
1111 16
1112 16
1113 16
1114 16
1115 16
1116 16
1117 16
1118 16
1119 16
1120 16
1121 16
1122 16
1123 16
1124 16
1125 16
1126 16
1127 16
1128 16
1129 16
1130 16
1131 16
1132 16
1133 16
1134 16
1135 16
1136 16
1137 16
1138 16
1139 16
1140 16
1141 16
1142 16
1143 16
1144 16
1145 16
1146 16
1147 16
1148 16
1149 -1
1150 -1
1151 -1
1152 -1
1153 -1
1154 -1
1155 -1
1156 -1
1157 -1
1158 -1
1159 -1
1160 -1
1161 -1
1162 -1
1163 -1
1164 -1
1165 -1
1166 17
1167 17
1168 17
1169 17
1170 17
1171 17
1172 -1
1173 17
1174 -1
1175 -1
1176 -1
1177 -1
1178 -1
1179 -1
1180 -1
1181 -1
1182 -1
1183 -1
1184 -1
1185 -1
1186 -1
1187 -1
1188 -1
1189 -1
1190 -1
1191 -1
1192 -1
1193 -1
1194 -1
1195 -1
1196 -1
1197 -1
1198 -1
1199 -1
1200 -1
1201 -1
1202 -1
1203 -1
1204 -1
1205 -1
1206 -1
1207 -1
1208 -1
1209 -1
1210 -1
1211 -1
1212 -1
1213 -1
1214 -1
1215 -1
1216 -1
1217 17
1218 17
1219 17
1220 17
1221 17
1222 17
1223 17
1224 17
1225 -1
1226 -1
1227 -1
1228 17
1229 17
1230 17
1231 17
1232 17
1233 17
1234 17
1235 17
1236 17
1237 17
1238 17
1239 -1
1240 17
1241 -1
1242 17
1243 17
1244 17
1245 17
1246 17
1247 -1
1248 -1
1249 -1
1250 -1
1251 -1
1252 -1
1253 -1
1254 -1
1255 -1
1256 -1
1257 18
1258 18
1259 18
1260 18
1261 18
1262 18
1263 18
1264 18
1265 18
1266 18
1267 18
1268 18
1269 18
1270 18
1271 18
1272 18
1273 18
1274 18
1275 18
1276 18
1277 18
1278 18
1279 18
1280 18
1281 18
1282 18
1283 18
1284 18
1285 18
1286 18
1287 18
1288 18
1289 18
1290 18
1291 18
1292 18
1293 18
1294 18
1295 18
1296 18
1297 18
1298 18
1299 18
1300 18
1301 18
1302 18
1303 18
1304 18
1305 18
1306 18
1307 -1
1308 -1
1309 -1
1310 -1
1311 -1
1312 -1
1313 -1
1314 -1
1315 -1
1316 -1
1317 -1
1318 -1
1319 -1
1320 -1
1321 -1
1322 -1
1323 -1
1324 20
1325 20
1326 20
1327 -1
1328 -1
1329 -1
1330 -1
1331 -1
1332 -1
1333 -1
1334 19
1335 19
1336 19
1337 19
1338 19
1339 19
1340 19
1341 19
1342 19
1343 -1
1344 -1
1345 -1
1346 -1
1347 -1
1348 -1
1349 -1
1350 20
1351 20
1352 20
1353 20
1354 20
1355 20
1356 20
1357 20
1358 20
1359 20
1360 20
1361 20
1362 20
1363 20
1364 20
1365 20
1366 20
1367 20
1368 20
1369 20
1370 -1
1371 -1
1372 -1
1373 -1
1374 -1
1375 -1
1376 -1
1377 -1
1378 -1
1379 -1
1380 -1
1381 -1
1382 -1
1383 -1
1384 -1
1385 -1
1386 -1
1387 21
1388 21
1389 21
1390 21
1391 21
1392 21
1393 21
1394 21
1395 21
1396 21
1397 21
1398 21
1399 21
1400 21
1401 21
1402 21
1403 21
1404 21
1405 21
1406 21
1407 21
1408 21
1409 21
1410 21
1411 21
1412 21
1413 21
1414 21
1415 21
1416 21
1417 21
1418 21
1419 21
1420 21
1421 21
1422 21
1423 21
1424 21
1425 21
1426 21
1427 21
1428 21
1429 21
1430 21
1431 21
1432 21
1433 21
1434 -1
1435 21
1436 21
1437 21
1438 -1
1439 21
1440 21
1441 21
1442 21
1443 21
1444 21
1445 21
1446 21
1447 -1
1448 21
1449 -1
1450 21
1451 21
1452 21
1453 21
1454 21
1455 -1
1456 -1
1457 -1
1458 -1
1459 -1
1460 21
1461 21
1462 21
1463 21
1464 21
1465 21
1466 21
1467 21
1468 21
1469 -1
1470 -1
1471 -1
1472 -1
1473 -1
1474 -1
1475 -1
1476 -1
1477 -1
1478 -1
1479 -1
1480 -1
1481 23
1482 -1
1483 23
1484 23
1485 23
1486 23
1487 23
1488 23
1489 23
1490 23
1491 23
1492 23
1493 23
1494 23
1495 23
1496 23
1497 23
1498 23
1499 23
1500 23
1501 -1
1502 -1
1503 -1
1504 -1
1505 -1
1506 -1
1507 -1
1508 -1
1509 -1
1510 -1
1511 -1
1512 -1
1513 -1
1514 -1
1515 -1
1516 -1
1517 -1
1518 -1
1519 -1
1520 -1
1521 -1
1522 -1
1523 -1
1524 -1
1525 -1
1526 -1
1527 -1
1528 -1
1529 -1
1530 -1
1531 -1
1532 -1
1533 -1
1534 24
1535 24
1536 24
1537 24
1538 24
1539 24
1540 24
1541 24
1542 24
1543 24
1544 24
1545 24
1546 24
1547 24
1548 24
1549 24
1550 24
1551 24
1552 24
1553 24
1554 24
1555 24
1556 24
1557 24
1558 24
1559 24
1560 24
1561 24
1562 24
1563 24
1564 24
1565 24
1566 24
1567 24
1568 24
1569 24
1570 24
1571 24
1572 24
1573 24
1574 24
1575 24
1576 24
1577 24
1578 24
1579 24
1580 24
1581 24
1582 24
1583 24
1584 24
1585 24
1586 24
1587 24
1588 24
1589 24
1590 -1
1591 -1
1592 -1
1593 -1
1594 -1
1595 -1
1596 -1
1597 25
1598 25
1599 25
1600 25
1601 25
1602 25
1603 25
1604 25
1605 25
1606 25
1607 25
1608 25
1609 25
1610 25
1611 25
1612 25
1613 25
1614 25
1615 25
1616 25
1617 25
1618 25
1619 25
1620 25
1621 25
1622 25
1623 25
1624 25
1625 25
1626 25
1627 25
1628 25
1629 25
1630 25
1631 -1
1632 -1
1633 -1
1634 -1
1635 -1
1636 -1
1637 -1
1638 -1
1639 -1
1640 -1
1641 -1
1642 -1
1643 -1
1644 -1
1645 -1
1646 -1
1647 -1
1648 -1
1649 -1
1650 -1
1651 -1
1652 -1
1653 -1
1654 -1
1655 -1
1656 -1
1657 26
1658 26
1659 26
1660 26
1661 26
1662 26
1663 26
1664 26
1665 26
1666 26
1667 26
1668 26
1669 26
1670 26
1671 26
1672 26
1673 26
1674 26
1675 26
1676 26
1677 26
1678 26
1679 26
1680 26
1681 26
1682 26
1683 26
1684 26
1685 26
1686 26
1687 26
1688 26
1689 26
1690 26
1691 26
1692 26
1693 26
1694 26
1695 26
1696 26
1697 26
1698 26
1699 26
1700 26
1701 26
1702 26
1703 26
1704 26
1705 26
1706 26
1707 26
1708 26
1709 -1
1710 -1
1711 -1
1712 -1
1713 -1
1714 -1
1715 -1
1716 27
1717 27
1718 27
1719 27
1720 27
1721 27
1722 27
1723 27
1724 27
1725 27
1726 27
1727 27
1728 27
1729 27
1730 27
1731 27
1732 27
1733 27
1734 27
1735 27
1736 27
1737 27
1738 27
1739 27
1740 27
1741 27
1742 27
1743 27
1744 27
1745 27
1746 27
1747 27
1748 27
1749 27
