0 -1
1 -1
2 -1
3 -1
4 -1
5 -1
6 -1
7 -1
8 -1
9 -1
10 -1
11 -1
12 -1
13 -1
14 -1
15 -1
16 -1
17 -1
18 0
19 0
20 0
21 0
22 0
23 -1
24 0
25 0
26 0
27 0
28 0
29 0
30 0
31 0
32 0
33 0
34 0
35 0
36 0
37 0
38 0
39 0
40 0
41 0
42 0
43 0
44 0
45 0
46 0
47 0
48 -1
49 -1
50 -1
51 0
52 0
53 0
54 0
55 -1
56 -1
57 -1
58 -1
59 -1
60 -1
61 -1
62 -1
63 -1
64 -1
65 -1
66 1
67 1
68 1
69 1
70 1
71 1
72 1
73 1
74 1
75 1
76 1
77 -1
78 -1
79 -1
80 -1
81 -1
82 -1
83 -1
84 -1
85 -1
86 -1
87 -1
88 -1
89 -1
90 2
91 2
92 2
93 2
94 2
95 2
96 2
97 2
98 2
99 2
100 2
101 2
102 2
103 2
104 2
105 2
106 -1
107 2
108 2
109 2
110 2
111 2
112 2
113 -1
114 2
115 2
116 2
117 2
118 2
119 2
120 -1
121 -1
122 -1
123 -1
124 -1
125 -1
126 -1
127 -1
128 -1
129 -1
130 -1
131 -1
132 -1
133 -1
134 -1
135 -1
136 -1
137 -1
138 -1
139 -1
140 -1
141 -1
142 -1
143 -1
144 -1
145 -1
146 -1
147 -1
148 -1
149 -1
150 -1
151 -1
152 -1
153 -1
154 -1
155 -1
156 -1
157 -1
158 -1
159 -1
160 -1
161 -1
162 -1
163 -1
164 -1
165 -1
166 -1
167 -1
168 -1
169 4
170 -1
171 -1
172 -1
173 -1
174 -1
175 -1
176 -1
177 -1
178 -1
179 -1
180 -1
181 -1
182 -1
183 -1
184 -1
185 -1
186 -1
187 -1
188 -1
189 -1
190 -1
191 5
192 5
193 5
194 5
195 5
196 5
197 5
198 5
199 5
200 5
201 5
202 5
203 5
204 5
205 5
206 5
207 5
208 5
209 5
210 5
211 5
212 5
213 5
214 5
215 5
216 5
217 5
218 5
219 5
220 5
221 5
222 5
223 5
224 5
225 5
226 5
227 -1
228 -1
229 -1
230 -1
231 -1
232 -1
233 -1
234 -1
235 -1
236 -1
237 -1
238 -1
239 -1
240 -1
241 -1
242 -1
243 -1
244 -1
245 -1
246 -1
247 -1
248 -1
249 -1
250 -1
251 -1
252 -1
253 -1
254 -1
255 -1
256 -1
257 -1
258 -1
259 -1
260 -1
261 -1
262 -1
263 -1
264 -1
265 -1
266 -1
267 -1
268 -1
269 -1
270 -1
271 -1
272 -1
273 -1
274 -1
275 -1
276 -1
277 -1
278 -1
279 -1
280 -1
281 -1
282 -1
283 -1
284 -1
285 -1
286 -1
287 -1
288 -1
289 -1
290 -1
291 -1
292 -1
293 -1
294 -1
295 -1
296 -1
297 -1
298 -1
299 -1
300 -1
301 -1
302 -1
303 -1
304 -1
305 -1
306 -1
307 -1
308 -1
309 -1
310 -1
311 -1
312 -1
313 -1
314 -1
315 -1
316 -1
317 -1
318 -1
319 -1
320 -1
321 -1
322 -1
323 -1
324 -1
325 -1
326 -1
327 -1
328 -1
329 -1
330 -1
331 -1
332 -1
333 -1
334 -1
335 -1
336 -1
337 -1
338 -1
339 -1
340 7
341 7
342 7
343 7
344 7
345 7
346 7
347 7
348 7
349 7
350 7
351 7
352 7
353 7
354 7
355 7
356 7
357 7
358 7
359 7
360 7
361 7
362 7
363 7
364 7
365 7
366 7
367 -1
368 -1
369 -1
370 -1
371 -1
372 -1
373 -1
374 8
375 8
376 8
377 8
378 8
379 8
380 8
381 8
382 8
383 8
384 8
385 8
386 8
387 8
388 8
389 8
390 8
391 8
392 8
393 8
394 8
395 8
396 8
397 8
398 8
399 8
400 8
401 8
402 8
403 8
404 8
405 8
406 8
407 8
408 8
409 8
410 8
411 8
412 8
413 8
414 8
415 8
416 8
417 8
418 8
419 8
420 8
421 8
422 8
423 8
424 8
425 8
426 8
427 8
428 8
429 8
430 8
431 8
432 8
433 8
434 8
435 8
436 8
437 8
438 8
439 8
440 8
441 8
442 8
443 8
444 8
445 8
446 8
447 8
448 8
449 8
450 8
451 8
452 8
453 8
454 8
455 8
456 8
457 8
458 8
459 8
460 8
461 8
462 8
463 8
464 8
465 8
466 8
467 8
468 8
469 8
470 8
471 8
472 8
473 8
474 -1
475 -1
476 -1
477 8
478 8
479 8
480 8
481 8
482 8
483 8
484 8
485 8
486 8
487 8
488 8
489 8
490 8
491 8
492 8
493 8
494 8
495 8
496 8
497 8
498 8
499 8
500 8
501 8
502 8
503 8
504 8
505 8
506 8
507 8
508 8
509 8
510 8
511 -1
512 -1
513 -1
514 -1
515 -1
516 -1
517 -1
518 -1
519 -1
520 -1
521 9
522 9
523 9
524 9
525 9
526 9
527 9
528 9
529 9
530 9
531 9
532 9
533 9
534 9
535 9
536 9
537 9
538 9
539 9
540 9
541 9
542 9
543 9
544 9
545 9
546 9
547 9
548 9
549 9
550 9
551 9
552 9
553 9
554 9
555 9
556 9
557 9
558 9
559 9
560 9
561 9
562 9
563 9
564 9
565 9
566 9
567 9
568 9
569 9
570 9
571 -1
572 -1
573 -1
574 -1
575 -1
576 -1
577 -1
578 -1
579 -1
580 -1
581 2
582 2
583 2
584 2
585 2
586 2
587 2
588 2
589 2
590 2
591 2
592 2
593 2
594 -1
595 2
596 2
597 2
598 2
599 -1
600 -1
601 -1
602 -1
603 -1
604 -1
605 -1
606 -1
607 -1
608 9
609 9
610 9
611 9
612 -1
613 -1
614 -1
615 -1
616 -1
617 -1
618 -1
619 10
620 10
621 10
622 10
623 10
624 10
625 10
626 10
627 10
628 10
629 10
630 10
631 10
632 10
633 10
634 10
635 -1
636 -1
637 -1
638 -1
639 -1
640 -1
641 -1
642 -1
643 -1
644 -1
645 2
646 2
647 2
648 2
649 2
650 2
651 2
652 2
653 2
654 2
655 2
656 2
657 2
658 2
659 2
660 2
661 2
662 2
663 2
664 2
665 2
666 2
667 2
668 2
669 2
670 2
671 2
672 2
673 -1
674 -1
675 -1
676 -1
677 -1
678 -1
679 -1
680 -1
681 -1
682 -1
683 -1
684 -1
685 -1
686 -1
687 -1
688 -1
689 -1
690 -1
691 -1
692 -1
693 -1
694 11
695 11
696 11
697 11
698 11
699 11
700 11
701 11
702 11
703 -1
704 -1
705 -1
706 -1
707 -1
708 11
709 11
710 11
711 11
712 11
713 11
714 11
715 11
716 11
717 11
718 11
719 11
720 11
721 11
722 11
723 11
724 11
725 11
726 11
727 11
728 11
729 -1
730 -1
731 -1
732 -1
733 -1
734 -1
735 -1
736 0
737 0
738 0
739 0
740 0
741 0
742 0
743 0
744 0
745 0
746 0
747 0
748 0
749 0
750 -1
751 -1
752 -1
753 -1
754 -1
755 -1
756 -1
757 -1
758 -1
759 -1
760 -1
761 -1
762 -1
763 -1
764 -1
765 -1
766 -1
767 -1
768 -1
769 -1
770 -1
771 -1
772 -1
773 -1
774 -1
775 -1
776 -1
777 -1
778 -1
779 -1
780 -1
781 -1
782 -1
783 -1
784 -1
785 -1
786 -1
787 -1
788 -1
789 -1
790 -1
791 -1
792 -1
793 -1
794 -1
795 12
796 12
797 12
798 12
799 12
800 12
801 12
802 12
803 12
804 12
805 12
806 12
807 12
808 12
809 12
810 12
811 12
812 12
813 12
814 12
815 12
816 12
817 12
818 12
819 12
820 12
821 12
822 12
823 12
824 12
825 12
826 12
827 12
828 12
829 12
830 12
831 12
832 12
833 12
834 12
835 12
836 12
837 12
838 12
839 12
840 12
841 12
842 12
843 12
844 12
845 12
846 12
847 12
848 12
849 12
850 12
851 12
852 12
853 12
854 12
855 12
856 12
857 12
858 12
859 12
860 12
861 12
862 12
863 12
864 12
865 12
866 12
867 12
868 12
869 12
870 12
871 12
872 -1
873 -1
874 -1
875 -1
876 -1
877 -1
878 -1
879 13
880 13
881 13
882 13
883 13
884 13
885 13
886 13
887 13
888 13
889 13
890 13
891 13
892 13
893 13
894 13
895 13
896 13
897 13
898 13
899 13
900 -1
901 -1
902 -1
903 -1
904 -1
905 -1
906 -1
907 -1
908 -1
909 -1
910 -1
911 -1
912 -1
913 -1
914 -1
915 -1
916 -1
917 -1
918 -1
919 -1
920 14
921 -1
922 14
923 14
924 14
925 14
926 14
927 14
928 14
929 14
930 14
931 14
932 14
933 14
934 14
935 14
936 14
937 14
938 14
939 14
940 14
941 14
942 14
943 14
944 14
945 14
946 14
947 14
948 14
949 14
950 -1
951 -1
952 -1
953 -1
954 -1
955 -1
956 -1
957 15
958 15
959 15
960 15
961 15
962 15
963 15
964 15
965 15
966 15
967 15
968 15
969 15
970 15
971 15
972 15
973 15
974 15
975 15
976 15
977 15
978 15
979 15
980 15
981 15
982 15
983 15
984 15
985 15
986 15
987 15
988 15
989 15
990 15
991 15
992 15
993 15
994 15
995 15
996 15
997 15
998 15
999 15
1000 15
1001 15
1002 15
1003 15
1004 15
1005 15
1006 15
1007 15
1008 15
1009 15
1010 15
1011 15
1012 15
1013 15
1014 15
1015 15
1016 15
1017 15
1018 15
1019 15
1020 15
1021 15
1022 15
1023 15
1024 15
1025 15
1026 15
1027 15
1028 15
1029 15
1030 -1
1031 -1
1032 -1
1033 -1
1034 -1
1035 -1
1036 -1
1037 -1
1038 -1
1039 -1
1040 -1
1041 -1
1042 -1
1043 -1
1044 -1
1045 -1
1046 -1
1047 -1
1048 14
1049 14
1050 14
1051 14
1052 14
1053 14
1054 14
1055 14
1056 14
1057 14
1058 14
1059 14
1060 14
1061 14
1062 14
1063 14
1064 -1
1065 -1
1066 -1
1067 -1
1068 -1
1069 -1
1070 -1
1071 -1
1072 -1
1073 -1
1074 17
1075 17
1076 17
1077 17
1078 17
1079 17
1080 17
1081 17
1082 17
1083 17
1084 17
1085 17
1086 17
1087 17
1088 17
1089 17
1090 17
1091 17
1092 17
1093 17
1094 17
1095 17
1096 17
1097 17
1098 17
1099 17
1100 17
1101 17
1102 17
1103 17
1104 17
1105 17
1106 17
1107 17
1108 17
1109 17
1110 17
1111 17
1112 17
1113 17
1114 17
1115 17
1116 17
1117 17
1118 -1
1119 -1
1120 -1
1121 -1
1122 -1
1123 -1
1124 -1
1125 -1
1126 -1
1127 18
1128 18
1129 18
1130 18
1131 18
1132 18
1133 18
1134 18
1135 18
1136 18
1137 18
1138 18
1139 18
1140 18
1141 18
1142 18
1143 18
1144 18
1145 18
1146 18
1147 18
1148 18
1149 18
1150 18
1151 18
1152 18
1153 18
1154 18
1155 18
1156 18
1157 18
1158 18
1159 18
1160 18
1161 18
1162 18
1163 18
1164 18
1165 18
1166 18
1167 18
1168 18
1169 18
1170 18
1171 18
1172 18
1173 18
1174 18
1175 18
1176 18
1177 18
1178 18
1179 18
1180 18
1181 18
1182 18
1183 18
1184 18
1185 -1
1186 -1
1187 -1
1188 -1
1189 -1
1190 -1
1191 -1
1192 -1
1193 -1
1194 -1
1195 19
1196 19
1197 19
1198 19
1199 19
1200 19
1201 19
1202 19
1203 19
1204 19
1205 19
1206 19
1207 19
1208 19
1209 19
1210 19
1211 19
1212 19
1213 19
1214 19
1215 19
1216 19
1217 19
1218 19
1219 19
1220 19
1221 19
1222 19
1223 19
1224 19
1225 19
1226 19
1227 19
1228 19
1229 19
1230 19
1231 19
1232 -1
1233 -1
1234 -1
1235 -1
1236 -1
1237 -1
1238 -1
1239 20
1240 20
1241 20
1242 20
1243 20
1244 20
1245 20
1246 20
1247 20
1248 20
1249 20
1250 20
1251 20
1252 20
1253 20
1254 20
1255 20
1256 20
1257 -1
1258 -1
1259 -1
1260 -1
1261 -1
1262 -1
1263 -1
1264 -1
1265 21
1266 21
1267 21
1268 21
1269 21
1270 21
1271 21
1272 21
1273 21
1274 21
1275 21
1276 21
1277 21
1278 21
1279 21
1280 21
1281 21
1282 21
1283 21
1284 21
1285 21
1286 21
1287 21
1288 21
1289 21
1290 21
1291 21
1292 21
1293 21
1294 21
1295 21
1296 -1
1297 -1
1298 -1
1299 -1
1300 -1
1301 -1
1302 -1
1303 -1
1304 -1
1305 -1
1306 -1
1307 -1
1308 -1
1309 -1
1310 -1
1311 -1
1312 -1
1313 15
1314 -1
1315 15
1316 15
1317 15
1318 15
1319 15
1320 15
1321 -1
1322 -1
1323 -1
1324 -1
1325 -1
1326 -1
1327 -1
1328 -1
1329 -1
1330 -1
1331 -1
1332 23
1333 23
1334 23
1335 23
1336 23
1337 23
1338 23
1339 23
1340 23
1341 23
1342 23
1343 23
1344 23
1345 23
1346 23
1347 23
1348 23
1349 23
1350 23
1351 23
1352 23
1353 23
1354 23
1355 23
1356 23
1357 23
1358 23
1359 23
1360 23
1361 23
1362 23
1363 23
1364 23
1365 23
1366 23
1367 23
1368 23
1369 23
1370 23
1371 23
1372 23
1373 23
1374 23
1375 23
1376 -1
1377 -1
1378 -1
1379 -1
1380 -1
1381 -1
1382 -1
1383 -1
1384 -1
1385 -1
1386 24
1387 24
1388 24
1389 24
1390 24
1391 24
1392 24
1393 24
1394 24
1395 24
1396 24
1397 24
1398 24
1399 24
1400 24
1401 24
1402 24
1403 24
1404 24
1405 24
1406 24
1407 24
1408 24
1409 24
1410 24
1411 24
1412 24
1413 24
1414 24
1415 -1
1416 -1
1417 -1
1418 -1
1419 -1
1420 -1
1421 -1
1422 25
1423 25
1424 25
1425 25
1426 25
1427 25
1428 25
1429 25
1430 25
1431 25
1432 25
1433 25
1434 25
1435 25
1436 25
1437 25
1438 25
1439 25
1440 25
1441 25
1442 25
1443 25
1444 25
1445 -1
1446 -1
1447 -1
1448 -1
1449 -1
1450 -1
1451 -1
1452 -1
1453 -1
1454 -1
1455 26
1456 -1
1457 26
1458 26
1459 26
1460 26
1461 26
1462 26
1463 26
1464 26
1465 26
1466 26
1467 26
1468 26
1469 26
1470 26
1471 26
1472 26
1473 26
1474 26
1475 26
1476 26
1477 26
1478 26
1479 26
1480 26
1481 26
1482 26
1483 26
1484 -1
1485 -1
1486 -1
1487 26
1488 26
1489 26
1490 26
1491 26
1492 -1
1493 26
1494 26
1495 26
1496 26
1497 26
1498 26
1499 26
1500 26
1501 26
1502 26
1503 26
1504 26
1505 26
1506 26
1507 26
1508 26
1509 26
1510 26
1511 26
1512 26
1513 26
1514 26
1515 26
1516 26
1517 26
1518 26
1519 26
1520 26
1521 26
1522 26
1523 26
1524 26
1525 26
1526 26
1527 26
1528 26
1529 26
1530 26
1531 26
1532 26
1533 26
1534 26
1535 26
1536 26
1537 26
1538 26
1539 26
1540 26
1541 26
1542 26
1543 26
1544 26
1545 26
1546 26
1547 26
1548 26
1549 26
1550 26
1551 26
1552 26
1553 26
1554 26
1555 26
1556 26
1557 26
1558 26
1559 26
1560 26
1561 26
1562 26
1563 -1
1564 -1
1565 -1
1566 -1
1567 -1
1568 -1
1569 -1
1570 -1
1571 27
1572 27
1573 27
1574 27
1575 27
1576 27
1577 27
1578 27
1579 27
1580 27
