0 -1
1 -1
2 -1
3 -1
4 -1
5 -1
6 -1
7 -1
8 -1
9 -1
10 -1
11 -1
12 -1
13 -1
14 -1
15 -1
16 -1
17 -1
18 -1
19 -1
20 -1
21 -1
22 -1
23 -1
24 -1
25 -1
26 -1
27 -1
28 -1
29 -1
30 -1
31 -1
32 -1
33 -1
34 -1
35 -1
36 -1
37 -1
38 -1
39 -1
40 -1
41 -1
42 -1
43 -1
44 -1
45 -1
46 -1
47 -1
48 -1
49 -1
50 -1
51 -1
52 -1
53 -1
54 -1
55 -1
56 -1
57 -1
58 -1
59 -1
60 -1
61 -1
62 -1
63 -1
64 -1
65 -1
66 -1
67 -1
68 -1
69 -1
70 -1
71 -1
72 -1
73 -1
74 -1
75 -1
76 -1
77 -1
78 -1
79 -1
80 0
81 0
82 0
83 0
84 0
85 0
86 0
87 0
88 0
89 0
90 0
91 0
92 0
93 0
94 0
95 0
96 0
97 0
98 0
99 0
100 0
101 0
102 0
103 0
104 -1
105 -1
106 -1
107 -1
108 -1
109 -1
110 -1
111 -1
112 -1
113 -1
114 -1
115 -1
116 -1
117 -1
118 -1
119 -1
120 -1
121 -1
122 -1
123 -1
124 -1
125 -1
126 -1
127 -1
128 -1
129 -1
130 -1
131 -1
132 0
133 -1
134 0
135 0
136 0
137 0
138 -1
139 0
140 0
141 0
142 0
143 0
144 -1
145 -1
146 -1
147 0
148 -1
149 -1
150 -1
151 -1
152 -1
153 -1
154 -1
155 0
156 -1
157 -1
158 -1
159 -1
160 -1
161 0
162 0
163 0
164 0
165 0
166 0
167 0
168 -1
169 -1
170 -1
171 -1
172 -1
173 -1
174 -1
175 1
176 1
177 1
178 1
179 1
180 1
181 1
182 1
183 1
184 1
185 1
186 1
187 1
188 1
189 1
190 1
191 1
192 1
193 1
194 1
195 1
196 1
197 1
198 1
199 1
200 1
201 1
202 1
203 1
204 1
205 1
206 1
207 1
208 1
209 1
210 1
211 1
212 1
213 1
214 1
215 1
216 1
217 1
218 1
219 1
220 1
221 1
222 1
223 1
224 1
225 1
226 1
227 1
228 1
229 1
230 1
231 1
232 1
233 1
234 1
235 1
236 1
237 1
238 1
239 1
240 1
241 1
242 1
243 1
244 1
245 1
246 1
247 1
248 1
249 1
250 1
251 1
252 1
253 1
254 -1
255 -1
256 -1
257 -1
258 -1
259 -1
260 -1
261 2
262 2
263 2
264 2
265 2
266 2
267 2
268 2
269 2
270 2
271 2
272 2
273 2
274 2
275 2
276 2
277 2
278 2
279 2
280 2
281 2
282 2
283 2
284 2
285 2
286 2
287 2
288 2
289 2
290 2
291 2
292 2
293 2
294 2
295 2
296 2
297 2
298 2
299 -1
300 -1
301 -1
302 -1
303 -1
304 -1
305 -1
306 -1
307 -1
308 3
309 3
310 3
311 3
312 3
313 3
314 3
315 3
316 3
317 3
318 3
319 3
320 3
321 3
322 3
323 3
324 -1
325 -1
326 -1
327 -1
328 -1
329 -1
330 -1
331 -1
332 -1
333 -1
334 -1
335 -1
336 -1
337 -1
338 -1
339 -1
340 -1
341 -1
342 -1
343 -1
344 -1
345 -1
346 -1
347 -1
348 -1
349 -1
350 -1
351 -1
352 -1
353 -1
354 -1
355 -1
356 -1
357 -1
358 -1
359 -1
360 -1
361 -1
362 -1
363 -1
364 -1
365 -1
366 -1
367 -1
368 -1
369 -1
370 -1
371 -1
372 -1
373 -1
374 -1
375 -1
376 -1
377 -1
378 -1
379 -1
380 5
381 5
382 5
383 5
384 5
385 5
386 5
387 5
388 5
389 5
390 5
391 5
392 5
393 5
394 5
395 5
396 5
397 5
398 5
399 5
400 5
401 5
402 5
403 5
404 5
405 5
406 5
407 5
408 5
409 5
410 5
411 5
412 5
413 5
414 5
415 5
416 5
417 5
418 5
419 5
420 5
421 5
422 5
423 5
424 5
425 5
426 5
427 5
428 5
429 5
430 5
431 5
432 5
433 5
434 5
435 5
436 5
437 5
438 5
439 5
440 5
441 5
442 5
443 5
444 5
445 5
446 5
447 5
448 5
449 5
450 5
451 5
452 5
453 5
454 5
455 5
456 5
457 5
458 5
459 5
460 5
461 5
462 5
463 5
464 5
465 5
466 5
467 5
468 5
469 5
470 5
471 5
472 -1
473 -1
474 -1
475 -1
476 -1
477 -1
478 -1
479 -1
480 -1
481 -1
482 -1
483 -1
484 -1
485 -1
486 -1
487 -1
488 -1
489 -1
490 -1
491 -1
492 -1
493 -1
494 -1
495 -1
496 15
497 -1
498 -1
499 -1
500 15
501 15
502 15
503 15
504 15
505 -1
506 -1
507 -1
508 15
509 -1
510 -1
511 -1
512 -1
513 -1
514 -1
515 -1
516 -1
517 -1
518 -1
519 -1
520 7
521 7
522 7
523 7
524 7
525 7
526 7
527 7
528 7
529 7
530 7
531 7
532 7
533 7
534 7
535 7
536 7
537 7
538 7
539 7
540 7
541 7
542 7
543 7
544 7
545 7
546 7
547 7
548 7
549 -1
550 -1
551 -1
552 -1
553 -1
554 -1
555 -1
556 8
557 8
558 8
559 8
560 8
561 8
562 8
563 8
564 8
565 8
566 8
567 8
568 8
569 8
570 8
571 8
572 8
573 8
574 8
575 8
576 8
577 8
578 8
579 8
580 8
581 8
582 8
583 8
584 8
585 8
586 8
587 8
588 8
589 8
590 8
591 8
592 8
593 -1
594 -1
595 -1
596 -1
597 -1
598 -1
599 -1
600 -1
601 -1
602 -1
603 -1
604 9
605 9
606 9
607 9
608 9
609 9
610 9
611 9
612 9
613 9
614 9
615 -1
616 -1
617 -1
618 -1
619 -1
620 -1
621 -1
622 -1
623 -1
624 -1
625 -1
626 9
627 -1
628 -1
629 -1
630 -1
631 -1
632 -1
633 -1
634 -1
635 -1
636 -1
637 -1
638 -1
639 -1
640 -1
641 -1
642 10
643 10
644 10
645 10
646 10
647 10
648 10
649 10
650 10
651 10
652 10
653 10
654 10
655 10
656 10
657 10
658 10
659 10
660 10
661 10
662 -1
663 -1
664 -1
665 -1
666 -1
667 -1
668 -1
669 -1
670 -1
671 -1
672 11
673 11
674 11
675 11
676 11
677 11
678 11
679 11
680 -1
681 -1
682 -1
683 -1
684 -1
685 -1
686 -1
687 -1
688 -1
689 -1
690 -1
691 -1
692 -1
693 -1
694 -1
695 11
696 11
697 11
698 11
699 11
700 11
701 -1
702 -1
703 -1
704 -1
705 -1
706 -1
707 -1
708 -1
709 -1
710 -1
711 0
712 -1
713 -1
714 -1
715 -1
716 -1
717 -1
718 -1
719 -1
720 -1
721 -1
722 -1
723 12
724 12
725 12
726 12
727 12
728 12
729 12
730 12
731 12
732 12
733 12
734 12
735 12
736 12
737 12
738 12
739 12
740 12
741 12
742 12
743 12
744 12
745 -1
746 -1
747 -1
748 -1
749 -1
750 -1
751 -1
752 13
753 13
754 13
755 13
756 13
757 13
758 13
759 13
760 13
761 13
762 13
763 13
764 13
765 13
766 13
767 13
768 13
769 -1
770 -1
771 -1
772 -1
773 -1
774 -1
775 -1
776 -1
777 -1
778 -1
779 14
780 14
781 14
782 14
783 14
784 14
785 14
786 14
787 14
788 14
789 14
790 14
791 14
792 14
793 14
794 14
795 14
796 14
797 14
798 14
799 14
800 14
801 14
802 14
803 14
804 -1
805 -1
806 -1
807 -1
808 -1
809 -1
810 -1
811 -1
812 -1
813 -1
814 -1
815 22
816 22
817 22
818 22
819 22
820 22
821 22
822 22
823 22
824 22
825 22
826 22
827 22
828 22
829 22
830 22
831 -1
832 -1
833 -1
834 -1
835 -1
836 -1
837 -1
838 -1
839 -1
840 -1
841 -1
842 -1
843 -1
844 -1
845 14
846 -1
847 -1
848 -1
849 -1
850 -1
851 -1
852 -1
853 -1
854 16
855 16
856 16
857 16
858 16
859 16
860 16
861 16
862 16
863 16
864 16
865 16
866 16
867 16
868 16
869 16
870 16
871 16
872 16
873 16
874 16
875 16
876 16
877 16
878 16
879 16
880 16
881 16
882 16
883 16
884 16
885 16
886 16
887 -1
888 -1
889 -1
890 -1
891 -1
892 -1
893 -1
894 17
895 17
896 17
897 17
898 17
899 17
900 17
901 17
902 17
903 17
904 17
905 17
906 17
907 17
908 17
909 17
910 17
911 17
912 17
913 17
914 17
915 17
916 17
917 17
918 17
919 17
920 17
921 -1
922 -1
923 -1
924 -1
925 -1
926 -1
927 -1
928 -1
929 -1
930 18
931 18
932 18
933 18
934 18
935 18
936 18
937 18
938 18
939 18
940 18
941 18
942 18
943 18
944 18
945 18
946 18
947 18
948 18
949 18
950 18
951 18
952 -1
953 -1
954 -1
955 -1
956 -1
957 -1
958 -1
959 -1
960 -1
961 19
962 19
963 19
964 19
965 19
966 19
967 19
968 19
969 19
970 19
971 19
972 19
973 19
974 19
975 19
976 19
977 19
978 19
979 -1
980 -1
981 -1
982 -1
983 -1
984 -1
985 -1
986 20
987 20
988 20
989 20
990 20
991 20
992 20
993 20
994 20
995 20
996 20
997 20
998 20
999 20
1000 20
1001 20
1002 20
1003 20
1004 20
1005 -1
1006 -1
1007 -1
1008 -1
1009 -1
1010 -1
1011 -1
1012 -1
1013 -1
1014 -1
1015 -1
1016 -1
1017 -1
1018 -1
1019 -1
1020 -1
1021 21
1022 21
1023 21
1024 21
1025 21
1026 21
1027 21
1028 21
1029 21
1030 21
1031 21
1032 21
1033 -1
1034 -1
1035 -1
1036 -1
1037 -1
1038 -1
1039 -1
1040 -1
1041 -1
1042 -1
1043 22
1044 22
1045 22
1046 -1
1047 22
1048 22
1049 -1
1050 22
1051 22
1052 22
1053 22
1054 22
1055 22
1056 22
1057 22
1058 22
1059 22
1060 22
1061 -1
1062 -1
1063 -1
1064 -1
1065 -1
1066 -1
1067 -1
1068 -1
1069 -1
1070 23
1071 23
1072 23
1073 23
1074 23
1075 23
1076 23
1077 23
1078 23
1079 23
1080 23
1081 23
1082 23
1083 23
1084 23
1085 -1
1086 23
1087 -1
1088 -1
1089 -1
1090 -1
1091 -1
1092 -1
1093 -1
1094 -1
1095 24
1096 24
1097 24
1098 24
1099 24
1100 24
1101 24
1102 24
1103 24
1104 24
1105 24
1106 24
1107 24
1108 24
1109 24
1110 24
1111 24
1112 24
1113 24
1114 24
1115 24
1116 24
1117 24
1118 24
1119 24
1120 24
1121 24
1122 24
1123 24
1124 24
1125 24
1126 24
1127 24
1128 24
1129 24
1130 24
1131 24
1132 24
1133 -1
1134 24
1135 -1
1136 -1
1137 -1
1138 -1
1139 -1
1140 -1
1141 -1
1142 25
1143 25
1144 25
1145 25
1146 25
1147 25
1148 25
1149 25
1150 25
1151 25
1152 25
1153 25
1154 25
1155 25
1156 25
1157 -1
1158 -1
1159 -1
1160 -1
1161 -1
1162 -1
1163 -1
1164 -1
1165 -1
1166 -1
1167 -1
1168 -1
1169 -1
1170 -1
1171 -1
1172 -1
1173 -1
1174 -1
1175 -1
1176 26
1177 26
1178 26
1179 26
1180 26
1181 26
1182 26
1183 26
1184 26
1185 26
1186 26
1187 26
1188 26
1189 26
1190 26
1191 26
1192 26
1193 26
1194 26
1195 26
1196 26
1197 26
1198 26
1199 26
1200 26
1201 26
1202 26
1203 26
1204 26
1205 26
1206 26
1207 26
1208 26
1209 26
1210 26
1211 26
1212 26
1213 26
1214 26
1215 26
1216 26
1217 26
1218 26
1219 26
1220 26
1221 26
1222 26
1223 26
1224 26
1225 26
1226 26
1227 26
1228 26
1229 26
1230 26
1231 26
1232 26
1233 26
1234 26
1235 26
1236 26
1237 26
1238 26
1239 -1
1240 -1
1241 -1
1242 -1
1243 -1
1244 -1
1245 -1
1246 -1
1247 -1
1248 -1
1249 -1
1250 -1
1251 -1
1252 -1
1253 18
1254 -1
1255 18
1256 -1
1257 18
1258 18
1259 18
1260 18
1261 18
1262 18
1263 -1
1264 -1
1265 -1
1266 18
1267 18
1268 18
1269 -1
1270 -1
1271 -1
1272 -1
1273 -1
1274 -1
1275 -1
1276 18
1277 -1
1278 -1
1279 -1
1280 -1
1281 -1
1282 -1
1283 -1
1284 -1
1285 -1
1286 -1
1287 -1
1288 -1
1289 27
1290 -1
1291 27
1292 27
1293 27
1294 27
1295 -1
1296 -1
1297 -1
1298 -1
1299 -1
1300 -1
1301 -1
1302 -1
1303 -1
1304 18
1305 -1
1306 18
1307 18
1308 18
1309 18
1310 18
1311 18
1312 18
1313 -1
1314 -1
1315 -1
1316 -1
1317 -1
1318 -1
1319 -1
1320 -1
1321 -1
1322 27
1323 27
1324 27
1325 27
1326 27
1327 27
1328 27
1329 27
1330 27
1331 27
1332 27
1333 27
1334 27
1335 27
1336 27
1337 27
1338 27
1339 27
1340 27
1341 27
1342 27
1343 27
1344 27
1345 27
1346 27
1347 27
1348 27
1349 27
1350 27
1351 27
1352 27
1353 27
1354 27
1355 27
1356 27
1357 27
1358 27
1359 27
1360 27
1361 27
1362 27
1363 27
1364 27
1365 27
1366 27
1367 27
1368 27
1369 27
1370 27
1371 -1
1372 -1
1373 -1
1374 -1
1375 -1
1376 -1
1377 -1
1378 -1
1379 -1
1380 -1
1381 18
1382 18
1383 18
1384 18
1385 18
1386 18
1387 18
1388 18
1389 18
1390 18
