accuracy 89.98%

   148     2     0     2     4     0     0     0     0     2     2     0     0     0
     0   148     6     4     0     0     2     0     0     4     0     0     0     0
     0     4    62     8     0     0     2     0     0     0     4     0     2     0
     0     2     8   132     4     4     0     2     8     0     2     2     0     0
     2     0     0     0   164     0     0     0     0     2     0     0     0     0
     0     6     0     2     0   140    14     0     0     2     0     0     0     0
     0     4     2     0     0     6    70     0     0     0     0     0     0     0
     0     0     0     0     0     0     0   164     0     0     0     2     0     2
     0     0     0     0     0     0     0     0   152     2     0     2     8     0
     0     0     4     0     0     4     2     0     6    62     2     0     4     0
     0     0     2     0     0     0     0     0     0     2   154     2     2     2
     0     0     0     0     0     0     0     0     0     0     0   168     0     0
     0     0     2     2     0     0     0     2    16     0     2     0   140     0
     0     0     0     0     0     0     0     0     4     0     0     0     2    74
