2 14
3 23
4 27
5 18
6 12
7 13
8 25
9 17
10 5
11 18
12 19
13 23
14 2
15 23
16 2
17 23
18 23
19 2
20 23
21 23
22 15
23 12
24 12
25 25
26 0
27 18
28 0
29 0
30 0
31 0
32 0
33 0
34 0
35 0
36 0
37 0
38 0
39 0
40 0
41 0
42 0
43 0
44 0
45 0
46 0
47 0
48 0
49 1
50 0
51 0
52 0
53 0
54 0
55 0
56 0
57 0
58 0
59 0
60 0
61 0
62 1
63 0
64 0
65 0
66 0
67 0
68 0
69 0
70 1
71 0
72 0
73 0
74 0
75 0
76 0
77 0
78 0
79 0
80 0
81 0
82 0
83 0
84 1
85 0
86 0
87 0
88 0
89 0
90 0
91 0
92 2
93 2
94 2
95 2
96 2
97 2
98 23
99 2
100 11
101 1
102 0
103 1
104 0
105 0
106 0
107 0
108 0
109 0
110 0
111 0
112 0
113 0
114 0
115 0
116 0
117 0
118 0
119 0
120 0
121 0
122 0
123 0
124 0
125 0
126 0
127 0
128 0
129 0
130 7
131 0
132 1
133 1
134 1
135 1
136 1
137 1
138 1
139 1
140 1
141 1
142 1
143 1
144 1
145 1
146 1
147 1
148 1
149 1
150 1
151 1
152 1
153 1
154 1
155 1
156 1
157 1
158 1
159 1
160 1
161 1
162 2
163 2
164 1
165 21
166 0
167 12
168 2
169 13
170 12
171 27
172 2
173 2
174 2
175 2
176 2
177 2
178 2
179 2
180 3
181 2
182 3
183 0
184 3
185 3
186 3
187 0
188 2
189 7
190 3
191 2
192 2
193 2
194 2
195 2
196 2
197 2
198 2
199 2
200 2
201 2
202 2
203 2
204 2
205 2
206 2
207 2
208 2
209 2
210 2
211 2
212 2
213 2
214 2
215 2
216 2
217 2
218 2
219 2
220 2
221 2
222 2
223 2
224 2
225 2
226 2
227 2
228 2
229 2
230 2
231 2
232 2
233 2
234 2
235 2
236 2
237 2
238 2
239 2
240 2
241 2
242 2
243 2
244 2
245 2
246 2
247 2
248 2
249 2
250 2
251 2
252 2
253 2
254 2
255 2
256 2
257 2
258 2
259 2
260 2
261 2
262 2
263 2
264 2
265 2
266 2
267 2
268 2
269 2
270 2
271 2
272 2
273 2
274 2
275 2
276 2
277 2
278 2
279 2
280 2
281 2
282 2
283 2
284 2
285 2
286 2
287 2
288 2
289 2
290 2
291 2
292 3
293 3
294 3
295 3
296 3
297 3
298 3
299 3
300 3
301 3
302 3
303 3
304 3
305 3
306 3
307 3
308 3
309 3
310 3
311 3
312 3
313 3
314 3
315 3
316 3
317 3
318 3
319 3
320 2
321 10
322 10
323 4
324 4
325 4
326 4
327 4
328 4
329 4
330 4
331 4
332 4
333 4
334 4
335 4
336 4
337 4
338 4
339 4
340 4
341 4
342 4
343 4
344 4
345 4
346 4
347 4
348 4
349 4
350 4
351 4
352 4
353 4
354 4
355 4
356 4
357 0
358 0
359 5
360 13
361 13
362 13
363 9
364 13
365 9
366 27
367 9
368 9
369 5
370 5
371 5
372 26
373 4
374 18
375 5
376 5
377 17
378 26
379 18
380 3
381 2
382 5
383 5
384 5
385 5
386 5
387 5
388 5
389 5
390 5
391 5
392 5
393 5
394 5
395 5
396 5
397 5
398 5
399 5
400 5
401 5
402 5
403 5
404 5
405 5
406 5
407 5
408 5
409 5
410 5
411 5
412 5
413 5
414 5
415 5
416 5
417 5
418 5
419 5
420 5
421 5
422 5
423 5
424 5
425 5
426 5
427 5
428 5
429 5
430 5
431 5
432 5
433 5
434 5
435 5
436 5
437 5
438 5
439 5
440 5
441 5
442 5
443 5
444 5
445 5
446 5
447 5
448 5
449 5
450 5
451 5
452 5
453 5
454 5
455 5
456 5
457 5
458 5
459 5
460 5
461 5
462 5
463 5
464 5
465 5
466 5
467 10
468 5
469 4
470 6
471 6
472 22
473 22
474 4
475 1
476 23
477 23
478 1
479 6
480 6
481 6
482 3
483 2
484 6
485 27
486 2
487 2
488 6
489 6
490 3
491 3
492 4
493 3
494 6
495 2
496 2
497 2
498 2
499 2
500 3
501 4
502 4
503 6
504 3
505 3
506 4
507 3
508 0
509 2
510 2
511 4
512 0
513 6
514 6
515 2
516 3
517 4
518 2
519 4
520 3
521 3
522 3
523 3
524 11
525 2
526 11
527 2
528 2
529 2
530 2
531 2
532 2
533 2
534 2
535 2
536 11
537 2
538 2
539 11
540 1
541 1
542 7
543 7
544 7
545 7
546 7
547 7
548 7
549 7
550 7
551 7
552 7
553 7
554 7
555 7
556 7
557 7
558 7
559 7
560 7
561 7
562 7
563 7
564 7
565 7
566 7
567 7
568 7
569 7
570 7
571 7
572 7
573 7
574 7
575 7
576 7
577 8
578 8
579 8
580 8
581 8
582 8
583 8
584 8
585 8
586 8
587 8
588 8
589 8
590 8
591 8
592 8
593 8
594 8
595 8
596 8
597 8
598 8
599 8
600 8
601 8
602 8
603 8
604 8
605 8
606 8
607 8
608 8
609 8
610 8
611 8
612 8
613 8
614 8
615 8
616 9
617 9
618 9
619 9
620 0
621 9
622 11
623 9
624 9
625 9
626 9
627 9
628 9
629 9
630 0
631 9
632 9
633 9
634 9
635 9
636 9
637 0
638 9
639 9
640 0
641 0
642 0
643 9
644 0
645 0
646 0
647 9
648 9
649 9
650 9
651 9
652 9
653 0
654 0
655 0
656 0
657 3
658 9
659 9
660 9
661 9
662 10
663 10
664 10
665 10
666 10
667 9
668 9
669 10
670 9
671 9
672 9
673 10
674 9
675 10
676 9
677 10
678 10
679 10
680 10
681 10
682 10
683 10
684 10
685 10
686 10
687 10
688 10
689 10
690 10
691 10
692 10
693 10
694 10
695 10
696 10
697 10
698 10
699 10
700 10
701 10
702 10
703 10
704 10
705 10
706 10
707 10
708 11
709 9
710 11
711 11
712 11
713 11
714 11
715 11
716 11
717 11
718 11
719 11
720 11
721 11
722 11
723 11
724 11
725 11
726 11
727 11
728 11
729 11
730 11
731 11
732 11
733 11
734 11
735 11
736 11
737 11
738 11
739 11
740 11
741 11
742 0
743 1
744 1
745 0
746 0
747 0
748 0
749 0
750 0
751 0
752 1
753 0
754 0
755 0
756 0
757 0
758 0
759 0
760 0
761 0
762 0
763 12
764 12
765 12
766 12
767 12
768 12
769 12
770 12
771 12
772 12
773 12
774 12
775 12
776 12
777 12
778 12
779 12
780 12
781 12
782 0
783 0
784 0
785 2
786 25
787 10
788 2
789 7
790 2
791 19
792 12
793 12
794 12
795 18
796 12
797 18
798 12
799 12
800 12
801 12
802 12
803 12
804 12
805 12
806 12
807 12
808 12
809 12
810 12
811 12
812 12
813 12
814 12
815 12
816 12
817 13
818 13
819 13
820 13
821 13
822 10
823 2
824 2
825 2
826 2
827 3
828 2
829 3
830 2
831 2
832 13
833 13
834 13
835 13
836 13
837 13
838 13
839 13
840 13
841 13
842 14
843 14
844 14
845 14
846 14
847 14
848 14
849 14
850 14
851 14
852 3
853 27
854 3
855 15
856 27
857 27
858 14
859 3
860 11
861 11
862 14
863 14
864 14
865 14
866 14
867 14
868 14
869 14
870 14
871 14
872 11
873 16
874 0
875 16
876 16
877 27
878 27
879 16
880 16
881 0
882 15
883 15
884 15
885 15
886 15
887 15
888 15
889 15
890 15
891 15
892 15
893 15
894 15
895 15
896 15
897 15
898 15
899 15
900 15
901 15
902 15
903 2
904 15
905 15
906 18
907 15
908 15
909 15
910 27
911 27
912 15
913 15
914 15
915 15
916 14
917 16
918 16
919 2
920 16
921 16
922 16
923 2
924 2
925 16
926 16
927 16
928 16
929 16
930 16
931 16
932 16
933 16
934 16
935 16
936 16
937 16
938 16
939 16
940 16
941 16
942 16
943 16
944 16
945 16
946 16
947 16
948 16
949 16
950 16
951 16
952 16
953 16
954 16
955 16
956 16
957 16
958 17
959 17
960 17
961 17
962 17
963 17
964 17
965 17
966 17
967 17
968 17
969 17
970 17
971 17
972 17
973 17
974 17
975 17
976 17
977 17
978 17
979 17
980 17
981 17
982 22
983 22
984 2
985 22
986 22
987 22
988 23
989 12
990 1
991 22
992 18
993 18
994 18
995 18
996 18
997 18
998 18
999 18
1000 18
1001 18
1002 18
1003 18
1004 18
1005 18
1006 18
1007 18
1008 18
1009 18
1010 18
1011 18
1012 2
1013 3
1014 2
1015 3
1016 3
1017 2
1018 2
1019 2
1020 2
1021 2
1022 18
1023 2
1024 15
1025 19
1026 19
1027 19
1028 19
1029 19
1030 19
1031 19
1032 19
1033 19
1034 19
1035 19
1036 19
1037 19
1038 19
1039 19
1040 19
1041 19
1042 2
1043 2
1044 2
1045 2
1046 27
1047 12
1048 2
1049 3
1050 3
1051 19
1052 20
1053 20
1054 20
1055 20
1056 20
1057 20
1058 20
1059 20
1060 20
1061 20
1062 20
1063 20
1064 20
1065 20
1066 20
1067 20
1068 20
1069 20
1070 20
1071 20
1072 20
1073 20
1074 20
1075 19
1076 4
1077 12
1078 14
1079 21
1080 21
1081 21
1082 3
1083 27
1084 27
1085 2
1086 11
1087 3
1088 14
1089 27
1090 3
1091 27
1092 21
1093 22
1094 21
1095 21
1096 22
1097 22
1098 21
1099 21
1100 21
1101 22
1102 15
1103 21
1104 21
1105 21
1106 21
1107 21
1108 22
1109 22
1110 21
1111 21
1112 21
1113 22
1114 22
1115 22
1116 22
1117 22
1118 22
1119 22
1120 22
1121 22
1122 22
1123 22
1124 22
1125 22
1126 22
1127 22
1128 22
1129 22
1130 22
1131 22
1132 22
1133 22
1134 22
1135 22
1136 22
1137 22
1138 22
1139 22
1140 22
1141 22
1142 22
1143 23
1144 21
1145 14
1146 12
1147 27
1148 11
1149 3
1150 14
1151 12
1152 23
1153 23
1154 23
1155 23
1156 23
1157 23
1158 23
1159 23
1160 23
1161 23
1162 23
1163 23
1164 23
1165 23
1166 23
1167 15
1168 23
1169 23
1170 23
1171 23
1172 23
1173 23
1174 23
1175 23
1176 23
1177 15
1178 23
1179 15
1180 23
1181 23
1182 14
1183 23
1184 16
1185 14
1186 -1
1187 -1
1188 27
1189 27
1190 14
1191 -1
1192 -1
1193 27
1194 27
1195 25
1196 -1
1197 18
1198 14
1199 13
1200 18
1201 18
1202 24
1203 24
1204 24
1205 24
1206 13
1207 24
1208 26
1209 24
1210 24
1211 24
1212 24
1213 25
1214 24
1215 26
1216 24
1217 24
1218 24
1219 24
1220 24
1221 24
1222 24
1223 24
1224 24
1225 24
1226 24
1227 24
1228 24
1229 24
1230 24
1231 24
1232 2
1233 24
1234 24
1235 3
1236 14
1237 24
1238 14
1239 16
1240 24
1241 9
1242 24
1243 24
1244 24
1245 24
1246 24
1247 24
1248 24
1249 24
1250 24
1251 24
1252 24
1253 24
1254 24
1255 24
1256 24
1257 24
1258 24
1259 24
1260 24
1261 24
1262 24
1263 24
1264 25
1265 25
1266 25
1267 25
1268 25
1269 25
1270 25
1271 25
1272 5
1273 25
1274 25
1275 25
1276 25
1277 25
1278 25
1279 25
1280 25
1281 26
1282 25
1283 25
1284 25
1285 25
1286 25
1287 25
1288 25
1289 25
1290 25
1291 25
1292 25
1293 25
1294 25
1295 25
1296 25
1297 25
1298 25
1299 25
1300 5
1301 25
1302 25
1303 25
1304 17
1305 22
1306 2
1307 26
1308 26
1309 26
1310 26
1311 26
1312 26
1313 26
1314 26
1315 26
1316 26
1317 26
1318 26
1319 26
1320 26
1321 26
1322 26
1323 26
1324 26
1325 26
1326 26
1327 26
1328 26
1329 26
1330 26
1331 26
1332 2
1333 2
1334 2
1335 2
1336 0
1337 2
1338 3
1339 2
1340 27
1341 2
1342 26
1343 26
1344 26
1345 26
1346 26
1347 26
1348 26
1349 26
1350 26
1351 26
1352 26
1353 26
1354 26
1355 27
1356 18
1357 27
1358 27
1359 9
1360 17
1361 18
1362 25
1363 25
1364 5
1365 25
1366 25
1367 25
1368 25
1369 25
1370 17
1371 14
1372 27
1373 18
1374 18
1375 18
1376 27
1377 18
1378 27
1379 18
1380 24
1381 18
1382 27
1383 18
1384 27
1385 18
1386 18
1387 18
1388 27
1389 24
1390 5
1391 27
1392 27
1393 18
1394 27
1395 27
1396 27
1397 19
1398 0
1399 27
1400 27
1401 27
1402 18
1403 27
1404 27
1405 27
1406 27
1407 27
1408 27
1409 27
1410 27
1411 27
1412 27
1413 27
1414 27
1415 27
1416 27
1417 27
1418 27
1419 18
1420 16
1421 27
1422 2
1423 2
1424 2
1425 2
1426 2
1427 2
1428 2
1429 2
1430 2
1431 2
1432 27
1433 27
1434 27
1435 27
1436 27
1437 27
1438 27
1439 27
1440 27
1441 27
1442 18
1443 18
1444 18
1445 18
1446 27
1447 18
1448 27
1449 27
1450 27
1451 27
1452 2
1453 2
1454 2
1455 2
1456 2
1457 2
1458 2
1459 2
1460 2
1461 2
1462 18
1463 18
1464 27
1465 18
1466 18
1467 18
1468 18
1469 27
1470 18
1471 18
1472 27
1473 18
1474 27
1475 26
1476 18
1477 18
1478 27
1479 18
1480 18
1481 18
1482 18
1483 25
1484 5
1485 27
1486 18
1487 18
1488 18
1489 26
1490 18
1491 18
1492 25
1493 25
1494 18
1495 24
1496 27
1497 27
1498 27
1499 27
1500 9
1501 25
1502 25
1503 5
1504 25
1505 27
1506 18
1507 5
1508 26
1509 18
1510 18
1511 5
1512 25
1513 27
1514 27
1515 27
1516 18
1517 27
1518 5
1519 27
1520 27
1521 0
1522 27
1523 27
1524 27
1525 27
1526 27
1527 27
1528 27
1529 27
1530 27
1531 27
1532 27
1533 27
1534 27
1535 27
1536 27
1537 27
1538 27
1539 27
1540 27
1541 18
1542 27
1543 27
1544 27
1545 27
1546 18
1547 27
1548 27
1549 27
1550 27
1551 18
1552 27
1553 18
1554 27
