2 0
3 0
4 0
5 0
6 0
7 0
8 0
9 0
10 0
11 0
12 0
13 0
14 0
15 0
16 0
17 0
18 0
19 0
20 0
21 0
22 0
23 0
24 0
25 0
26 0
27 0
28 0
29 0
30 0
31 0
32 0
33 0
34 0
35 0
36 0
37 0
38 0
39 0
40 0
41 0
42 0
43 0
44 0
45 0
46 0
47 0
48 0
49 0
50 0
51 0
52 0
53 0
54 0
55 0
56 0
57 0
58 0
59 1
60 1
61 1
62 1
63 1
64 1
65 1
66 1
67 1
68 1
69 1
70 1
71 1
72 1
73 1
74 1
75 1
76 1
77 1
78 1
79 1
80 1
81 1
82 1
83 1
84 1
85 1
86 1
87 1
88 1
89 1
90 1
91 1
92 2
93 2
94 3
95 3
96 3
97 3
98 3
99 2
100 2
101 2
102 2
103 2
104 2
105 2
106 2
107 2
108 2
109 2
110 2
111 2
112 2
113 2
114 2
115 2
116 2
117 2
118 2
119 3
120 3
121 3
122 2
123 2
124 2
125 2
126 2
127 2
128 2
129 2
130 2
131 2
132 2
133 2
134 2
135 2
136 2
137 2
138 2
139 2
140 2
141 2
142 2
143 2
144 2
145 2
146 2
147 2
148 2
149 2
150 2
151 2
152 2
153 2
154 2
155 2
156 2
157 2
158 2
159 2
160 2
161 2
162 2
163 2
164 2
165 2
166 2
167 2
168 2
169 2
170 3
171 3
172 3
173 9
174 3
175 3
176 3
177 3
178 2
179 2
180 2
181 2
182 2
183 3
184 2
185 2
186 2
187 10
188 2
189 2
190 2
191 2
192 5
193 15
194 5
195 4
196 10
197 4
198 3
199 4
200 10
201 3
202 3
203 3
204 3
205 3
206 3
207 2
208 2
209 2
210 2
211 2
212 2
213 2
214 2
215 2
216 2
217 2
218 2
219 2
220 2
221 2
222 2
223 2
224 2
225 2
226 2
227 2
228 2
229 2
230 2
231 2
232 2
233 2
234 2
235 2
236 2
237 2
238 3
239 3
240 3
241 3
242 3
243 3
244 3
245 3
246 3
247 3
248 3
249 3
250 3
251 3
252 3
253 3
254 3
255 3
256 3
257 3
258 3
259 3
260 3
261 3
262 3
263 3
264 3
265 3
266 3
267 3
268 3
269 3
270 3
271 3
272 3
273 3
274 15
275 14
276 15
277 15
278 10
279 4
280 4
281 4
282 4
283 4
284 4
285 4
286 4
287 4
288 4
289 4
290 4
291 4
292 4
293 4
294 4
295 4
296 4
297 4
298 4
299 4
300 4
301 4
302 4
303 4
304 4
305 4
306 4
307 4
308 4
309 4
310 4
311 4
312 5
313 5
314 5
315 5
316 5
317 5
318 5
319 5
320 5
321 5
322 5
323 5
324 5
325 5
326 5
327 5
328 5
329 5
330 5
331 5
332 5
333 5
334 5
335 5
336 5
337 5
338 5
339 5
340 5
341 5
342 5
343 5
344 5
345 5
346 5
347 5
348 5
349 15
350 5
351 14
352 16
353 5
354 5
355 5
356 14
357 14
358 14
359 14
360 14
361 5
362 14
363 14
364 6
365 14
366 14
367 14
368 14
369 6
370 14
371 6
372 5
373 14
374 14
375 14
376 14
377 14
378 14
379 14
380 14
381 14
382 14
383 14
384 14
385 6
386 6
387 6
388 6
389 6
390 6
391 6
392 6
393 6
394 6
395 6
396 6
397 6
398 6
399 6
400 6
401 6
402 6
403 6
404 6
405 6
406 6
407 5
408 6
409 6
410 6
411 6
412 6
413 6
414 6
415 6
416 6
417 6
418 6
419 6
420 6
421 19
422 6
423 6
424 6
425 6
426 6
427 6
428 6
429 6
430 6
431 6
432 3
433 1
434 7
435 7
436 7
437 7
438 7
439 7
440 7
441 7
442 7
443 7
444 7
445 7
446 7
447 7
448 7
449 7
450 7
451 7
452 7
453 7
454 7
455 7
456 7
457 7
458 7
459 7
460 7
461 7
462 7
463 7
464 7
465 7
466 7
467 7
468 7
469 7
470 7
471 7
472 7
473 7
474 7
475 7
476 7
477 7
478 7
479 7
480 7
481 7
482 7
483 7
484 7
485 7
486 7
487 7
488 7
489 7
490 7
491 7
492 7
493 7
494 7
495 7
496 7
497 7
498 7
499 7
500 7
501 7
502 7
503 7
504 7
505 7
506 7
507 8
508 7
509 7
510 7
511 8
512 8
513 8
514 8
515 8
516 8
517 8
518 8
519 8
520 8
521 8
522 8
523 8
524 8
525 8
526 8
527 8
528 8
529 8
530 8
531 8
532 8
533 8
534 7
535 8
536 8
537 8
538 8
539 8
540 7
541 3
542 11
543 9
544 9
545 3
546 10
547 10
548 9
549 10
550 10
551 10
552 10
553 10
554 9
555 10
556 10
557 10
558 10
559 9
560 9
561 10
562 9
563 9
564 10
565 10
566 10
567 10
568 10
569 10
570 10
571 9
572 10
573 10
574 9
575 9
576 9
577 9
578 9
579 9
580 9
581 9
582 9
583 9
584 9
585 9
586 9
587 9
588 9
589 9
590 9
591 9
592 2
593 10
594 10
595 10
596 10
597 10
598 10
599 10
600 10
601 10
602 10
603 10
604 10
605 10
606 10
607 10
608 10
609 10
610 10
611 10
612 10
613 10
614 10
615 10
616 10
617 10
618 9
619 10
620 10
621 10
622 10
623 10
624 10
625 10
626 10
627 9
628 11
629 11
630 11
631 11
632 11
633 11
634 11
635 11
636 11
637 11
638 11
639 11
640 11
641 11
642 11
643 11
644 11
645 11
646 11
647 11
648 11
649 11
650 11
651 11
652 11
653 11
654 11
655 11
656 11
657 11
658 11
659 11
660 11
661 11
662 11
663 11
664 3
665 0
666 0
667 0
668 0
669 0
670 0
671 0
672 0
673 0
674 0
675 0
676 0
677 0
678 0
679 25
680 12
681 12
682 12
683 12
684 12
685 12
686 12
687 12
688 12
689 12
690 12
691 12
692 12
693 12
694 12
695 12
696 12
697 12
698 12
699 12
700 12
701 12
702 12
703 12
704 12
705 12
706 13
707 12
708 12
709 12
710 12
711 12
712 12
713 12
714 12
715 12
716 12
717 12
718 12
719 12
720 12
721 12
722 12
723 12
724 12
725 12
726 12
727 12
728 12
729 12
730 12
731 12
732 12
733 12
734 13
735 13
736 13
737 13
738 13
739 13
740 13
741 13
742 13
743 13
744 13
745 13
746 13
747 13
748 13
749 13
750 13
751 13
752 13
753 13
754 13
755 13
756 13
757 13
758 13
759 12
760 14
761 14
762 15
763 15
764 15
765 15
766 15
767 15
768 14
769 14
770 14
771 14
772 14
773 14
774 14
775 14
776 14
777 14
778 15
779 15
780 15
781 15
782 15
783 15
784 15
785 15
786 15
787 15
788 14
789 14
790 14
791 14
792 14
793 14
794 14
795 14
796 14
797 14
798 14
799 14
800 14
801 14
802 14
803 14
804 14
805 14
806 14
807 14
808 14
809 14
810 14
811 14
812 14
813 14
814 14
815 14
816 14
817 14
818 14
819 14
820 14
821 14
822 14
823 14
824 14
825 14
826 14
827 14
828 14
829 14
830 14
831 14
832 14
833 14
834 14
835 14
836 14
837 14
838 14
839 14
840 14
841 14
842 14
843 14
844 14
845 14
846 14
847 14
848 14
849 14
850 14
851 14
852 14
853 15
854 15
855 15
856 15
857 15
858 15
859 15
860 15
861 15
862 15
863 15
864 15
865 15
866 15
867 15
868 15
869 15
870 15
871 15
872 15
873 15
874 15
875 15
876 15
877 15
878 15
879 15
880 5
881 0
882 0
883 18
884 2
885 2
886 2
887 2
888 2
889 3
890 16
891 16
892 16
893 16
894 16
895 16
896 16
897 5
898 14
899 6
900 16
901 5
902 14
903 5
904 5
905 27
906 5
907 6
908 16
909 6
910 16
911 16
912 16
913 16
914 16
915 16
916 16
917 16
918 16
919 16
920 6
921 27
922 13
923 6
924 6
925 6
926 6
927 6
928 6
929 16
930 17
931 17
932 4
933 17
934 17
935 17
936 17
937 17
938 17
939 17
940 17
941 17
942 17
943 17
944 17
945 9
946 9
947 9
948 9
949 17
950 17
951 17
952 17
953 17
954 17
955 17
956 17
957 17
958 17
959 17
960 17
961 17
962 17
963 17
964 17
965 17
966 17
967 17
968 17
969 17
970 17
971 17
972 17
973 17
974 17
975 17
976 17
977 17
978 17
979 17
980 17
981 17
982 17
983 17
984 17
985 17
986 17
987 17
988 17
989 17
990 17
991 17
992 17
993 17
994 17
995 17
996 17
997 17
998 17
999 17
1000 17
1001 17
1002 17
1003 17
1004 17
1005 17
1006 17
1007 17
1008 17
1009 17
1010 17
1011 17
1012 17
1013 17
1014 17
1015 17
1016 17
1017 17
1018 17
1019 17
1020 17
1021 17
1022 17
1023 17
1024 17
1025 8
1026 0
1027 16
1028 0
1029 18
1030 18
1031 18
1032 18
1033 18
1034 18
1035 18
1036 18
1037 18
1038 18
1039 18
1040 18
1041 18
1042 18
1043 18
1044 18
1045 18
1046 18
1047 18
1048 18
1049 18
1050 18
1051 18
1052 27
1053 18
1054 18
1055 18
1056 18
1057 18
1058 18
1059 18
1060 18
1061 18
1062 18
1063 18
1064 18
1065 18
1066 18
1067 18
1068 18
1069 17
1070 18
1071 17
1072 18
1073 18
1074 18
1075 18
1076 18
1077 18
1078 18
1079 18
1080 18
1081 18
1082 18
1083 18
1084 18
1085 18
1086 18
1087 18
1088 18
1089 18
1090 18
1091 18
1092 18
1093 18
1094 18
1095 18
1096 18
1097 18
1098 2
1099 17
1100 16
1101 19
1102 15
1103 15
1104 15
1105 15
1106 15
1107 15
1108 15
1109 15
1110 19
1111 19
1112 19
1113 19
1114 19
1115 19
1116 19
1117 19
1118 19
1119 19
1120 19
1121 19
1122 19
1123 19
1124 19
1125 19
1126 19
1127 19
1128 19
1129 19
1130 19
1131 19
1132 19
1133 19
1134 19
1135 19
1136 19
1137 19
1138 19
1139 19
1140 19
1141 19
1142 19
1143 19
1144 19
1145 19
1146 19
1147 19
1148 19
1149 20
1150 20
1151 20
1152 20
1153 20
1154 20
1155 20
1156 20
1157 20
1158 20
1159 20
1160 20
1161 20
1162 20
1163 20
1164 20
1165 20
1166 20
1167 20
1168 20
1169 20
1170 20
1171 20
1172 20
1173 20
1174 20
1175 20
1176 23
1177 21
1178 21
1179 21
1180 21
1181 21
1182 21
1183 21
1184 21
1185 21
1186 21
1187 21
1188 21
1189 21
1190 21
1191 21
1192 21
1193 21
1194 21
1195 21
1196 21
1197 21
1198 21
1199 21
1200 21
1201 21
1202 21
1203 21
1204 21
1205 21
1206 21
1207 21
1208 21
1209 21
1210 21
1211 21
1212 21
1213 21
1214 21
1215 21
1216 21
1217 21
1218 21
1219 21
1220 21
1221 21
1222 21
1223 21
1224 21
1225 21
1226 21
1227 21
1228 21
1229 21
1230 21
1231 21
1232 21
1233 22
1234 22
1235 22
1236 22
1237 22
1238 22
1239 22
1240 22
1241 22
1242 22
1243 22
1244 22
1245 22
1246 22
1247 22
1248 22
1249 22
1250 22
1251 22
1252 22
1253 22
1254 22
1255 22
1256 22
1257 22
1258 22
1259 22
1260 22
1261 22
1262 22
1263 22
1264 22
1265 22
1266 22
1267 22
1268 22
1269 22
1270 22
1271 22
1272 22
1273 22
1274 22
1275 22
1276 22
1277 21
1278 21
1279 21
1280 23
1281 23
1282 23
1283 23
1284 23
1285 23
1286 23
1287 23
1288 23
1289 23
1290 23
1291 23
1292 23
1293 23
1294 23
1295 23
1296 23
1297 23
1298 23
1299 23
1300 23
1301 23
1302 23
1303 23
1304 23
1305 23
1306 23
1307 23
1308 23
1309 23
1310 23
1311 23
1312 23
1313 23
1314 23
1315 23
1316 14
1317 14
1318 14
1319 -1
1320 -1
1321 27
1322 27
1323 27
1324 24
1325 24
1326 24
1327 24
1328 24
1329 24
1330 24
1331 24
1332 24
1333 24
1334 24
1335 24
1336 24
1337 24
1338 24
1339 24
1340 24
1341 24
1342 24
1343 24
1344 24
1345 24
1346 24
1347 24
1348 24
1349 24
1350 24
1351 24
1352 24
1353 24
1354 24
1355 24
1356 24
1357 24
1358 24
1359 24
1360 24
1361 24
1362 24
1363 24
1364 24
1365 24
1366 24
1367 25
1368 25
1369 25
1370 25
1371 25
1372 25
1373 25
1374 25
1375 25
1376 25
1377 25
1378 25
1379 25
1380 25
1381 25
1382 25
1383 25
1384 25
1385 25
1386 25
1387 25
1388 25
1389 25
1390 25
1391 25
1392 25
1393 25
1394 25
1395 25
1396 25
1397 25
1398 25
1399 25
1400 25
1401 25
1402 25
1403 25
1404 25
1405 25
1406 25
1407 25
1408 25
1409 25
1410 25
1411 25
1412 15
1413 25
1414 26
1415 26
1416 26
1417 26
1418 26
1419 26
1420 26
1421 26
1422 26
1423 26
1424 26
1425 26
1426 26
1427 26
1428 26
1429 26
1430 26
1431 26
1432 26
1433 26
1434 26
1435 26
1436 26
1437 26
1438 26
1439 26
1440 26
1441 26
1442 27
1443 27
1444 27
1445 27
1446 27
1447 27
1448 27
1449 27
1450 27
1451 27
1452 27
1453 27
1454 27
1455 27
1456 27
1457 27
1458 27
1459 27
1460 27
1461 27
1462 27
1463 27
1464 27
1465 27
1466 27
1467 27
1468 27
1469 27
1470 27
1471 27
1472 27
1473 27
1474 27
1475 2
1476 2
1477 2
1478 2
1479 2
1480 2
1481 2
1482 2
1483 2
1484 2
1485 2
1486 2
1487 2
1488 2
1489 2
1490 2
1491 2
1492 2
1493 2
1494 2
1495 2
1496 2
1497 27
1498 27
1499 27
1500 27
1501 27
1502 27
1503 27
1504 27
1505 27
1506 27
1507 27
1508 27
1509 27
1510 27
1511 27
1512 27
1513 27
1514 27
1515 27
1516 27
1517 27
1518 27
1519 27
1520 27
1521 27
1522 27
1523 27
1524 27
1525 27
1526 27
1527 27
1528 27
1529 27
1530 27
1531 27
1532 27
1533 27
1534 27
1535 27
