2 0
3 0
4 0
5 0
6 0
7 0
8 0
9 0
10 0
11 0
12 0
13 0
14 0
15 0
16 0
17 0
18 0
19 0
20 0
21 0
22 0
23 0
24 0
25 0
26 0
27 0
28 0
29 0
30 0
31 0
32 0
33 0
34 0
35 0
36 0
37 0
38 0
39 0
40 0
41 0
42 0
43 0
44 0
45 0
46 0
47 0
48 0
49 0
50 0
51 0
52 0
53 0
54 0
55 0
56 0
57 0
58 0
59 0
60 1
61 1
62 1
63 1
64 1
65 1
66 1
67 1
68 1
69 1
70 1
71 1
72 1
73 1
74 1
75 1
76 1
77 1
78 1
79 1
80 1
81 1
82 0
83 2
84 2
85 2
86 2
87 2
88 2
89 2
90 2
91 2
92 2
93 2
94 2
95 2
96 2
97 2
98 2
99 2
100 2
101 2
102 2
103 2
104 2
105 2
106 2
107 2
108 3
109 2
110 2
111 2
112 2
113 2
114 3
115 3
116 3
117 3
118 3
119 3
120 3
121 3
122 3
123 3
124 3
125 3
126 3
127 3
128 3
129 3
130 3
131 3
132 3
133 3
134 3
135 10
136 3
137 3
138 3
139 3
140 3
141 3
142 10
143 10
144 3
145 3
146 3
147 3
148 3
149 10
150 4
151 3
152 3
153 3
154 3
155 3
156 3
157 15
158 15
159 14
160 14
161 14
162 14
163 15
164 4
165 4
166 4
167 4
168 4
169 4
170 4
171 2
172 3
173 3
174 3
175 3
176 2
177 4
178 4
179 4
180 3
181 4
182 4
183 4
184 4
185 3
186 3
187 3
188 3
189 3
190 3
191 4
192 3
193 4
194 4
195 4
196 4
197 3
198 3
199 10
200 9
201 9
202 5
203 5
204 5
205 5
206 5
207 5
208 5
209 5
210 5
211 5
212 5
213 5
214 5
215 5
216 5
217 5
218 5
219 5
220 5
221 5
222 5
223 5
224 5
225 15
226 5
227 5
228 5
229 5
230 15
231 5
232 5
233 15
234 5
235 5
236 5
237 15
238 5
239 5
240 5
241 5
242 5
243 5
244 5
245 15
246 14
247 5
248 15
249 15
250 15
251 5
252 15
253 9
254 27
255 18
256 18
257 18
258 26
259 26
260 26
261 26
262 26
263 26
264 26
265 18
266 16
267 5
268 5
269 6
270 6
271 16
272 14
273 6
274 16
275 6
276 6
277 6
278 6
279 14
280 6
281 14
282 14
283 14
284 14
285 14
286 14
287 14
288 14
289 14
290 6
291 6
292 6
293 6
294 5
295 6
296 6
297 14
298 14
299 14
300 14
301 14
302 14
303 14
304 14
305 14
306 14
307 25
308 5
309 6
310 4
311 4
312 19
313 4
314 2
315 6
316 6
317 6
318 4
319 6
320 6
321 4
322 6
323 6
324 6
325 4
326 19
327 4
328 19
329 4
330 6
331 4
332 4
333 4
334 4
335 19
336 4
337 19
338 4
339 19
340 4
341 6
342 4
343 4
344 3
345 7
346 7
347 7
348 7
349 7
350 7
351 7
352 7
353 7
354 7
355 7
356 7
357 7
358 7
359 7
360 7
361 7
362 7
363 7
364 7
365 7
366 7
367 7
368 7
369 7
370 7
371 7
372 7
373 7
374 7
375 7
376 7
377 7
378 7
379 7
380 7
381 7
382 7
383 7
384 7
385 7
386 7
387 7
388 7
389 7
390 7
391 7
392 7
393 7
394 7
395 7
396 7
397 7
398 7
399 7
400 7
401 7
402 7
403 7
404 7
405 7
406 7
407 7
408 7
409 7
410 7
411 7
412 7
413 7
414 7
415 7
416 7
417 7
418 7
419 7
420 7
421 7
422 7
423 8
424 7
425 7
426 7
427 7
428 0
429 16
430 17
431 10
432 9
433 9
434 2
435 2
436 2
437 2
438 2
439 2
440 2
441 2
442 2
443 2
444 2
445 2
446 2
447 7
448 7
449 8
450 26
451 7
452 7
453 7
454 7
455 7
456 7
457 7
458 7
459 7
460 7
461 7
462 7
463 7
464 7
465 7
466 7
467 7
468 7
469 7
470 7
471 7
472 7
473 7
474 7
475 7
476 7
477 7
478 7
479 7
480 7
481 7
482 7
483 7
484 7
485 7
486 7
487 7
488 7
489 7
490 7
491 7
492 8
493 7
494 7
495 7
496 7
497 7
498 8
499 7
500 7
501 7
502 7
503 7
504 7
505 7
506 8
507 8
508 8
509 8
510 8
511 8
512 8
513 8
514 8
515 8
516 8
517 8
518 8
519 8
520 8
521 8
522 8
523 8
524 8
525 8
526 8
527 8
528 8
529 8
530 8
531 8
532 2
533 2
534 2
535 11
536 3
537 11
538 0
539 0
540 0
541 0
542 0
543 0
544 0
545 0
546 0
547 0
548 0
549 0
550 0
551 0
552 10
553 3
554 9
555 9
556 11
557 11
558 11
559 11
560 11
561 11
562 3
563 3
564 9
565 9
566 9
567 9
568 9
569 11
570 11
571 9
572 9
573 11
574 9
575 9
576 9
577 9
578 9
579 9
580 9
581 11
582 3
583 2
584 11
585 9
586 9
587 9
588 3
589 3
590 3
591 9
592 0
593 3
594 0
595 3
596 3
597 0
598 3
599 0
600 0
601 0
602 3
603 10
604 10
605 10
606 10
607 10
608 9
609 10
610 9
611 9
612 9
613 9
614 9
615 9
616 9
617 9
618 9
619 9
620 9
621 9
622 9
623 9
624 9
625 9
626 9
627 9
628 9
629 9
630 9
631 9
632 9
633 9
634 9
635 9
636 9
637 9
638 9
639 9
640 9
641 9
642 9
643 9
644 9
645 9
646 9
647 9
648 9
649 9
650 9
651 9
652 9
653 9
654 9
655 9
656 9
657 9
658 9
659 9
660 9
661 9
662 9
663 9
664 9
665 9
666 9
667 9
668 9
669 9
670 10
671 10
672 10
673 10
674 10
675 9
676 18
677 9
678 10
679 10
680 10
681 10
682 10
683 10
684 10
685 10
686 10
687 10
688 10
689 10
690 10
691 10
692 10
693 9
694 0
695 0
696 9
697 9
698 27
699 10
700 9
701 9
702 10
703 10
704 10
705 10
706 10
707 10
708 9
709 10
710 10
711 10
712 9
713 10
714 10
715 10
716 10
717 10
718 10
719 10
720 10
721 10
722 10
723 10
724 10
725 10
726 10
727 10
728 10
729 10
730 10
731 10
732 10
733 10
734 10
735 11
736 11
737 11
738 11
739 11
740 11
741 11
742 11
743 9
744 11
745 9
746 11
747 9
748 9
749 9
750 11
751 11
752 11
753 11
754 11
755 11
756 11
757 11
758 11
759 11
760 9
761 9
762 11
763 11
764 11
765 11
766 11
767 11
768 11
769 9
770 11
771 11
772 11
773 11
774 11
775 11
776 11
777 3
778 0
779 0
780 0
781 0
782 0
783 0
784 0
785 0
786 0
787 0
788 0
789 0
790 17
791 17
792 0
793 12
794 12
795 12
796 12
797 12
798 12
799 12
800 12
801 12
802 12
803 12
804 12
805 12
806 12
807 12
808 12
809 12
810 12
811 12
812 12
813 12
814 12
815 12
816 12
817 12
818 4
819 12
820 12
821 12
822 12
823 12
824 12
825 12
826 12
827 12
828 12
829 12
830 12
831 12
832 12
833 12
834 12
835 12
836 12
837 12
838 12
839 12
840 12
841 12
842 12
843 12
844 12
845 12
846 12
847 12
848 12
849 12
850 12
851 12
852 12
853 12
854 12
855 12
856 12
857 12
858 12
859 12
860 12
861 12
862 12
863 12
864 13
865 13
866 13
867 13
868 13
869 13
870 13
871 13
872 13
873 13
874 13
875 13
876 13
877 13
878 13
879 13
880 13
881 13
882 13
883 13
884 13
885 13
886 13
887 13
888 13
889 13
890 13
891 15
892 15
893 15
894 15
895 15
896 15
897 15
898 15
899 14
900 15
901 15
902 14
903 14
904 14
905 14
906 14
907 14
908 14
909 14
910 14
911 14
912 14
913 14
914 14
915 14
916 14
917 14
918 14
919 14
920 14
921 14
922 14
923 14
924 14
925 14
926 14
927 14
928 14
929 14
930 14
931 14
932 14
933 14
934 14
935 14
936 14
937 14
938 14
939 14
940 14
941 14
942 14
943 14
944 14
945 15
946 15
947 15
948 15
949 15
950 15
951 15
952 15
953 15
954 15
955 15
956 15
957 15
958 15
959 15
960 15
961 15
962 15
963 15
964 15
965 15
966 15
967 15
968 15
969 15
970 15
971 15
972 15
973 15
974 13
975 18
976 0
977 27
978 2
979 2
980 2
981 2
982 3
983 3
984 16
985 16
986 16
987 16
988 16
989 16
990 16
991 16
992 16
993 16
994 16
995 16
996 16
997 3
998 16
999 16
1000 16
1001 16
1002 16
1003 16
1004 16
1005 16
1006 16
1007 16
1008 5
1009 16
1010 16
1011 5
1012 16
1013 6
1014 16
1015 16
1016 6
1017 16
1018 16
1019 16
1020 16
1021 16
1022 16
1023 21
1024 21
1025 21
1026 16
1027 16
1028 16
1029 5
1030 16
1031 16
1032 16
1033 22
1034 5
1035 5
1036 16
1037 16
1038 21
1039 16
1040 16
1041 16
1042 16
1043 16
1044 16
1045 16
1046 17
1047 17
1048 17
1049 17
1050 17
1051 17
1052 17
1053 17
1054 17
1055 17
1056 17
1057 17
1058 17
1059 17
1060 2
1061 2
1062 2
1063 2
1064 9
1065 9
1066 9
1067 9
1068 9
1069 17
1070 17
1071 17
1072 17
1073 17
1074 17
1075 17
1076 17
1077 17
1078 17
1079 17
1080 17
1081 17
1082 17
1083 17
1084 17
1085 17
1086 17
1087 17
1088 17
1089 17
1090 17
1091 17
1092 17
1093 17
1094 17
1095 17
1096 17
1097 17
1098 17
1099 17
1100 17
1101 17
1102 17
1103 17
1104 17
1105 17
1106 17
1107 17
1108 17
1109 17
1110 17
1111 17
1112 17
1113 17
1114 17
1115 17
1116 17
1117 17
1118 17
1119 17
1120 17
1121 17
1122 17
1123 17
1124 17
1125 17
1126 17
1127 17
1128 17
1129 17
1130 17
1131 17
1132 17
1133 17
1134 17
1135 17
1136 18
1137 18
1138 18
1139 18
1140 0
1141 0
1142 18
1143 2
1144 18
1145 18
1146 18
1147 18
1148 18
1149 18
1150 18
1151 18
1152 18
1153 18
1154 18
1155 18
1156 18
1157 18
1158 18
1159 18
1160 18
1161 18
1162 18
1163 18
1164 18
1165 18
1166 18
1167 18
1168 18
1169 18
1170 18
1171 18
1172 18
1173 18
1174 18
1175 18
1176 18
1177 18
1178 18
1179 18
1180 18
1181 18
1182 18
1183 18
1184 18
1185 18
1186 18
1187 18
1188 18
1189 18
1190 18
1191 18
1192 18
1193 18
1194 18
1195 18
1196 18
1197 18
1198 18
1199 18
1200 18
1201 18
1202 18
1203 18
1204 18
1205 18
1206 18
1207 11
1208 0
1209 23
1210 8
1211 27
1212 18
1213 17
1214 17
1215 12
1216 18
1217 18
1218 18
1219 18
1220 27
1221 27
1222 18
1223 17
1224 18
1225 17
1226 17
1227 17
1228 17
1229 17
1230 17
1231 18
1232 17
1233 18
1234 18
1235 2
1236 18
1237 18
1238 17
1239 2
1240 18
1241 17
1242 17
1243 17
1244 17
1245 18
1246 18
1247 17
1248 17
1249 18
1250 18
1251 17
1252 17
1253 17
1254 18
1255 18
1256 18
1257 18
1258 4
1259 18
1260 16
1261 18
1262 18
1263 18
1264 18
1265 18
1266 18
1267 18
1268 18
1269 18
1270 18
1271 18
1272 7
1273 18
1274 18
1275 7
1276 18
1277 18
1278 18
1279 18
1280 18
1281 18
1282 17
1283 18
1284 18
1285 18
1286 18
1287 18
1288 18
1289 18
1290 17
1291 18
1292 18
1293 18
1294 18
1295 18
1296 18
1297 18
1298 18
1299 18
1300 18
1301 18
1302 18
1303 18
1304 17
1305 18
1306 17
1307 17
1308 17
1309 17
1310 18
1311 18
1312 18
1313 18
1314 18
1315 18
1316 18
1317 18
1318 18
1319 17
1320 18
1321 18
1322 18
1323 18
1324 18
1325 18
1326 18
1327 18
1328 18
1329 18
1330 18
1331 18
1332 18
1333 18
1334 18
1335 18
1336 18
1337 18
1338 18
1339 18
1340 18
1341 18
1342 18
1343 18
1344 18
1345 18
1346 18
1347 18
1348 18
1349 18
1350 18
1351 18
1352 18
1353 13
1354 27
1355 10
1356 -1
1357 2
1358 -1
1359 20
1360 15
1361 13
1362 19
1363 20
1364 20
1365 19
1366 19
1367 19
1368 19
1369 19
1370 19
1371 19
1372 19
1373 19
1374 19
1375 19
1376 19
1377 19
1378 19
1379 19
1380 19
1381 19
1382 19
1383 19
1384 19
1385 19
1386 19
1387 19
1388 19
1389 19
1390 19
1391 19
1392 19
1393 19
1394 19
1395 19
1396 19
1397 20
1398 20
1399 20
1400 20
1401 20
1402 20
1403 20
1404 20
1405 20
1406 20
1407 20
1408 20
1409 20
1410 20
1411 20
1412 20
1413 20
1414 20
1415 20
1416 20
1417 20
1418 20
1419 20
1420 20
1421 20
1422 20
1423 20
1424 20
1425 20
1426 20
1427 20
1428 20
1429 12
1430 21
1431 21
1432 21
1433 21
1434 21
1435 21
1436 21
1437 -1
1438 21
1439 21
1440 21
1441 21
1442 22
1443 22
1444 22
1445 21
1446 21
1447 21
1448 21
1449 21
1450 21
1451 21
1452 21
1453 14
1454 21
1455 21
1456 21
1457 21
1458 21
1459 21
1460 21
1461 21
1462 21
1463 21
1464 21
1465 21
1466 21
1467 21
1468 21
1469 21
1470 21
1471 21
1472 21
1473 21
1474 21
1475 27
1476 21
1477 21
1478 -1
1479 21
1480 21
1481 -1
1482 -1
1483 11
1484 -1
1485 -1
1486 21
1487 -1
1488 -1
1489 -1
1490 -1
1491 -1
1492 -1
1493 -1
1494 -1
1495 -1
1496 -1
1497 -1
1498 -1
1499 27
1500 27
1501 27
1502 -1
1503 -1
1504 -1
1505 -1
1506 -1
1507 -1
1508 -1
1509 -1
1510 -1
1511 -1
1512 -1
1513 -1
1514 -1
1515 -1
1516 -1
1517 -1
1518 -1
1519 -1
1520 -1
1521 -1
1522 4
1523 -1
1524 -1
1525 -1
1526 -1
1527 26
1528 -1
1529 2
1530 -1
1531 4
1532 4
1533 -1
1534 -1
1535 22
1536 26
1537 -1
1538 -1
1539 -1
1540 -1
1541 -1
1542 27
1543 -1
1544 -1
1545 -1
1546 -1
1547 -1
1548 -1
1549 -1
1550 -1
1551 -1
1552 -1
1553 -1
1554 -1
1555 -1
1556 -1
1557 -1
1558 -1
1559 23
1560 -1
1561 23
1562 -1
1563 -1
1564 -1
1565 -1
1566 -1
1567 -1
1568 -1
1569 -1
1570 -1
1571 -1
1572 -1
1573 -1
1574 23
1575 23
1576 23
1577 23
1578 23
1579 23
1580 23
1581 23
1582 23
1583 23
1584 23
1585 23
1586 23
1587 23
1588 23
1589 23
1590 23
1591 23
1592 23
1593 23
1594 23
1595 23
1596 23
1597 23
1598 23
1599 23
1600 23
1601 23
1602 23
1603 23
1604 23
1605 23
1606 23
1607 23
1608 23
1609 15
1610 23
1611 23
1612 23
1613 23
1614 23
1615 23
1616 23
1617 23
1618 23
1619 23
1620 23
1621 23
1622 23
1623 23
1624 23
1625 23
1626 23
1627 23
1628 23
1629 23
1630 23
1631 23
1632 23
1633 23
1634 23
1635 23
1636 23
1637 23
1638 23
1639 23
1640 23
1641 23
1642 23
1643 23
1644 23
1645 23
1646 23
1647 23
1648 23
1649 23
1650 23
1651 23
1652 23
1653 23
1654 23
1655 23
1656 23
1657 23
1658 24
1659 24
1660 24
1661 24
1662 24
1663 24
1664 24
1665 24
1666 24
1667 24
1668 24
1669 24
1670 24
1671 24
1672 24
1673 24
1674 24
1675 24
1676 24
1677 24
1678 24
1679 24
1680 24
1681 24
1682 24
1683 24
1684 24
1685 24
1686 24
1687 24
1688 24
1689 24
1690 24
1691 24
1692 24
1693 24
1694 24
1695 24
1696 24
1697 24
1698 24
1699 24
1700 24
1701 24
1702 24
1703 24
1704 24
1705 24
1706 24
1707 24
1708 24
1709 24
1710 14
1711 14
1712 14
1713 24
1714 24
1715 24
1716 24
1717 24
1718 24
1719 24
1720 24
1721 24
1722 24
1723 24
1724 24
1725 24
1726 24
1727 24
1728 24
1729 24
1730 24
1731 24
1732 24
1733 24
1734 24
1735 24
1736 24
1737 24
1738 24
1739 24
1740 25
1741 14
1742 14
1743 14
1744 25
1745 15
1746 25
1747 25
1748 25
1749 25
1750 25
1751 25
1752 14
1753 25
1754 25
1755 25
1756 25
1757 25
1758 25
1759 25
1760 25
1761 25
1762 25
1763 25
1764 25
1765 25
1766 25
1767 25
1768 25
1769 25
1770 25
1771 25
1772 25
1773 25
1774 25
1775 26
1776 26
1777 26
1778 26
1779 26
1780 26
1781 26
1782 26
1783 26
1784 26
1785 26
1786 26
1787 26
1788 26
1789 26
1790 26
1791 26
1792 26
1793 26
1794 26
1795 26
1796 26
1797 26
1798 26
1799 26
1800 26
1801 26
1802 26
1803 26
1804 26
1805 26
1806 26
1807 26
1808 26
1809 26
1810 26
1811 26
1812 26
1813 26
1814 26
1815 26
1816 26
1817 26
1818 26
1819 26
1820 26
1821 26
1822 26
1823 26
1824 26
1825 26
1826 26
1827 26
1828 26
1829 26
1830 27
1831 27
1832 27
1833 27
1834 27
1835 27
1836 27
1837 27
1838 27
1839 27
1840 27
1841 27
1842 27
1843 27
1844 27
1845 27
1846 27
1847 27
1848 27
1849 27
