2 0
3 0
4 1
5 0
6 1
7 1
8 0
9 1
10 1
11 7
12 7
13 1
14 0
15 0
16 0
17 0
18 0
19 0
20 0
21 16
22 18
23 16
24 0
25 0
26 0
27 0
28 2
29 18
30 18
31 18
32 0
33 0
34 0
35 0
36 0
37 0
38 1
39 0
40 16
41 0
42 16
43 0
44 1
45 1
46 0
47 16
48 0
49 0
50 0
51 16
52 1
53 1
54 1
55 1
56 1
57 1
58 1
59 1
60 1
61 1
62 1
63 1
64 1
65 1
66 1
67 1
68 1
69 1
70 1
71 1
72 1
73 1
74 1
75 1
76 1
77 1
78 1
79 1
80 1
81 1
82 1
83 1
84 1
85 1
86 2
87 3
88 1
89 2
90 2
91 2
92 2
93 2
94 2
95 2
96 2
97 3
98 2
99 2
100 2
101 3
102 3
103 3
104 3
105 3
106 2
107 2
108 2
109 2
110 3
111 2
112 2
113 2
114 2
115 2
116 3
117 2
118 2
119 2
120 2
121 3
122 2
123 3
124 2
125 3
126 2
127 2
128 3
129 3
130 3
131 3
132 3
133 3
134 3
135 3
136 3
137 3
138 3
139 3
140 3
141 3
142 3
143 3
144 3
145 3
146 3
147 3
148 3
149 3
150 3
151 3
152 3
153 3
154 3
155 3
156 3
157 4
158 4
159 4
160 26
161 16
162 4
163 4
164 4
165 4
166 26
167 4
168 16
169 16
170 4
171 4
172 4
173 4
174 4
175 16
176 16
177 11
178 4
179 4
180 26
181 4
182 4
183 16
184 4
185 4
186 6
187 4
188 4
189 4
190 4
191 4
192 4
193 4
194 16
195 18
196 16
197 19
198 2
199 5
200 4
201 5
202 5
203 5
204 5
205 5
206 4
207 5
208 5
209 5
210 5
211 5
212 5
213 5
214 5
215 5
216 5
217 5
218 5
219 5
220 5
221 5
222 5
223 25
224 25
225 25
226 25
227 25
228 5
229 5
230 25
231 25
232 5
233 5
234 5
235 5
236 18
237 18
238 18
239 18
240 18
241 18
242 16
243 18
244 16
245 16
246 16
247 18
248 18
249 18
250 16
251 6
252 4
253 16
254 4
255 4
256 4
257 6
258 4
259 4
260 4
261 6
262 1
263 6
264 4
265 4
266 4
267 4
268 11
269 4
270 6
271 6
272 16
273 11
274 6
275 11
276 6
277 16
278 16
279 16
280 16
281 6
282 16
283 16
284 6
285 11
286 1
287 7
288 8
289 7
290 18
291 7
292 7
293 7
294 7
295 7
296 7
297 7
298 7
299 7
300 7
301 7
302 7
303 7
304 7
305 7
306 7
307 7
308 7
309 7
310 7
311 7
312 7
313 7
314 7
315 7
316 7
317 7
318 7
319 7
320 7
321 7
322 7
323 8
324 8
325 8
326 8
327 8
328 8
329 8
330 8
331 8
332 8
333 7
334 8
335 8
336 8
337 8
338 8
339 8
340 8
341 8
342 8
343 8
344 8
345 8
346 8
347 8
348 8
349 8
350 8
351 8
352 8
353 8
354 8
355 8
356 8
357 8
358 8
359 8
360 8
361 8
362 16
363 0
364 9
365 11
366 0
367 1
368 11
369 11
370 9
371 18
372 18
373 9
374 9
375 9
376 9
377 0
378 0
379 9
380 16
381 11
382 9
383 9
384 16
385 9
386 9
387 9
388 9
389 11
390 9
391 9
392 11
393 9
394 16
395 11
396 9
397 11
398 9
399 9
400 16
401 9
402 16
403 16
404 9
405 9
406 9
407 9
408 9
409 18
410 7
411 9
412 9
413 11
414 7
415 9
416 9
417 9
418 9
419 9
420 11
421 9
422 9
423 9
424 0
425 11
426 11
427 11
428 9
429 9
430 9
431 9
432 0
433 0
434 11
435 9
436 9
437 11
438 9
439 11
440 11
441 9
442 18
443 9
444 9
445 10
446 10
447 3
448 10
449 3
450 16
451 8
452 18
453 10
454 18
455 18
456 3
457 11
458 3
459 10
460 10
461 5
462 10
463 3
464 4
465 3
466 3
467 3
468 3
469 4
470 16
471 10
472 10
473 10
474 2
475 6
476 10
477 10
478 4
479 10
480 10
481 4
482 16
483 10
484 18
485 16
486 16
487 18
488 3
489 4
490 16
491 4
492 18
493 2
494 18
495 18
496 18
497 18
498 18
499 16
500 16
501 11
502 16
503 16
504 16
505 18
506 16
507 16
508 16
509 16
510 16
511 16
512 18
513 16
514 16
515 18
516 16
517 27
518 0
519 11
520 16
521 18
522 16
523 18
524 0
525 16
526 0
527 16
528 16
529 16
530 16
531 16
532 16
533 11
534 0
535 11
536 16
537 16
538 0
539 0
540 11
541 11
542 16
543 16
544 0
545 0
546 16
547 18
548 16
549 0
550 1
551 2
552 1
553 16
554 11
555 1
556 0
557 16
558 26
559 16
560 16
561 12
562 12
563 12
564 16
565 12
566 12
567 16
568 12
569 12
570 12
571 12
572 12
573 12
574 12
575 12
576 12
577 12
578 11
579 12
580 12
581 12
582 16
583 18
584 27
585 16
586 16
587 16
588 16
589 16
590 16
591 16
592 12
593 12
594 12
595 12
596 12
597 12
598 18
599 18
600 12
601 12
602 12
603 12
604 12
605 12
606 13
607 12
608 12
609 12
610 12
611 12
612 18
613 12
614 12
615 16
616 12
617 16
618 16
619 12
620 12
621 12
622 16
623 12
624 16
625 16
626 16
627 12
628 12
629 12
630 13
631 13
632 13
633 13
634 13
635 13
636 13
637 13
638 13
639 13
640 13
641 13
642 13
643 18
644 13
645 13
646 18
647 13
648 13
649 13
650 13
651 13
652 13
653 13
654 13
655 13
656 13
657 18
658 18
659 13
660 13
661 13
662 13
663 13
664 13
665 13
666 13
667 13
668 13
669 13
670 13
671 13
672 12
673 13
674 13
675 14
676 14
677 14
678 14
679 14
680 14
681 14
682 14
683 14
684 14
685 14
686 14
687 14
688 14
689 14
690 14
691 14
692 14
693 14
694 14
695 14
696 14
697 14
698 14
699 14
700 14
701 14
702 14
703 14
704 14
705 14
706 14
707 14
708 14
709 14
710 14
711 14
712 14
713 14
714 14
715 14
716 14
717 14
718 14
719 14
720 15
721 15
722 15
723 15
724 15
725 22
726 22
727 22
728 22
729 15
730 15
731 22
732 22
733 22
734 22
735 22
736 15
737 15
738 15
739 15
740 22
741 22
742 22
743 22
744 22
745 22
746 22
747 15
748 15
749 15
750 22
751 22
752 22
753 22
754 22
755 15
756 15
757 16
758 16
759 16
760 16
761 16
762 16
763 16
764 16
765 16
766 16
767 16
768 16
769 16
770 16
771 16
772 16
773 16
774 18
775 16
776 16
777 27
778 16
779 16
780 16
781 16
782 16
783 16
784 16
785 16
786 16
787 16
788 16
789 16
790 16
791 16
792 16
793 16
794 16
795 16
796 0
797 17
798 17
799 17
800 17
801 17
802 17
803 17
804 17
805 17
806 17
807 17
808 16
809 18
810 17
811 17
812 16
813 27
814 18
815 16
816 17
817 17
818 17
819 17
820 17
821 17
822 17
823 17
824 17
825 17
826 17
827 17
828 17
829 17
830 17
831 17
832 17
833 17
834 17
835 17
836 17
837 17
838 17
839 17
840 17
841 17
842 1
843 18
844 18
845 18
846 18
847 18
848 18
849 18
850 18
851 18
852 18
853 18
854 18
855 18
856 18
857 18
858 18
859 18
860 18
861 18
862 18
863 18
864 18
865 18
866 18
867 18
868 18
869 18
870 18
871 18
872 18
873 18
874 18
875 18
876 18
877 18
878 18
879 18
880 18
881 18
882 18
883 18
884 18
885 18
886 18
887 18
888 18
889 18
890 18
891 18
892 18
893 18
894 18
895 15
896 19
897 19
898 19
899 19
900 19
901 19
902 19
903 19
904 19
905 19
906 19
907 19
908 19
909 19
910 19
911 19
912 19
913 19
914 19
915 19
916 19
917 19
918 19
919 19
920 19
921 19
922 19
923 19
924 19
925 19
926 19
927 19
928 19
929 19
930 19
931 19
932 19
933 19
934 19
935 19
936 19
937 19
938 19
939 19
940 19
941 19
942 19
943 19
944 19
945 19
946 19
947 19
948 19
949 19
950 19
951 19
952 19
953 19
954 19
955 19
956 19
957 19
958 19
959 19
960 19
961 19
962 19
963 19
964 19
965 19
966 19
967 19
968 19
969 19
970 19
971 19
972 5
973 19
974 1
975 19
976 19
977 19
978 19
979 19
980 20
981 20
982 20
983 13
984 13
985 20
986 20
987 20
988 20
989 20
990 20
991 20
992 20
993 20
994 20
995 20
996 20
997 20
998 20
999 20
1000 20
1001 20
1002 20
1003 20
1004 20
1005 20
1006 20
1007 20
1008 20
1009 20
1010 20
1011 20
1012 20
1013 20
1014 20
1015 20
1016 20
1017 20
1018 20
1019 20
1020 20
1021 20
1022 20
1023 20
1024 20
1025 20
1026 20
1027 12
1028 14
1029 14
1030 15
1031 14
1032 21
1033 21
1034 21
1035 21
1036 21
1037 21
1038 15
1039 15
1040 15
1041 21
1042 21
1043 21
1044 21
1045 21
1046 21
1047 21
1048 15
1049 21
1050 21
1051 21
1052 21
1053 21
1054 21
1055 21
1056 21
1057 21
1058 21
1059 21
1060 21
1061 21
1062 12
1063 21
1064 21
1065 21
1066 15
1067 15
1068 15
1069 15
1070 15
1071 14
1072 15
1073 14
1074 14
1075 15
1076 15
1077 15
1078 15
1079 21
1080 14
1081 15
1082 15
1083 15
1084 15
1085 21
1086 21
1087 21
1088 21
1089 21
1090 15
1091 15
1092 15
1093 15
1094 15
1095 15
1096 15
1097 21
1098 14
1099 22
1100 16
1101 22
1102 18
1103 16
1104 11
1105 18
1106 16
1107 18
1108 11
1109 18
1110 18
1111 16
1112 22
1113 22
1114 22
1115 22
1116 22
1117 22
1118 22
1119 22
1120 22
1121 22
1122 22
1123 22
1124 14
1125 22
1126 22
1127 22
1128 15
1129 22
1130 14
1131 15
1132 22
1133 15
1134 22
1135 22
1136 22
1137 22
1138 22
1139 15
1140 22
1141 22
1142 22
1143 15
1144 22
1145 15
1146 15
1147 15
1148 15
1149 15
1150 15
1151 22
1152 15
1153 15
1154 15
1155 15
1156 15
1157 15
1158 15
1159 15
1160 15
1161 16
1162 22
1163 15
1164 15
1165 15
1166 15
1167 22
1168 22
1169 23
1170 15
1171 15
1172 15
1173 15
1174 15
1175 15
1176 15
1177 15
1178 15
1179 18
1180 23
1181 15
1182 15
1183 15
1184 15
1185 15
1186 23
1187 15
1188 15
1189 15
1190 23
1191 15
1192 15
1193 15
1194 15
1195 15
1196 15
1197 15
1198 15
1199 15
1200 15
1201 15
1202 21
1203 21
1204 23
1205 23
1206 21
1207 14
1208 23
1209 23
1210 23
1211 21
1212 15
1213 15
1214 15
1215 15
1216 15
1217 15
1218 15
1219 15
1220 24
1221 24
1222 24
1223 24
1224 24
1225 24
1226 24
1227 24
1228 24
1229 24
1230 24
1231 24
1232 24
1233 24
1234 24
1235 24
1236 24
1237 24
1238 24
1239 24
1240 24
1241 24
1242 24
1243 24
1244 24
1245 24
1246 24
1247 24
1248 24
1249 24
1250 24
1251 24
1252 24
1253 24
1254 24
1255 24
1256 24
1257 24
1258 24
1259 24
1260 12
1261 24
1262 24
1263 24
1264 24
1265 24
1266 24
1267 24
1268 24
1269 24
1270 24
1271 24
1272 25
1273 24
1274 25
1275 24
1276 25
1277 25
1278 18
1279 25
1280 18
1281 25
1282 25
1283 25
1284 25
1285 25
1286 25
1287 24
1288 24
1289 24
1290 24
1291 24
1292 24
1293 24
1294 24
1295 24
1296 24
1297 24
1298 24
1299 24
1300 24
1301 24
1302 24
1303 24
1304 24
1305 24
1306 24
1307 25
1308 24
1309 24
1310 4
1311 24
1312 24
1313 24
1314 24
1315 24
1316 24
1317 25
1318 25
1319 24
1320 24
1321 24
1322 24
1323 24
1324 24
1325 24
1326 24
1327 24
1328 24
1329 24
1330 3
1331 1
1332 18
1333 26
1334 26
1335 26
1336 26
1337 26
1338 26
1339 26
1340 26
1341 26
1342 26
1343 26
1344 26
1345 26
1346 26
1347 26
1348 26
1349 26
1350 26
1351 26
1352 26
1353 26
1354 26
1355 26
1356 26
1357 26
1358 26
1359 26
1360 26
1361 26
1362 26
1363 26
1364 26
1365 26
1366 26
1367 26
1368 26
1369 26
1370 26
1371 26
1372 26
1373 26
1374 26
1375 26
1376 0
1377 27
1378 27
1379 27
1380 27
1381 27
1382 26
1383 26
1384 27
1385 27
1386 27
1387 27
1388 27
1389 27
1390 27
1391 27
1392 27
1393 27
1394 27
1395 27
1396 27
1397 27
1398 27
1399 27
1400 27
1401 27
1402 27
1403 27
1404 27
1405 27
1406 27
1407 27
1408 27
1409 27
1410 27
1411 27
1412 27
1413 27
1414 27
1415 27
1416 26
1417 26
1418 27
1419 27
1420 26
1421 27
1422 27
1423 26
1424 26
1425 26
1426 26
