2 7
3 26
4 0
5 26
6 26
7 0
8 0
9 0
10 26
11 9
12 2
13 1
14 18
15 2
16 2
17 6
18 27
19 2
20 2
21 2
22 0
23 0
24 2
25 0
26 6
27 5
28 6
29 0
30 0
31 26
32 0
33 7
34 6
35 7
36 0
37 6
38 4
39 0
40 7
41 4
42 17
43 18
44 27
45 27
46 27
47 27
48 2
49 3
50 6
51 8
52 7
53 12
54 15
55 2
56 1
57 21
58 13
59 18
60 27
61 21
62 4
63 4
64 4
65 7
66 5
67 18
68 4
69 6
70 2
71 6
72 6
73 2
74 2
75 2
76 2
77 10
78 2
79 4
80 2
81 3
82 27
83 2
84 7
85 7
86 2
87 6
88 27
89 7
90 3
91 2
92 27
93 2
94 2
95 2
96 2
97 2
98 27
99 6
100 2
101 9
102 6
103 6
104 9
105 2
106 7
107 7
108 2
109 2
110 7
111 2
112 3
113 2
114 2
115 3
116 26
117 3
118 7
119 0
120 4
121 4
122 4
123 7
124 0
125 7
126 26
127 2
128 1
129 7
130 7
131 0
132 4
133 6
134 2
135 6
136 7
137 7
138 7
139 26
140 2
141 2
142 0
143 2
144 9
145 7
146 4
147 9
148 2
149 7
150 6
151 6
152 2
153 2
154 3
155 27
156 18
157 1
158 2
159 4
160 3
161 2
162 2
163 2
164 7
165 7
166 7
167 2
168 2
169 2
170 2
171 2
172 6
173 8
174 6
175 7
176 6
177 7
178 6
179 6
180 6
181 26
182 18
183 18
184 18
185 2
186 2
187 3
188 2
189 6
190 18
191 2
192 27
193 6
194 7
195 2
196 3
197 3
198 4
199 2
200 3
201 7
202 4
203 7
204 4
205 0
206 2
207 7
208 7
209 7
210 4
211 3
212 7
213 3
214 3
215 7
216 2
217 2
218 7
219 3
220 2
221 2
222 10
223 2
224 3
225 3
226 2
227 2
228 2
229 9
230 2
231 3
232 2
233 2
234 2
235 3
236 3
237 2
238 2
239 25
240 3
241 5
242 7
243 7
244 6
245 6
246 1
247 7
248 7
249 7
250 6
251 6
252 0
253 9
254 2
255 7
256 4
257 7
258 4
259 7
260 0
261 2
262 2
263 2
264 2
265 9
266 4
267 4
268 4
269 3
270 2
271 0
272 4
273 4
274 14
275 10
276 4
277 26
278 4
279 0
280 4
281 4
282 4
283 2
284 4
285 6
286 15
287 14
288 6
289 14
290 27
291 27
292 4
293 2
294 0
295 3
296 9
297 2
298 3
299 2
300 2
301 0
302 1
303 0
304 16
305 2
306 2
307 2
308 2
309 3
310 2
311 4
312 5
313 4
314 4
315 27
316 2
317 5
318 5
319 5
320 5
321 2
322 18
323 5
324 5
325 5
326 5
327 5
328 18
329 5
330 18
331 5
332 18
333 18
334 18
335 18
336 18
337 18
338 0
339 18
340 18
341 5
342 6
343 7
344 2
345 0
346 2
347 9
348 3
349 17
350 2
351 3
352 5
353 5
354 5
355 14
356 5
357 14
358 5
359 5
360 5
361 14
362 8
363 5
364 2
365 7
366 7
367 6
368 2
369 1
370 4
371 16
372 6
373 2
374 4
375 16
376 21
377 6
378 4
379 6
380 25
381 16
382 21
383 16
384 2
385 14
386 15
387 25
388 25
389 21
390 0
391 2
392 16
393 27
394 12
395 3
396 4
397 18
398 16
399 27
400 4
401 17
402 4
403 6
404 6
405 6
406 6
407 6
408 6
409 2
410 6
411 8
412 7
413 14
414 14
415 14
416 14
417 4
418 4
419 4
420 14
421 25
422 25
423 2
424 4
425 0
426 2
427 3
428 6
429 6
430 6
431 4
432 26
433 7
434 7
435 6
436 4
437 7
438 7
439 26
440 26
441 7
442 6
443 16
444 7
445 7
446 7
447 2
448 6
449 6
450 7
451 7
452 2
453 18
454 6
455 2
456 7
457 7
458 7
459 6
460 4
461 6
462 4
463 6
464 6
465 11
466 25
467 4
468 6
469 6
470 6
471 1
472 1
473 25
474 4
475 4
476 25
477 3
478 6
479 4
480 4
481 4
482 2
483 4
484 4
485 4
486 2
487 2
488 4
489 2
490 10
491 3
492 26
493 7
494 4
495 4
496 4
497 2
498 7
499 2
500 7
501 7
502 6
503 2
504 4
505 2
506 7
507 2
508 4
509 2
510 4
511 2
512 7
513 14
514 6
515 25
516 6
517 6
518 6
519 6
520 6
521 25
522 2
523 2
524 7
525 2
526 2
527 6
528 7
529 7
530 6
531 0
532 25
533 25
534 6
535 25
536 25
537 25
538 25
539 6
540 27
541 2
542 2
543 2
544 2
545 2
546 2
547 2
548 6
549 2
550 2
551 7
552 6
553 6
554 6
555 6
556 0
557 7
558 7
559 7
560 7
561 7
562 2
563 12
564 2
565 0
566 7
567 6
568 2
569 2
570 2
571 2
572 0
573 7
574 7
575 7
576 7
577 7
578 7
579 7
580 7
581 7
582 2
583 0
584 2
585 2
586 2
587 7
588 2
589 2
590 2
591 2
592 2
593 2
594 2
595 2
596 2
597 2
598 7
599 2
600 2
601 2
602 2
603 18
604 2
605 2
606 2
607 2
608 7
609 2
610 2
611 18
612 0
613 7
614 7
615 7
616 7
617 0
618 9
619 6
620 2
621 1
622 7
623 7
624 2
625 7
626 7
627 7
628 6
629 0
630 7
631 0
632 7
633 7
634 7
635 7
636 25
637 7
638 7
639 7
640 7
641 6
642 2
643 2
644 2
645 2
646 7
647 6
648 7
649 7
650 2
651 2
652 7
653 6
654 7
655 6
656 7
657 7
658 6
659 7
660 7
661 7
662 7
663 7
664 8
665 7
666 6
667 7
668 8
669 18
670 27
671 6
672 8
673 8
674 26
675 8
676 8
677 8
678 8
679 8
680 8
681 7
682 7
683 0
684 0
685 7
686 7
687 0
688 7
689 0
690 0
691 7
692 7
693 7
694 7
695 6
696 7
697 9
698 6
699 6
700 7
701 7
702 27
703 9
704 7
705 9
706 7
707 18
708 9
709 9
710 18
711 9
712 4
713 4
714 9
715 6
716 7
717 7
718 6
719 7
720 9
721 0
722 27
723 6
724 9
725 18
726 18
727 6
728 6
729 6
730 9
731 6
732 26
733 6
734 7
735 6
736 26
737 6
738 0
739 9
740 18
741 0
742 7
743 6
744 6
745 3
746 7
747 2
748 2
749 3
750 0
751 2
752 7
753 3
754 2
755 2
756 3
757 1
758 2
759 9
760 9
761 9
762 9
763 3
764 2
765 2
766 9
767 9
768 2
769 9
770 6
771 9
772 2
773 3
774 2
775 2
776 2
777 7
778 0
779 11
780 11
781 2
782 4
783 18
784 0
785 0
786 7
787 0
788 2
789 2
790 2
791 2
792 9
793 2
794 9
795 2
796 2
797 2
798 2
799 2
800 6
801 2
802 2
803 2
804 2
805 2
806 2
807 2
808 2
809 2
810 2
811 2
812 0
813 18
814 2
815 7
816 2
817 2
818 2
819 18
820 4
821 7
822 7
823 7
824 7
825 6
826 27
827 18
828 7
829 7
830 7
831 7
832 2
833 2
834 27
835 17
836 7
837 18
838 16
839 0
840 2
841 6
842 2
843 18
844 4
845 18
846 18
847 27
848 18
849 18
850 16
851 3
852 6
853 9
854 27
855 7
856 7
857 1
858 6
859 5
860 16
861 7
862 7
863 7
864 7
865 7
866 6
867 1
868 7
869 6
870 7
871 0
872 7
873 7
874 7
875 7
876 7
877 0
878 7
879 7
880 7
881 0
882 5
883 7
884 6
885 27
886 5
887 2
888 16
889 16
890 17
891 2
892 7
893 13
894 13
895 13
896 13
897 13
898 13
899 16
900 13
901 13
902 7
903 7
904 7
905 7
906 6
907 7
908 7
909 7
910 7
911 7
912 7
913 7
914 7
915 7
916 7
917 7
918 7
919 15
920 7
921 7
922 7
923 6
924 7
925 7
926 7
927 7
928 14
929 1
930 6
931 7
932 1
933 1
934 7
935 7
936 7
937 6
938 7
939 7
940 7
941 6
942 14
943 5
944 14
945 14
946 4
947 14
948 5
949 5
950 4
951 5
952 2
953 19
954 4
955 14
956 4
957 1
958 2
959 14
960 14
961 14
962 6
963 1
964 7
965 1
966 7
967 7
968 7
969 7
970 7
971 1
972 7
973 6
974 7
975 7
976 7
977 7
978 1
979 7
980 0
981 7
982 0
983 0
984 6
985 0
986 7
987 7
988 7
989 7
990 0
991 7
992 7
993 1
994 6
995 6
996 7
997 7
998 6
999 7
1000 1
1001 7
1002 7
1003 7
1004 7
1005 7
1006 7
1007 7
1008 7
1009 7
1010 7
1011 7
1012 7
1013 7
1014 7
1015 7
1016 7
1017 7
1018 7
1019 7
1020 7
1021 7
1022 7
1023 7
1024 7
1025 7
1026 7
1027 18
1028 7
1029 14
1030 7
1031 7
1032 7
1033 7
1034 4
1035 7
1036 14
1037 7
1038 7
1039 7
1040 7
1041 6
1042 7
1043 7
1044 7
1045 7
1046 7
1047 4
1048 7
1049 7
1050 27
1051 7
1052 0
1053 7
1054 7
1055 0
1056 6
1057 0
1058 7
1059 7
1060 7
1061 7
1062 7
1063 7
1064 7
1065 7
1066 7
1067 7
1068 7
1069 7
1070 7
1071 7
1072 7
1073 7
1074 7
1075 8
1076 14
1077 7
1078 7
1079 7
1080 19
1081 19
1082 15
1083 3
1084 1
1085 13
1086 14
1087 15
1088 15
1089 13
1090 14
1091 13
1092 15
1093 13
1094 13
1095 2
1096 8
1097 13
1098 6
1099 13
1100 13
1101 13
1102 13
1103 13
1104 22
1105 15
1106 22
1107 22
1108 15
1109 15
1110 15
1111 14
1112 5
1113 5
1114 13
1115 13
1116 4
1117 20
1118 0
1119 3
1120 16
1121 11
1122 2
1123 16
1124 16
1125 8
1126 13
1127 8
1128 0
1129 24
1130 24
1131 1
1132 16
1133 0
1134 1
1135 18
1136 1
1137 18
1138 18
1139 11
1140 20
1141 18
1142 8
1143 8
1144 4
1145 7
1146 9
1147 3
1148 3
1149 2
1150 3
1151 17
1152 17
1153 17
1154 2
1155 2
1156 2
1157 16
1158 2
1159 3
1160 14
1161 6
1162 16
1163 27
1164 7
1165 2
1166 2
1167 2
1168 7
1169 18
1170 18
1171 2
1172 18
1173 2
1174 3
1175 2
1176 1
1177 2
1178 2
1179 2
1180 3
1181 11
1182 7
1183 16
1184 16
1185 5
1186 5
1187 3
1188 0
1189 3
1190 3
1191 0
1192 11
1193 3
1194 0
1195 3
1196 0
1197 3
1198 0
1199 0
1200 3
1201 3
1202 3
1203 3
1204 0
1205 3
1206 3
1207 3
1208 3
1209 3
1210 3
1211 27
1212 3
1213 3
1214 3
1215 3
1216 3
1217 3
1218 16
1219 3
1220 3
1221 3
1222 3
1223 3
1224 3
1225 3
1226 3
1227 3
1228 0
1229 3
1230 3
1231 3
1232 8
1233 13
1234 13
1235 3
1236 3
1237 3
1238 6
1239 16
1240 3
1241 27
1242 9
1243 7
1244 9
1245 10
1246 8
1247 13
1248 6
1249 10
1250 2
1251 9
1252 17
1253 2
1254 11
1255 2
1256 6
1257 2
1258 2
1259 18
1260 27
1261 8
1262 22
1263 5
1264 13
1265 14
1266 14
1267 1
1268 0
1269 2
1270 15
1271 0
1272 0
1273 16
1274 18
1275 26
1276 18
1277 27
1278 27
1279 27
1280 27
1281 4
1282 27
1283 16
1284 10
1285 16
1286 4
1287 4
1288 27
1289 4
1290 16
1291 16
1292 4
1293 16
1294 3
1295 3
1296 18
1297 13
1298 18
1299 18
1300 16
1301 14
1302 2
1303 2
1304 2
1305 2
1306 2
1307 2
1308 27
1309 2
1310 2
1311 2
1312 12
1313 12
1314 12
1315 12
1316 12
1317 12
1318 2
1319 12
1320 12
1321 12
1322 2
1323 8
1324 2
1325 3
1326 17
1327 2
1328 2
1329 7
1330 2
1331 2
1332 16
1333 15
1334 0
1335 15
1336 12
1337 1
1338 12
1339 12
1340 12
1341 15
1342 18
1343 18
1344 2
1345 27
1346 15
1347 15
1348 27
1349 0
1350 27
1351 18
1352 6
1353 6
1354 25
1355 6
1356 6
1357 6
1358 27
1359 6
1360 16
1361 6
1362 0
1363 7
1364 0
1365 7
1366 7
1367 7
1368 0
1369 4
1370 2
1371 26
1372 27
1373 5
1374 6
1375 6
1376 4
1377 7
1378 6
1379 13
1380 6
1381 25
1382 6
1383 8
1384 6
1385 7
1386 18
1387 6
1388 6
1389 7
1390 4
1391 6
1392 0
1393 7
1394 7
1395 7
1396 0
1397 7
1398 0
1399 0
1400 6
1401 17
1402 4
1403 0
1404 0
1405 7
1406 0
1407 7
1408 0
1409 0
1410 0
1411 0
1412 7
1413 6
1414 6
1415 25
1416 14
1417 17
1418 6
1419 6
1420 25
1421 25
1422 10
1423 18
1424 17
1425 2
1426 16
1427 9
1428 18
1429 2
1430 2
1431 19
1432 25
1433 21
1434 25
1435 2
1436 2
1437 6
1438 18
1439 27
1440 21
1441 9
1442 25
1443 25
1444 0
1445 25
1446 7
1447 4
1448 14
1449 16
1450 10
1451 19
1452 16
1453 0
1454 21
1455 6
1456 16
1457 0
1458 6
1459 25
1460 6
1461 16
1462 4
1463 4
1464 6
1465 6
1466 6
1467 6
1468 6
1469 6
1470 14
1471 6
1472 7
1473 16
1474 0
1475 0
1476 0
1477 0
1478 0
1479 18
1480 7
1481 0
1482 0
1483 0
1484 4
1485 4
1486 4
1487 2
1488 2
1489 7
1490 4
1491 4
1492 0
1493 0
1494 4
1495 0
1496 0
1497 6
1498 0
1499 2
1500 0
1501 19
1502 4
1503 2
1504 7
1505 4
1506 4
1507 2
1508 0
1509 4
1510 6
1511 4
1512 1
1513 25
1514 7
1515 6
1516 4
1517 25
1518 25
1519 25
1520 25
1521 16
1522 21
1523 19
1524 25
1525 21
1526 25
1527 16
1528 6
1529 25
1530 25
1531 25
1532 6
1533 4
1534 7
1535 2
1536 6
1537 3
1538 6
1539 7
1540 0
1541 25
1542 6
1543 6
1544 1
1545 20
1546 4
1547 6
1548 4
1549 6
1550 4
1551 6
1552 6
1553 20
1554 20
1555 7
1556 7
1557 20
1558 20
1559 20
1560 20
1561 20
1562 6
1563 23
1564 6
1565 25
1566 0
1567 25
1568 23
1569 25
1570 6
1571 25
1572 6
1573 25
1574 4
1575 25
1576 6
1577 11
1578 6
1579 14
1580 22
1581 16
1582 0
1583 7
1584 6
1585 6
1586 6
1587 0
1588 0
1589 0
1590 4
1591 7
1592 25
1593 23
1594 25
1595 16
1596 2
1597 22
1598 25
1599 25
1600 25
1601 25
1602 20
1603 0
1604 25
1605 6
1606 25
1607 25
1608 3
1609 25
1610 25
1611 22
1612 6
1613 7
1614 0
1615 0
1616 4
1617 7
1618 7
1619 0
1620 0
1621 0
1622 0
1623 0
1624 2
1625 2
1626 4
1627 4
1628 7
1629 0
1630 7
1631 25
1632 17
1633 17
1634 17
1635 17
1636 17
1637 15
1638 17
1639 17
1640 21
1641 21
1642 7
1643 7
1644 0
1645 22
1646 4
1647 2
1648 0
1649 0
1650 7
1651 7
1652 21
1653 21
1654 21
1655 21
1656 21
1657 21
1658 22
1659 22
1660 22
1661 22
1662 4
1663 22
1664 7
1665 4
1666 7
1667 7
1668 7
1669 2
1670 4
1671 4
1672 22
1673 0
1674 7
1675 0
1676 26
1677 0
1678 26
1679 7
1680 7
1681 0
1682 0
1683 6
1684 7
1685 4
1686 7
1687 4
1688 2
1689 4
1690 0
1691 4
1692 4
1693 16
1694 4
1695 2
1696 2
1697 4
1698 1
1699 16
1700 8
1701 15
1702 26
1703 2
1704 7
1705 7
1706 4
1707 6
1708 4
1709 7
1710 7
1711 7
1712 7
1713 7
1714 7
1715 3
1716 0
1717 0
1718 6
1719 0
1720 7
1721 3
1722 3
1723 1
1724 1
1725 0
1726 0
1727 0
1728 7
1729 0
1730 0
1731 1
1732 7
1733 7
1734 26
1735 4
1736 7
1737 11
1738 26
1739 6
1740 7
1741 7
1742 2
1743 1
1744 1
1745 0
1746 7
1747 0
1748 3
1749 7
1750 2
1751 7
1752 25
1753 6
1754 25
1755 16
1756 4
1757 1
1758 25
1759 25
1760 0
1761 0
1762 6
1763 6
1764 9
1765 25
1766 4
1767 6
1768 25
1769 25
1770 4
1771 6
1772 3
1773 0
1774 4
1775 6
1776 4
1777 26
1778 4
1779 19
1780 2
1781 4
1782 2
1783 27
1784 2
1785 27
1786 16
1787 27
1788 27
1789 2
1790 25
1791 0
1792 0
1793 27
1794 27
1795 0
1796 25
1797 27
1798 25
1799 2
1800 0
1801 2
1802 4
1803 0
1804 2
1805 22
1806 18
1807 1
1808 2
1809 7
1810 6
1811 7
1812 4
1813 10
1814 25
1815 6
1816 25
1817 14
1818 4
1819 14
1820 25
1821 10
1822 4
1823 0
1824 7
1825 4
1826 4
1827 4
1828 19
1829 4
1830 4
1831 4
1832 25
1833 25
1834 19
1835 16
1836 6
1837 16
1838 16
1839 2
1840 14
1841 4
1842 0
1843 0
1844 0
1845 7
1846 26
1847 0
1848 0
1849 7
1850 1
1851 7
1852 4
1853 16
1854 4
1855 7
1856 0
1857 16
1858 16
1859 9
1860 4
1861 15
1862 0
1863 2
1864 4
1865 2
1866 4
1867 0
1868 4
1869 2
1870 2
1871 7
1872 8
1873 15
1874 0
1875 7
1876 7
1877 0
1878 7
1879 11
1880 0
1881 7
1882 1
1883 2
1884 7
1885 19
1886 0
1887 7
1888 1
1889 0
1890 7
1891 0
1892 8
1893 0
1894 4
1895 2
1896 12
1897 12
1898 8
1899 4
1900 25
1901 25
1902 4
1903 4
1904 25
1905 4
1906 7
1907 25
1908 25
1909 25
1910 6
1911 16
1912 7
1913 7
1914 7
1915 7
1916 7
1917 7
1918 7
1919 0
1920 4
1921 7
1922 25
1923 16
1924 6
1925 1
1926 23
1927 16
1928 23
1929 25
1930 6
1931 25
1932 25
1933 14
1934 25
1935 21
1936 21
1937 21
1938 25
1939 21
1940 25
1941 14
1942 26
1943 26
1944 6
1945 6
1946 0
1947 6
1948 4
1949 0
1950 4
1951 6
1952 4
1953 25
1954 27
1955 0
1956 2
1957 6
1958 6
1959 6
1960 6
1961 6
1962 7
1963 6
1964 4
1965 6
1966 7
1967 7
1968 4
1969 6
1970 26
1971 26
1972 6
1973 7
1974 26
1975 7
1976 7
1977 24
1978 24
1979 6
1980 4
1981 24
1982 6
1983 6
1984 7
1985 7
1986 7
1987 2
1988 6
1989 7
1990 6
1991 6
1992 21
1993 2
1994 23
1995 2
1996 18
1997 2
1998 26
1999 16
2000 23
2001 27
2002 7
2003 7
2004 2
2005 7
2006 7
2007 7
2008 0
2009 6
2010 4
2011 6
2012 0
2013 6
2014 7
2015 6
2016 0
2017 7
2018 0
2019 0
2020 2
2021 2
2022 7
2023 2
2024 7
2025 2
2026 7
2027 7
2028 25
2029 6
2030 25
2031 7
2032 2
2033 6
2034 6
2035 11
2036 7
2037 0
2038 14
2039 1
2040 2
2041 2
2042 6
2043 6
2044 6
2045 6
2046 6
2047 6
2048 6
2049 6
2050 4
2051 6
2052 6
2053 27
2054 27
2055 7
2056 4
2057 2
2058 13
2059 27
2060 27
2061 23
2062 23
2063 25
2064 16
2065 23
2066 23
2067 25
2068 25
2069 23
2070 18
2071 4
2072 7
2073 7
2074 7
2075 4
2076 7
2077 7
2078 7
2079 6
2080 7
2081 7
2082 0
2083 7
2084 7
2085 7
2086 7
2087 7
2088 2
2089 7
2090 7
2091 7
2092 7
2093 2
2094 2
2095 7
2096 2
2097 2
2098 7
2099 2
2100 26
2101 7
2102 26
2103 26
2104 26
2105 26
2106 26
2107 4
2108 26
2109 26
2110 26
2111 7
2112 21
2113 26
2114 23
2115 23
2116 26
2117 26
2118 23
2119 21
2120 26
2121 23
2122 7
2123 7
2124 7
2125 7
2126 23
2127 27
2128 7
2129 7
2130 7
2131 7
2132 6
2133 7
2134 6
2135 7
2136 7
2137 7
2138 4
2139 6
