2 -1
3 -1
4 -1
5 -1
6 -1
7 -1
8 -1
9 -1
10 -1
11 -1
12 -1
13 -1
14 -1
15 -1
16 -1
17 -1
18 -1
19 -1
20 -1
21 -1
22 11
23 16
24 0
25 0
26 23
27 26
28 1
29 0
30 1
31 1
32 7
33 6
34 7
35 7
36 0
37 6
38 0
39 0
40 0
41 0
42 6
43 7
44 6
45 7
46 6
47 7
48 7
49 7
50 7
51 7
52 7
53 7
54 7
55 6
56 7
57 7
58 7
59 7
60 7
61 7
62 1
63 0
64 4
65 1
66 7
67 1
68 7
69 1
70 7
71 1
72 7
73 7
74 6
75 7
76 7
77 7
78 7
79 7
80 7
81 7
82 23
83 7
84 7
85 7
86 6
87 1
88 1
89 7
90 1
91 7
92 16
93 27
94 2
95 2
96 27
97 27
98 27
99 27
100 7
101 2
102 6
103 23
104 7
105 14
106 23
107 2
108 2
109 2
110 7
111 7
112 2
113 2
114 2
115 2
116 4
117 2
118 2
119 2
120 3
121 16
122 7
123 7
124 2
125 2
126 7
127 7
128 2
129 2
130 7
131 2
132 7
133 2
134 6
135 7
136 7
137 7
138 6
139 2
140 7
141 2
142 7
143 2
144 2
145 2
146 2
147 2
148 7
149 2
150 2
151 6
152 2
153 2
154 3
155 7
156 7
157 6
158 2
159 3
160 6
161 4
162 23
163 2
164 7
165 23
166 14
167 2
168 6
169 3
170 7
171 2
172 16
173 11
174 2
175 16
176 2
177 11
178 16
179 6
180 16
181 6
182 3
183 3
184 3
185 3
186 3
187 3
188 23
189 3
190 3
191 27
192 3
193 3
194 3
195 25
196 5
197 7
198 7
199 3
200 7
201 2
202 6
203 3
204 3
205 7
206 7
207 6
208 4
209 4
210 6
211 7
212 3
213 3
214 3
215 3
216 23
217 21
218 23
219 3
220 23
221 3
222 2
223 6
224 3
225 2
226 7
227 6
228 27
229 4
230 4
231 4
232 7
233 8
234 4
235 4
236 4
237 5
238 4
239 2
240 8
241 14
242 2
243 4
244 4
245 4
246 4
247 8
248 4
249 4
250 16
251 17
252 7
253 2
254 4
255 4
256 23
257 7
258 14
259 2
260 25
261 4
262 14
263 25
264 14
265 4
266 16
267 27
268 4
269 4
270 4
271 4
272 4
273 7
274 1
275 4
276 7
277 4
278 4
279 4
280 7
281 23
282 7
283 7
284 4
285 4
286 4
287 4
288 7
289 7
290 6
291 7
292 7
293 4
294 4
295 6
296 4
297 7
298 27
299 27
300 7
301 3
302 7
303 18
304 7
305 18
306 6
307 7
308 6
309 7
310 7
311 18
312 7
313 7
314 7
315 7
316 7
317 7
318 7
319 7
320 7
321 7
322 2
323 2
324 17
325 25
326 2
327 3
328 2
329 2
330 2
331 2
332 2
333 2
334 7
335 26
336 2
337 2
338 7
339 2
340 7
341 3
342 23
343 23
344 4
345 3
346 7
347 21
348 4
349 23
350 7
351 3
352 7
353 4
354 7
355 4
356 3
357 3
358 4
359 4
360 4
361 7
362 8
363 2
364 7
365 4
366 7
367 23
368 7
369 7
370 3
371 3
372 3
373 7
374 8
375 7
376 7
377 7
378 3
379 7
380 7
381 7
382 7
383 6
384 7
385 7
386 7
387 7
388 5
389 5
390 7
391 6
392 6
393 24
394 5
395 7
396 5
397 7
398 18
399 8
400 7
401 8
402 7
403 7
404 7
405 7
406 7
407 6
408 7
409 5
410 7
411 6
412 7
413 7
414 7
415 5
416 7
417 5
418 6
419 7
420 5
421 7
422 7
423 6
424 7
425 4
426 7
427 4
428 7
429 7
430 7
431 4
432 18
433 4
434 7
435 4
436 25
437 7
438 23
439 8
440 7
441 7
442 7
443 6
444 25
445 25
446 7
447 8
448 7
449 8
450 4
451 4
452 7
453 4
454 7
455 7
456 7
457 7
458 7
459 7
460 7
461 7
462 7
463 7
464 7
465 7
466 25
467 7
468 23
469 7
470 7
471 8
472 8
473 8
474 7
475 8
476 8
477 7
478 8
479 8
480 8
481 8
482 7
483 6
484 7
485 7
486 7
487 7
488 7
489 7
490 7
491 7
492 7
493 7
494 7
495 7
496 7
497 7
498 7
499 7
500 7
501 7
502 7
503 7
504 7
505 8
506 7
507 7
508 7
509 7
510 7
511 7
512 6
513 7
514 7
515 8
516 7
517 8
518 7
519 7
520 7
521 18
522 8
523 23
524 7
525 23
526 23
527 8
528 23
529 7
530 23
531 7
532 6
533 8
534 7
535 7
536 7
537 8
538 7
539 7
540 8
541 25
542 7
543 7
544 7
545 7
546 7
547 7
548 7
549 9
550 7
551 9
552 9
553 27
554 2
555 2
556 2
557 9
558 9
559 9
560 9
561 9
562 6
563 23
564 9
565 9
566 9
567 7
568 9
569 7
570 9
571 9
572 7
573 7
574 7
575 7
576 7
577 7
578 7
579 7
580 7
581 7
582 9
583 7
584 6
585 9
586 8
587 9
588 9
589 7
590 9
591 10
592 2
593 16
594 2
595 11
596 10
597 11
598 10
599 3
600 9
601 10
602 2
603 10
604 10
605 10
606 10
607 10
608 10
609 10
610 10
611 10
612 9
613 9
614 9
615 10
616 5
617 7
618 7
619 7
620 3
621 7
622 2
623 7
624 8
625 11
626 11
627 7
628 2
629 11
630 23
631 11
632 11
633 7
634 2
635 2
636 1
637 7
638 11
639 11
640 2
641 2
642 7
643 8
644 7
645 7
646 7
647 7
648 7
649 7
650 7
651 6
652 7
653 7
654 7
655 7
656 7
657 11
658 7
659 6
660 7
661 6
662 7
663 6
664 7
665 8
666 7
667 7
668 7
669 7
670 6
671 7
672 11
673 7
674 11
675 6
676 11
677 11
678 14
679 23
680 11
681 5
682 7
683 2
684 7
685 18
686 11
687 0
688 18
689 7
690 2
691 2
692 8
693 6
694 7
695 7
696 7
697 6
698 6
699 23
700 7
701 25
702 3
703 2
704 2
705 2
706 2
707 2
708 2
709 2
710 2
711 9
712 7
713 7
714 7
715 7
716 7
717 24
718 7
719 7
720 13
721 7
722 7
723 7
724 6
725 6
726 6
727 6
728 6
729 6
730 6
731 6
732 6
733 6
734 7
735 6
736 6
737 7
738 6
739 7
740 18
741 18
742 7
743 7
744 12
745 7
746 4
747 12
748 25
749 7
750 12
751 12
752 3
753 2
754 1
755 23
756 8
757 3
758 3
759 2
760 3
761 2
762 8
763 11
764 12
765 12
766 6
767 2
768 25
769 25
770 12
771 12
772 12
773 25
774 12
775 12
776 12
777 12
778 12
779 12
780 12
781 25
782 4
783 6
784 19
785 25
786 12
787 7
788 7
789 25
790 6
791 25
792 7
793 6
794 6
795 7
796 7
797 23
798 6
799 7
800 7
801 25
802 5
803 12
804 25
805 2
806 12
807 12
808 12
809 12
810 2
811 2
812 6
813 2
814 2
815 23
816 25
817 23
818 12
819 2
820 25
821 2
822 7
823 6
824 6
825 7
826 18
827 6
828 6
829 6
830 6
831 6
832 2
833 7
834 25
835 23
836 25
837 21
838 11
839 13
840 13
841 2
842 7
843 7
844 6
845 7
846 7
847 6
848 26
849 26
850 6
851 6
852 6
853 7
854 7
855 6
856 6
857 12
858 6
859 7
860 12
861 18
862 6
863 6
864 6
865 0
866 6
867 6
868 14
869 6
870 6
871 6
872 6
873 16
874 7
875 7
876 6
877 6
878 7
879 6
880 26
881 6
882 21
883 4
884 16
885 2
886 2
887 25
888 12
889 4
890 4
891 23
892 7
893 6
894 6
895 6
896 6
897 6
898 6
899 7
900 7
901 6
902 12
903 12
904 12
905 12
906 12
907 25
908 12
909 12
910 12
911 7
912 12
913 12
914 2
915 12
916 14
917 12
918 8
919 12
920 23
921 2
922 7
923 12
924 6
925 12
926 12
927 12
928 6
929 7
930 13
931 16
932 6
933 7
934 25
935 4
936 4
937 7
938 13
939 25
940 25
941 12
942 13
943 2
944 12
945 13
946 12
947 12
948 12
949 2
950 12
951 12
952 6
953 13
954 13
955 12
956 13
957 7
958 4
959 2
960 12
961 7
962 6
963 12
964 4
965 4
966 25
967 23
968 4
969 7
970 14
971 14
972 14
973 6
974 23
975 6
976 7
977 14
978 4
979 7
980 14
981 4
982 14
983 14
984 14
985 16
986 25
987 6
988 7
989 0
990 7
991 2
992 4
993 25
994 16
995 4
996 14
997 25
998 4
999 0
1000 17
1001 21
1002 2
1003 14
1004 14
1005 14
1006 14
1007 6
1008 14
1009 14
1010 14
1011 14
1012 1
1013 0
1014 14
1015 14
1016 14
1017 2
1018 2
1019 25
1020 2
1021 0
1022 6
1023 6
1024 6
1025 4
1026 7
1027 6
1028 7
1029 2
1030 26
1031 2
1032 25
1033 14
1034 9
1035 9
1036 19
1037 3
1038 2
1039 14
1040 0
1041 18
1042 15
1043 6
1044 2
1045 0
1046 2
1047 2
1048 2
1049 15
1050 2
1051 2
1052 14
1053 14
1054 25
1055 4
1056 4
1057 4
1058 16
1059 2
1060 2
1061 2
1062 7
1063 6
1064 0
1065 1
1066 0
1067 2
1068 27
1069 6
1070 6
1071 7
1072 4
1073 4
1074 7
1075 6
1076 26
1077 6
1078 4
1079 4
1080 6
1081 7
1082 2
1083 0
1084 2
1085 26
1086 16
1087 0
1088 2
1089 11
1090 2
1091 2
1092 16
1093 18
1094 16
1095 16
1096 6
1097 6
1098 2
1099 10
1100 2
1101 0
1102 3
1103 3
1104 3
1105 0
1106 3
1107 6
1108 2
1109 2
1110 2
1111 2
1112 2
1113 14
1114 7
1115 4
1116 0
1117 4
1118 25
1119 25
1120 2
1121 4
1122 14
1123 25
1124 14
1125 14
1126 14
1127 4
1128 21
1129 25
1130 17
1131 4
1132 2
1133 14
1134 15
1135 25
1136 16
1137 2
1138 25
1139 25
1140 4
1141 2
1142 3
1143 4
1144 2
1145 4
1146 6
1147 7
1148 2
1149 3
1150 2
1151 2
1152 23
1153 4
1154 14
1155 25
1156 25
1157 14
1158 16
1159 6
1160 17
1161 25
1162 2
1163 16
1164 25
1165 16
1166 25
1167 7
1168 7
1169 4
1170 16
1171 4
1172 4
1173 0
1174 25
1175 4
1176 7
1177 4
1178 2
1179 8
1180 16
1181 25
1182 7
1183 16
1184 7
1185 7
1186 2
1187 16
1188 2
1189 16
1190 2
1191 2
1192 4
1193 6
1194 16
1195 1
1196 16
1197 16
1198 2
1199 6
1200 16
1201 1
1202 7
1203 2
1204 2
1205 7
1206 6
1207 4
1208 7
1209 6
1210 7
1211 7
1212 1
1213 7
1214 7
1215 6
1216 4
1217 2
1218 7
1219 6
1220 16
1221 6
1222 2
1223 25
1224 6
1225 2
1226 3
1227 7
1228 17
1229 6
1230 2
1231 4
1232 7
1233 2
1234 2
1235 2
1236 7
1237 7
1238 2
1239 7
1240 7
1241 2
1242 7
1243 7
1244 4
1245 7
1246 4
1247 7
1248 7
1249 7
1250 26
1251 7
1252 7
1253 6
1254 7
1255 0
1256 7
1257 7
1258 7
1259 1
1260 7
1261 0
1262 7
1263 12
1264 2
1265 7
1266 2
1267 3
1268 18
1269 6
1270 2
1271 4
1272 7
1273 2
1274 0
1275 7
1276 2
1277 18
1278 7
1279 6
1280 6
1281 7
1282 1
1283 2
1284 4
1285 2
1286 6
1287 0
1288 4
1289 7
1290 1
1291 7
1292 11
1293 1
1294 0
1295 6
1296 0
1297 1
1298 1
1299 7
1300 4
1301 6
1302 4
1303 4
1304 4
1305 4
1306 7
1307 6
1308 19
1309 19
1310 19
1311 16
1312 21
1313 19
1314 19
1315 25
1316 19
1317 19
1318 19
1319 19
1320 19
1321 19
1322 0
1323 2
1324 19
1325 6
1326 6
1327 0
1328 7
1329 7
1330 0
1331 2
1332 6
1333 7
1334 2
1335 0
1336 7
1337 7
1338 7
1339 20
1340 6
1341 1
1342 2
1343 0
1344 7
1345 7
1346 2
1347 6
1348 7
1349 0
1350 0
1351 7
1352 6
1353 7
1354 20
1355 2
1356 0
1357 0
1358 0
1359 7
1360 6
1361 20
1362 20
1363 13
1364 25
1365 15
1366 15
1367 21
1368 0
1369 16
1370 13
1371 7
1372 6
1373 6
1374 7
1375 7
1376 6
1377 7
1378 6
1379 7
1380 7
1381 6
1382 4
1383 2
1384 6
1385 7
1386 6
1387 7
1388 21
1389 7
1390 6
1391 7
1392 0
1393 3
1394 6
1395 6
1396 2
1397 2
1398 7
1399 4
1400 2
1401 7
1402 7
1403 7
1404 7
1405 7
1406 7
1407 7
1408 0
1409 7
1410 7
1411 7
1412 7
1413 7
1414 2
1415 7
1416 22
1417 2
1418 22
1419 22
1420 6
1421 4
1422 6
1423 7
1424 6
1425 7
1426 7
1427 26
1428 6
1429 7
1430 7
1431 18
1432 2
1433 2
1434 21
1435 2
1436 2
1437 2
1438 2
1439 2
1440 2
1441 2
1442 12
1443 3
1444 4
1445 7
1446 0
1447 4
1448 16
1449 16
1450 18
1451 16
1452 2
1453 26
1454 2
1455 2
1456 2
1457 3
1458 2
1459 2
1460 2
1461 6
1462 7
1463 6
1464 6
1465 7
1466 6
1467 18
1468 4
1469 7
1470 7
1471 6
1472 8
1473 6
1474 6
1475 4
1476 7
1477 25
1478 7
1479 8
1480 4
1481 8
1482 11
1483 21
1484 4
1485 25
1486 16
1487 16
1488 2
1489 18
1490 2
1491 1
1492 7
1493 0
1494 26
1495 7
1496 7
1497 6
1498 6
1499 7
1500 7
1501 7
1502 7
1503 7
1504 7
1505 7
1506 6
1507 6
1508 7
1509 7
1510 7
1511 6
1512 7
1513 7
1514 6
1515 6
1516 7
1517 7
1518 7
1519 7
1520 7
1521 7
1522 18
1523 26
1524 24
1525 23
1526 14
1527 21
1528 24
1529 26
1530 23
1531 16
1532 7
1533 7
1534 7
1535 17
1536 7
1537 23
1538 23
1539 25
1540 6
1541 23
1542 7
1543 16
1544 16
1545 23
1546 23
1547 23
1548 7
1549 7
1550 23
1551 6
1552 23
1553 7
1554 23
1555 5
1556 25
1557 25
1558 24
1559 26
1560 4
1561 8
1562 7
1563 7
1564 23
1565 23
1566 23
1567 7
1568 23
1569 23
1570 25
1571 14
1572 7
1573 26
1574 6
1575 6
1576 24
1577 23
1578 6
1579 7
1580 6
1581 6
1582 8
1583 25
1584 25
1585 6
1586 23
1587 25
1588 6
1589 25
1590 8
1591 5
1592 8
1593 14
1594 4
1595 23
1596 7
1597 3
1598 25
1599 23
1600 4
1601 14
1602 7
1603 6
1604 7
1605 26
1606 7
1607 6
1608 7
1609 7
1610 6
1611 6
1612 6
1613 6
1614 7
1615 6
1616 6
1617 7
1618 7
1619 6
1620 6
1621 6
1622 6
1623 7
1624 7
1625 7
1626 7
1627 7
1628 7
1629 6
1630 7
1631 7
1632 22
1633 26
1634 26
1635 26
1636 17
1637 26
1638 26
1639 21
1640 26
1641 26
1642 14
1643 16
1644 23
1645 21
1646 16
1647 27
1648 7
1649 27
1650 23
1651 23
1652 6
1653 6
1654 7
1655 7
1656 6
1657 6
1658 7
1659 7
1660 7
1661 7
1662 0
1663 0
1664 15
1665 15
1666 14
1667 4
