2 -1
3 -1
4 -1
5 -1
6 -1
7 -1
8 -1
9 -1
10 -1
11 -1
12 0
13 1
14 0
15 0
16 1
17 0
18 0
19 0
20 0
21 0
22 0
23 0
24 0
25 0
26 0
27 1
28 0
29 0
30 1
31 1
32 1
33 1
34 1
35 1
36 1
37 1
38 1
39 1
40 1
41 1
42 1
43 1
44 1
45 1
46 1
47 1
48 1
49 1
50 1
51 1
52 1
53 1
54 1
55 1
56 1
57 1
58 1
59 1
60 1
61 1
62 1
63 0
64 2
65 2
66 2
67 2
68 2
69 2
70 2
71 2
72 2
73 2
74 2
75 2
76 2
77 2
78 2
79 2
80 2
81 2
82 2
83 2
84 2
85 2
86 2
87 2
88 2
89 2
90 2
91 2
92 2
93 2
94 2
95 2
96 2
97 2
98 2
99 2
100 2
101 2
102 2
103 3
104 3
105 2
106 2
107 3
108 3
109 2
110 3
111 3
112 2
113 2
114 2
115 2
116 3
117 2
118 3
119 3
120 3
121 3
122 3
123 3
124 2
125 3
126 3
127 3
128 2
129 3
130 2
131 2
132 3
133 3
134 3
135 3
136 3
137 2
138 2
139 3
140 2
141 3
142 2
143 3
144 3
145 3
146 1
147 18
148 4
149 6
150 16
151 4
152 6
153 4
154 4
155 3
156 4
157 4
158 4
159 4
160 4
161 4
162 4
163 6
164 6
165 4
166 4
167 6
168 6
169 14
170 3
171 4
172 4
173 4
174 4
175 2
176 4
177 4
178 2
179 4
180 2
181 2
182 6
183 4
184 4
185 4
186 4
187 5
188 5
189 5
190 5
191 5
192 5
193 5
194 5
195 5
196 5
197 5
198 5
199 5
200 5
201 5
202 5
203 5
204 5
205 5
206 5
207 5
208 5
209 5
210 5
211 5
212 5
213 5
214 5
215 5
216 5
217 5
218 5
219 5
220 5
221 5
222 5
223 5
224 5
225 5
226 5
227 6
228 5
229 6
230 5
231 5
232 6
233 6
234 6
235 5
236 4
237 3
238 4
239 5
240 5
241 4
242 6
243 27
244 4
245 4
246 6
247 5
248 14
249 6
250 4
251 5
252 6
253 6
254 27
255 4
256 5
257 6
258 27
259 27
260 27
261 5
262 27
263 6
264 27
265 27
266 5
267 27
268 27
269 6
270 4
271 5
272 6
273 3
274 10
275 3
276 5
277 5
278 19
279 5
280 5
281 5
282 5
283 5
284 4
285 5
286 16
287 0
288 7
289 7
290 7
291 7
292 7
293 7
294 7
295 7
296 7
297 7
298 7
299 7
300 7
301 7
302 7
303 7
304 7
305 7
306 7
307 7
308 7
309 7
310 7
311 7
312 7
313 7
314 7
315 7
316 7
317 7
318 7
319 8
320 8
321 8
322 8
323 8
324 8
325 8
326 8
327 8
328 8
329 8
330 8
331 8
332 7
333 8
334 8
335 8
336 8
337 8
338 8
339 8
340 8
341 8
342 8
343 8
344 8
345 8
346 8
347 3
348 9
349 9
350 9
351 9
352 9
353 9
354 9
355 9
356 9
357 9
358 9
359 9
360 2
361 9
362 9
363 9
364 9
365 9
366 9
367 9
368 9
369 9
370 9
371 9
372 9
373 9
374 9
375 9
376 9
377 9
378 9
379 9
380 10
381 9
382 9
383 9
384 9
385 10
386 9
387 9
388 9
389 9
390 9
391 9
392 9
393 10
394 9
395 9
396 9
397 9
398 9
399 9
400 10
401 10
402 10
403 9
404 11
405 11
406 11
407 11
408 11
409 2
410 11
411 11
412 11
413 11
414 11
415 11
416 11
417 11
418 0
419 11
420 11
421 11
422 11
423 11
424 11
425 11
426 11
427 9
428 11
429 11
430 11
431 11
432 11
433 11
434 9
435 1
436 16
437 6
438 12
439 12
440 12
441 12
442 12
443 12
444 12
445 12
446 12
447 12
448 12
449 12
450 12
451 12
452 12
453 12
454 12
455 12
456 12
457 12
458 12
459 12
460 12
461 12
462 12
463 12
464 12
465 12
466 12
467 12
468 12
469 12
470 12
471 12
472 13
473 13
474 13
475 13
476 13
477 13
478 13
479 13
480 13
481 13
482 13
483 13
484 13
485 13
486 13
487 13
488 13
489 13
490 13
491 13
492 13
493 13
494 13
495 13
496 13
497 13
498 13
499 13
500 13
501 13
502 13
503 14
504 14
505 14
506 14
507 14
508 14
509 14
510 14
511 14
512 14
513 14
514 14
515 14
516 14
517 14
518 14
519 14
520 14
521 14
522 14
523 14
524 14
525 14
526 14
527 14
528 14
529 14
530 14
531 14
532 14
533 14
534 14
535 14
536 14
537 14
538 14
539 14
540 14
541 15
542 15
543 15
544 15
545 15
546 15
547 15
548 15
549 15
550 15
551 15
552 15
553 15
554 15
555 15
556 15
557 15
558 15
559 15
560 15
561 15
562 15
563 15
564 15
565 15
566 15
567 15
568 15
569 15
570 15
571 21
572 25
573 16
574 16
575 25
576 16
577 16
578 16
579 16
580 27
581 16
582 12
583 16
584 13
585 16
586 16
587 16
588 13
589 16
590 16
591 16
592 16
593 13
594 13
595 16
596 16
597 16
598 16
599 16
600 16
601 16
602 16
603 5
604 6
605 14
606 16
607 16
608 27
609 16
610 16
611 16
612 16
613 19
614 13
615 16
616 19
617 16
618 19
619 19
620 16
621 13
622 16
623 16
624 16
625 16
626 16
627 6
628 6
629 27
630 16
631 16
632 16
633 16
634 6
635 27
636 27
637 18
638 16
639 17
640 17
641 17
642 17
643 17
644 17
645 17
646 17
647 17
648 17
649 17
650 17
651 17
652 17
653 17
654 17
655 17
656 17
657 17
658 17
659 17
660 17
661 17
662 17
663 17
664 17
665 17
666 17
667 17
668 17
669 17
670 18
671 0
672 18
673 18
674 18
675 18
676 18
677 18
678 18
679 18
680 18
681 18
682 18
683 18
684 18
685 18
686 18
687 18
688 18
689 18
690 18
691 18
692 18
693 18
694 18
695 18
696 18
697 18
698 18
699 18
700 18
701 18
702 18
703 18
704 18
705 23
706 23
707 19
708 19
709 19
710 19
711 19
712 19
713 19
714 19
715 19
716 19
717 19
718 19
719 19
720 19
721 19
722 19
723 19
724 19
725 19
726 19
727 19
728 19
729 19
730 19
731 19
732 19
733 19
734 19
735 19
736 19
737 19
738 19
739 19
740 19
741 20
742 20
743 20
744 20
745 20
746 20
747 20
748 20
749 20
750 20
751 20
752 20
753 20
754 20
755 20
756 20
757 20
758 20
759 20
760 20
761 20
762 20
763 20
764 20
765 20
766 20
767 13
768 12
769 21
770 22
771 21
772 22
773 12
774 22
775 22
776 22
777 21
778 16
779 22
780 21
781 21
782 21
783 21
784 21
785 22
786 22
787 22
788 22
789 22
790 21
791 22
792 22
793 15
794 22
795 15
796 15
797 15
798 15
799 22
800 22
801 22
802 22
803 22
804 22
805 22
806 22
807 22
808 22
809 22
810 22
811 22
812 22
813 22
814 22
815 22
816 16
817 21
818 21
819 22
820 21
821 22
822 21
823 21
824 21
825 21
826 22
827 22
828 21
829 22
830 4
831 22
832 22
833 21
834 22
835 22
836 22
837 15
838 23
839 23
840 23
841 23
842 23
843 23
844 23
845 23
846 23
847 23
848 23
849 23
850 23
851 23
852 23
853 23
854 23
855 23
856 23
857 23
858 23
859 23
860 23
861 23
862 23
863 23
864 23
865 23
866 23
867 23
868 15
869 24
870 24
871 24
872 24
873 24
874 24
875 24
876 24
877 24
878 24
879 24
880 24
881 24
882 24
883 24
884 24
885 24
886 24
887 24
888 24
889 24
890 24
891 24
892 24
893 24
894 24
895 25
896 25
897 25
898 25
899 25
900 25
901 25
902 25
903 25
904 25
905 25
906 25
907 25
908 25
909 25
910 25
911 25
912 25
913 25
914 25
915 25
916 25
917 25
918 25
919 25
920 25
921 25
922 4
923 26
924 26
925 26
926 26
927 26
928 26
929 26
930 26
931 26
932 26
933 26
934 26
935 26
936 26
937 26
938 26
939 26
940 26
941 26
942 26
943 26
944 26
945 26
946 26
947 26
948 26
949 26
950 26
951 26
952 26
953 26
954 26
955 26
956 26
957 26
958 26
959 26
960 26
961 27
962 27
963 27
964 27
965 27
966 27
967 27
968 27
969 27
970 27
971 27
972 27
973 27
974 27
975 27
976 27
977 27
