2 0
3 0
4 0
5 0
6 0
7 0
8 0
9 0
10 0
11 0
12 0
13 0
14 0
15 0
16 0
17 0
18 0
19 0
20 0
21 0
22 0
23 0
24 0
25 1
26 1
27 1
28 1
29 1
30 1
31 1
32 1
33 1
34 1
35 1
36 1
37 1
38 1
39 1
40 1
41 1
42 1
43 1
44 1
45 7
46 1
47 7
48 2
49 2
50 2
51 2
52 2
53 2
54 2
55 2
56 2
57 2
58 2
59 2
60 2
61 2
62 2
63 2
64 2
65 2
66 2
67 2
68 2
69 2
70 2
71 2
72 2
73 2
74 2
75 2
76 2
77 2
78 2
79 2
80 2
81 2
82 2
83 2
84 3
85 2
86 2
87 2
88 2
89 2
90 2
91 2
92 2
93 2
94 2
95 2
96 2
97 3
98 2
99 2
100 2
101 2
102 2
103 2
104 2
105 4
106 4
107 4
108 4
109 4
110 4
111 2
112 4
113 2
114 4
115 -1
116 4
117 4
118 4
119 2
120 4
121 4
122 4
123 4
124 4
125 4
126 6
127 6
128 4
129 6
130 4
131 6
132 6
133 4
134 4
135 6
136 3
137 6
138 25
139 5
140 5
141 5
142 5
143 5
144 5
145 5
146 5
147 5
148 5
149 5
150 5
151 5
152 5
153 5
154 5
155 5
156 5
157 5
158 5
159 5
160 5
161 5
162 5
163 5
164 5
165 5
166 5
167 5
168 5
169 5
170 5
171 5
172 25
173 25
174 25
175 6
176 6
177 6
178 6
179 6
180 6
181 6
182 6
183 4
184 6
185 6
186 4
187 6
188 6
189 6
190 6
191 6
192 6
193 6
194 4
195 6
196 6
197 6
198 6
199 6
200 6
201 27
202 7
203 7
204 7
205 7
206 7
207 7
208 7
209 7
210 7
211 7
212 7
213 7
214 7
215 7
216 7
217 7
218 7
219 7
220 7
221 7
222 7
223 7
224 7
225 7
226 7
227 7
228 7
229 7
230 7
231 7
232 7
233 7
234 7
235 7
236 7
237 7
238 7
239 7
240 7
241 7
242 7
243 7
244 7
245 7
246 7
247 7
248 7
249 7
250 7
251 7
252 7
253 7
254 7
255 7
256 7
257 7
258 7
259 7
260 7
261 7
262 7
263 7
264 7
265 7
266 7
267 7
268 7
269 7
270 7
271 7
272 7
273 7
274 7
275 7
276 7
277 7
278 7
279 7
280 7
281 7
282 7
283 7
284 7
285 7
286 7
287 7
288 7
289 7
290 7
291 7
292 7
293 7
294 7
295 7
296 7
297 8
298 8
299 8
300 8
301 8
302 8
303 8
304 8
305 8
306 8
307 8
308 8
309 8
310 8
311 8
312 8
313 8
314 8
315 8
316 8
317 8
318 8
319 8
320 8
321 8
322 8
323 8
324 8
325 8
326 8
327 8
328 8
329 8
330 8
331 8
332 8
333 8
334 8
335 8
336 8
337 8
338 3
339 9
340 9
341 9
342 9
343 9
344 9
345 9
346 9
347 9
348 9
349 9
350 9
351 9
352 9
353 9
354 9
355 9
356 9
357 9
358 9
359 9
360 9
361 9
362 9
363 9
364 9
365 9
366 9
367 9
368 9
369 9
370 9
371 9
372 9
373 9
374 9
375 9
376 9
377 9
378 9
379 10
380 2
381 10
382 10
383 10
384 9
385 10
386 10
387 10
388 10
389 10
390 10
391 10
392 10
393 10
394 9
395 9
396 9
397 9
398 9
399 9
400 9
401 9
402 9
403 9
404 10
405 10
406 9
407 9
408 9
409 9
410 9
411 9
412 11
413 11
414 11
415 11
416 11
417 11
418 11
419 11
420 11
421 11
422 11
423 11
424 11
425 11
426 11
427 11
428 11
429 11
430 11
431 11
432 11
433 11
434 11
435 9
436 11
437 11
438 11
439 11
440 11
441 11
442 11
443 11
444 11
445 11
446 11
447 11
448 11
449 11
450 11
451 11
452 11
453 11
454 11
455 11
456 11
457 0
458 14
459 16
460 25
461 12
462 12
463 12
464 12
465 12
466 12
467 12
468 12
469 12
470 12
471 12
472 12
473 12
474 12
475 12
476 12
477 12
478 12
479 12
480 12
481 12
482 12
483 12
484 12
485 12
486 12
487 12
488 12
489 12
490 12
491 13
492 13
493 13
494 13
495 13
496 13
497 13
498 13
499 13
500 13
501 13
502 13
503 13
504 13
505 13
506 13
507 13
508 13
509 13
510 13
511 13
512 13
513 13
514 13
515 13
516 13
517 13
518 13
519 13
520 13
521 8
522 13
523 15
524 14
525 14
526 14
527 14
528 14
529 14
530 14
531 14
532 14
533 14
534 15
535 15
536 14
537 14
538 15
539 14
540 14
541 14
542 15
543 15
544 15
545 14
546 14
547 14
548 14
549 14
550 14
551 14
552 14
553 14
554 14
555 14
556 15
557 15
558 15
559 15
560 15
561 15
562 15
563 15
564 15
565 15
566 15
567 15
568 15
569 15
570 15
571 15
572 15
573 15
574 15
575 15
576 15
577 15
578 15
579 15
580 15
581 15
582 15
583 14
584 14
585 15
586 16
587 16
588 16
589 6
590 25
591 16
592 16
593 16
594 27
595 27
596 13
597 27
598 27
599 16
600 27
601 16
602 15
603 6
604 27
605 6
606 16
607 27
608 27
609 13
610 27
611 16
612 16
613 15
614 2
615 6
616 16
617 15
618 16
619 27
620 16
621 27
622 16
623 16
624 27
625 27
626 18
627 18
628 18
629 18
630 17
631 17
632 17
633 17
634 17
635 17
636 17
637 17
638 17
639 17
640 17
641 17
642 17
643 17
644 17
645 17
646 17
647 17
648 17
649 17
650 17
651 17
652 17
653 17
654 17
655 17
656 17
657 17
658 17
659 17
660 17
661 17
662 18
663 18
664 18
665 18
666 18
667 18
668 18
669 18
670 18
671 18
672 18
673 18
674 18
675 18
676 18
677 18
678 18
679 18
680 18
681 18
682 18
683 18
684 18
685 18
686 18
687 18
688 18
689 18
690 18
691 18
692 18
693 18
694 18
695 18
696 23
697 16
698 19
699 19
700 19
701 19
702 19
703 19
704 19
705 19
706 19
707 19
708 19
709 19
710 19
711 19
712 19
713 19
714 19
715 19
716 19
717 19
718 19
719 19
720 19
721 19
722 19
723 19
724 19
725 19
726 19
727 19
728 19
729 19
730 19
731 19
732 19
733 19
734 19
735 19
736 19
737 18
738 13
739 20
740 20
741 20
742 20
743 20
744 20
745 20
746 20
747 20
748 20
749 20
750 20
751 20
752 20
753 20
754 20
755 20
756 20
757 20
758 20
759 20
760 20
761 20
762 20
763 20
764 20
765 20
766 20
767 20
768 20
769 20
770 20
771 20
772 20
773 20
774 20
775 20
776 20
777 23
778 23
779 15
780 15
781 21
782 21
783 15
784 21
785 15
786 21
787 22
788 22
789 22
790 21
791 22
792 22
793 22
794 22
795 21
796 22
797 22
798 21
799 22
800 22
801 22
802 22
803 21
804 22
805 21
806 22
807 22
808 22
809 22
810 22
811 22
812 21
813 22
814 22
815 15
816 22
817 22
818 22
819 22
820 22
821 22
822 22
823 22
824 22
825 22
826 22
827 22
828 22
829 22
830 22
831 22
832 22
833 22
834 22
835 22
836 22
837 22
838 22
839 22
840 22
841 22
842 22
843 22
844 22
845 22
846 22
847 22
848 22
849 22
850 22
851 22
852 22
853 15
854 23
855 15
856 23
857 23
858 23
859 23
860 23
861 23
862 23
863 23
864 23
865 23
866 23
867 23
868 23
869 23
870 23
871 23
872 18
873 23
874 23
875 23
876 23
877 23
878 23
879 23
880 23
881 23
882 23
883 23
884 23
885 23
886 14
887 23
888 23
889 23
890 23
891 14
892 23
893 23
894 23
895 23
896 23
897 15
898 14
899 14
900 23
901 25
902 24
903 24
904 24
905 24
906 24
907 24
908 24
909 24
910 24
911 24
912 24
913 24
914 24
915 24
916 24
917 24
918 24
919 24
920 24
921 24
922 24
923 24
924 24
925 24
926 24
927 24
928 24
929 24
930 24
931 24
932 24
933 24
934 24
935 24
936 24
937 25
938 25
939 25
940 25
941 25
942 25
943 25
944 25
945 25
946 25
947 25
948 25
949 25
950 25
951 25
952 25
953 25
954 25
955 25
956 25
957 25
958 25
959 25
960 25
961 25
962 25
963 25
964 25
965 25
966 25
967 25
968 18
969 26
970 26
971 26
972 26
973 26
974 26
975 26
976 26
977 26
978 26
979 26
980 26
981 26
982 26
983 26
984 26
985 26
986 26
987 26
988 26
989 26
990 26
991 26
992 26
993 26
994 26
995 26
996 26
997 26
998 26
999 26
1000 26
1001 26
1002 26
1003 27
1004 27
1005 27
1006 27
1007 27
1008 27
1009 18
1010 27
1011 27
1012 18
1013 27
1014 27
1015 18
1016 18
