2 0
3 1
4 0
5 0
6 0
7 0
8 0
9 0
10 0
11 0
12 0
13 0
14 0
15 0
16 0
17 0
18 0
19 0
20 0
21 0
22 0
23 0
24 0
25 0
26 0
27 0
28 0
29 1
30 0
31 0
32 0
33 0
34 0
35 0
36 0
37 0
38 0
39 0
40 0
41 1
42 1
43 1
44 1
45 1
46 1
47 1
48 1
49 1
50 1
51 1
52 1
53 1
54 1
55 1
56 1
57 1
58 1
59 1
60 1
61 1
62 1
63 1
64 1
65 0
66 2
67 2
68 2
69 2
70 2
71 2
72 2
73 2
74 2
75 2
76 2
77 2
78 2
79 2
80 2
81 2
82 2
83 2
84 2
85 2
86 2
87 2
88 2
89 2
90 2
91 2
92 2
93 2
94 2
95 2
96 2
97 2
98 2
99 2
100 2
101 2
102 2
103 2
104 3
105 2
106 2
107 3
108 2
109 2
110 3
111 2
112 3
113 2
114 2
115 2
116 3
117 2
118 2
119 3
120 2
121 2
122 2
123 2
124 2
125 2
126 2
127 2
128 3
129 10
130 4
131 3
132 4
133 4
134 4
135 4
136 4
137 4
138 4
139 10
140 4
141 4
142 10
143 4
144 4
145 4
146 4
147 4
148 10
149 6
150 4
151 4
152 4
153 4
154 4
155 9
156 4
157 4
158 6
159 5
160 5
161 5
162 5
163 5
164 5
165 5
166 5
167 5
168 5
169 5
170 5
171 5
172 5
173 5
174 5
175 5
176 5
177 5
178 5
179 5
180 5
181 5
182 5
183 5
184 5
185 5
186 5
187 5
188 5
189 5
190 5
191 5
192 5
193 5
194 14
195 14
196 14
197 22
198 6
199 5
200 6
201 6
202 5
203 6
204 6
205 4
206 6
207 6
208 6
209 6
210 6
211 6
212 6
213 6
214 6
215 6
216 6
217 4
218 16
219 1
220 7
221 7
222 7
223 7
224 7
225 7
226 7
227 7
228 7
229 7
230 7
231 7
232 7
233 7
234 7
235 7
236 7
237 7
238 7
239 7
240 7
241 7
242 7
243 7
244 7
245 7
246 7
247 7
248 7
249 7
250 7
251 7
252 7
253 7
254 7
255 7
256 7
257 7
258 7
259 7
260 7
261 7
262 7
263 7
264 7
265 7
266 7
267 7
268 7
269 8
270 8
271 8
272 8
273 8
274 8
275 8
276 8
277 8
278 8
279 8
280 8
281 8
282 8
283 8
284 8
285 8
286 8
287 8
288 8
289 8
290 8
291 8
292 8
293 8
294 8
295 8
296 8
297 8
298 8
299 8
300 8
301 8
302 8
303 8
304 8
305 8
306 8
307 7
308 0
309 2
310 9
311 9
312 9
313 9
314 9
315 9
316 9
317 9
318 9
319 9
320 9
321 9
322 9
323 9
324 9
325 9
326 9
327 9
328 9
329 9
330 9
331 9
332 9
333 9
334 9
335 9
336 9
337 9
338 9
339 9
340 9
341 9
342 9
343 9
344 9
345 9
346 9
347 10
348 10
349 10
350 10
351 3
352 9
353 10
354 10
355 9
356 10
357 10
358 10
359 10
360 9
361 9
362 9
363 9
364 10
365 10
366 10
367 9
368 9
369 9
370 9
371 9
372 10
373 10
374 10
375 10
376 10
377 10
378 9
379 16
380 11
381 11
382 11
383 11
384 11
385 11
386 11
387 0
388 11
389 11
390 11
391 11
392 11
393 11
394 11
395 11
396 11
397 11
398 11
399 11
400 11
401 11
402 11
403 11
404 11
405 11
406 11
407 11
408 11
409 11
410 11
411 11
412 11
413 11
414 11
415 11
416 9
417 11
418 19
419 5
420 25
421 22
422 12
423 12
424 12
425 12
426 12
427 12
428 12
429 12
430 12
431 12
432 12
433 12
434 12
435 12
436 12
437 12
438 12
439 12
440 12
441 12
442 12
443 12
444 12
445 12
446 12
447 12
448 12
449 12
450 12
451 12
452 12
453 12
454 12
455 12
456 12
457 12
458 12
459 12
460 12
461 12
462 12
463 13
464 13
465 13
466 13
467 13
468 13
469 13
470 13
471 13
472 13
473 13
474 13
475 13
476 13
477 13
478 13
479 13
480 13
481 13
482 13
483 13
484 13
485 13
486 13
487 13
488 13
489 13
490 13
491 13
492 13
493 13
494 13
495 13
496 13
497 13
498 13
499 13
500 13
501 19
502 16
503 13
504 13
505 15
506 14
507 15
508 14
509 15
510 14
511 14
512 14
513 14
514 14
515 14
516 14
517 14
518 14
519 14
520 14
521 14
522 14
523 14
524 14
525 14
526 14
527 14
528 14
529 14
530 14
531 14
532 14
533 14
534 14
535 14
536 14
537 14
538 14
539 14
540 14
541 14
542 14
543 14
544 14
545 14
546 14
547 14
548 14
549 14
550 14
551 14
552 14
553 15
554 15
555 15
556 15
557 15
558 15
559 15
560 15
561 15
562 15
563 15
564 15
565 15
566 15
567 15
568 15
569 15
570 15
571 15
572 15
573 15
574 15
575 15
576 15
577 15
578 15
579 15
580 15
581 15
582 15
583 15
584 15
585 15
586 15
587 15
588 15
589 15
590 15
591 15
592 16
593 16
594 16
595 16
596 16
597 16
598 16
599 16
600 16
601 16
602 16
603 16
604 16
605 4
606 16
607 16
608 27
609 16
610 27
611 13
612 16
613 16
614 13
615 12
616 27
617 13
618 13
619 16
620 27
621 16
622 16
623 16
624 27
625 16
626 16
627 27
628 27
629 13
630 13
631 19
632 16
633 18
634 18
635 18
636 0
637 2
638 3
639 2
640 17
641 17
642 17
643 17
644 17
645 17
646 17
647 17
648 17
649 17
650 17
651 17
652 17
653 17
654 17
655 17
656 17
657 17
658 17
659 17
660 17
661 17
662 17
663 17
664 17
665 17
666 17
667 17
668 17
669 17
670 17
671 17
672 17
673 17
674 17
675 17
676 17
677 17
678 17
679 17
680 17
681 17
682 17
683 18
684 18
685 18
686 18
687 18
688 18
689 18
690 18
691 18
692 18
693 18
694 18
695 18
696 18
697 18
698 18
699 18
700 18
701 18
702 18
703 18
704 18
705 18
706 18
707 18
708 18
709 18
710 18
711 18
712 18
713 18
714 18
715 18
716 18
717 18
718 18
719 18
720 18
721 18
722 18
723 18
724 18
725 18
726 18
727 18
728 18
729 23
730 18
731 20
732 19
733 19
734 19
735 19
736 19
737 19
738 19
739 19
740 19
741 19
742 19
743 19
744 19
745 19
746 19
747 19
748 19
749 19
750 19
751 19
752 19
753 19
754 19
755 19
756 19
757 19
758 19
759 19
760 19
761 19
762 19
763 19
764 19
765 20
766 20
767 20
768 20
769 20
770 20
771 20
772 20
773 20
774 20
775 20
776 20
777 20
778 20
779 20
780 20
781 20
782 20
783 20
784 20
785 20
786 20
787 20
788 20
789 20
790 20
791 20
792 20
793 16
794 7
795 16
796 4
797 23
798 22
799 22
800 22
801 22
802 22
803 22
804 22
805 22
806 22
807 22
808 22
809 22
810 22
811 22
812 22
813 22
814 22
815 22
816 22
817 22
818 22
819 22
820 22
821 22
822 22
823 22
824 22
825 22
826 22
827 22
828 22
829 22
830 22
831 22
832 22
833 22
834 21
835 21
836 22
837 22
838 21
839 22
840 22
841 21
842 22
843 21
844 21
845 22
846 22
847 22
848 22
849 21
850 21
851 21
852 22
853 22
854 22
855 22
856 22
857 22
858 22
859 22
860 22
861 22
862 22
863 22
864 22
865 22
866 22
867 22
868 22
869 22
870 22
871 22
872 22
873 22
874 13
875 15
876 14
877 23
878 23
879 23
880 23
881 23
882 23
883 23
884 23
885 23
886 23
887 23
888 23
889 23
890 23
891 23
892 23
893 23
894 23
895 23
896 23
897 23
898 23
899 23
900 23
901 23
902 23
903 12
904 15
905 0
906 0
907 0
908 24
909 24
910 24
911 24
912 24
913 24
914 24
915 24
916 24
917 24
918 24
919 24
920 24
921 24
922 24
923 24
924 24
925 24
926 24
927 24
928 24
929 24
930 24
931 24
932 24
933 24
934 24
935 24
936 24
937 24
938 24
939 24
940 24
941 24
942 24
943 24
944 25
945 25
946 25
947 25
948 25
949 25
950 25
951 25
952 25
953 25
954 25
955 25
956 25
957 25
958 25
959 5
960 25
961 25
962 25
963 25
964 25
965 25
966 25
967 25
968 25
969 25
970 25
971 25
972 25
973 25
974 25
975 21
976 26
977 26
978 26
979 26
980 26
981 26
982 26
983 26
984 26
985 26
986 26
987 26
988 26
989 26
990 26
991 26
992 26
993 26
994 26
995 26
996 26
997 26
998 26
999 26
1000 26
1001 26
1002 26
1003 26
1004 26
1005 26
1006 26
1007 26
1008 18
1009 18
1010 18
1011 27
1012 18
1013 18
1014 18
1015 18
1016 27
1017 18
1018 18
1019 0
1020 18
1021 18
1022 18
1023 18
1024 16
1025 18
1026 18
1027 26
1028 18
