2 0
3 0
4 1
5 0
6 18
7 0
8 0
9 0
10 0
11 0
12 0
13 1
14 0
15 0
16 0
17 0
18 0
19 0
20 0
21 0
22 0
23 0
24 0
25 0
26 0
27 0
28 0
29 0
30 0
31 0
32 0
33 0
34 0
35 0
36 0
37 0
38 0
39 0
40 0
41 0
42 0
43 0
44 0
45 0
46 0
47 0
48 0
49 0
50 0
51 0
52 1
53 1
54 1
55 1
56 1
57 1
58 1
59 1
60 1
61 1
62 1
63 1
64 1
65 1
66 1
67 1
68 1
69 1
70 1
71 1
72 1
73 1
74 8
75 1
76 1
77 1
78 1
79 1
80 0
81 0
82 3
83 2
84 2
85 2
86 2
87 2
88 3
89 2
90 3
91 2
92 2
93 2
94 2
95 2
96 2
97 2
98 2
99 2
100 2
101 2
102 2
103 2
104 2
105 2
106 2
107 2
108 2
109 2
110 2
111 2
112 2
113 2
114 2
115 2
116 2
117 2
118 2
119 2
120 2
121 2
122 2
123 2
124 2
125 2
126 2
127 2
128 2
129 2
130 2
131 2
132 2
133 2
134 2
135 2
136 2
137 2
138 2
139 2
140 2
141 2
142 2
143 2
144 2
145 2
146 2
147 2
148 2
149 2
150 2
151 2
152 2
153 2
154 2
155 2
156 2
157 2
158 2
159 2
160 2
161 2
162 2
163 2
164 2
165 2
166 2
167 2
168 2
169 2
170 2
171 2
172 2
173 2
174 2
175 2
176 2
177 2
178 2
179 2
180 2
181 2
182 2
183 3
184 3
185 3
186 3
187 3
188 3
189 3
190 3
191 3
192 3
193 3
194 3
195 3
196 3
197 3
198 3
199 2
200 3
201 3
202 3
203 3
204 3
205 2
206 3
207 3
208 2
209 2
210 2
211 2
212 9
213 4
214 4
215 4
216 4
217 4
218 3
219 27
220 6
221 16
222 4
223 3
224 27
225 3
226 3
227 4
228 4
229 3
230 6
231 6
232 4
233 6
234 4
235 27
236 6
237 4
238 3
239 6
240 3
241 4
242 4
243 27
244 4
245 5
246 27
247 27
248 5
249 5
250 5
251 4
252 10
253 5
254 4
255 5
256 10
257 5
258 5
259 5
260 4
261 5
262 5
263 5
264 5
265 5
266 5
267 10
268 5
269 10
270 10
271 10
272 5
273 5
274 10
275 10
276 10
277 10
278 4
279 5
280 5
281 5
282 5
283 5
284 0
285 5
286 27
287 26
288 18
289 27
290 27
291 10
292 18
293 27
294 27
295 27
296 16
297 27
298 27
299 27
300 13
301 6
302 0
303 6
304 10
305 10
306 26
307 26
308 26
309 27
310 10
311 5
312 10
313 5
314 10
315 27
316 10
317 10
318 6
319 6
320 10
321 4
322 4
323 6
324 2
325 10
326 10
327 2
328 10
329 0
330 6
331 10
332 1
333 0
334 3
335 0
336 0
337 7
338 7
339 7
340 7
341 7
342 7
343 7
344 7
345 3
346 7
347 7
348 7
349 7
350 7
351 7
352 1
353 7
354 7
355 7
356 7
357 1
358 3
359 7
360 3
361 7
362 7
363 7
364 7
365 1
366 7
367 7
368 7
369 7
370 7
371 7
372 7
373 7
374 7
375 7
376 7
377 7
378 7
379 7
380 7
381 7
382 8
383 8
384 8
385 8
386 8
387 8
388 8
389 8
390 8
391 8
392 8
393 8
394 8
395 8
396 8
397 8
398 8
399 8
400 8
401 8
402 8
403 8
404 8
405 8
406 8
407 8
408 8
409 8
410 8
411 8
412 8
413 8
414 9
415 9
416 9
417 9
418 9
419 9
420 9
421 9
422 9
423 9
424 9
425 9
426 9
427 9
428 9
429 9
430 9
431 9
432 9
433 9
434 9
435 9
436 9
437 9
438 9
439 9
440 9
441 9
442 9
443 9
444 9
445 9
446 10
447 3
448 3
449 10
450 3
451 10
452 10
453 10
454 3
455 10
456 3
457 10
458 3
459 10
460 10
461 10
462 10
463 3
464 10
465 10
466 10
467 10
468 10
469 10
470 3
471 10
472 10
473 10
474 10
475 10
476 10
477 10
478 16
479 11
480 9
481 9
482 9
483 11
484 9
485 9
486 9
487 3
488 9
489 9
490 11
491 11
492 9
493 9
494 9
495 9
496 9
497 9
498 9
499 9
500 9
501 9
502 11
503 9
504 10
505 0
506 18
507 18
508 0
509 25
510 12
511 12
512 12
513 12
514 12
515 12
516 12
517 12
518 12
519 12
520 12
521 12
522 12
523 12
524 12
525 12
526 12
527 12
528 12
529 12
530 12
531 12
532 12
533 12
534 12
535 12
536 12
537 12
538 12
539 12
540 12
541 12
542 12
543 12
544 13
545 13
546 13
547 13
548 13
549 13
550 13
551 13
552 13
553 13
554 13
555 13
556 13
557 13
558 13
559 13
560 13
561 13
562 13
563 12
564 13
565 13
566 13
567 13
568 13
569 12
570 16
571 14
572 14
573 14
574 14
575 14
576 14
577 14
578 14
579 14
580 14
581 14
582 14
583 14
584 14
585 14
586 14
587 14
588 14
589 14
590 14
591 14
592 14
593 14
594 14
595 14
596 14
597 14
598 14
599 14
600 14
601 15
602 15
603 15
604 15
605 13
606 15
607 15
608 15
609 15
610 15
611 15
612 15
613 15
614 15
615 15
616 15
617 15
618 15
619 15
620 19
621 15
622 15
623 15
624 15
625 15
626 15
627 15
628 15
629 15
630 14
631 16
632 16
633 16
634 16
635 16
636 16
637 16
638 16
639 16
640 16
641 16
642 16
643 16
644 16
645 5
646 16
647 5
648 5
649 5
650 5
651 5
652 5
653 6
654 16
655 14
656 16
657 5
658 5
659 16
660 16
661 16
662 16
663 16
664 16
665 5
666 16
667 5
668 5
669 5
670 5
671 16
672 5
673 5
674 16
675 18
676 17
677 17
678 27
679 17
680 17
681 17
682 17
683 17
684 17
685 18
686 17
687 18
688 17
689 18
690 17
691 17
692 17
693 18
694 17
695 17
696 17
697 17
698 17
699 17
700 17
701 17
702 17
703 17
704 17
705 18
706 17
707 17
708 17
709 17
710 17
711 17
712 18
713 18
714 18
715 18
716 18
717 18
718 18
719 18
720 18
721 18
722 18
723 18
724 18
725 18
726 18
727 18
728 18
729 18
730 18
731 18
732 18
733 18
734 18
735 18
736 18
737 18
738 4
739 19
740 19
741 19
742 19
743 19
744 19
745 19
746 19
747 19
748 19
749 19
750 19
751 19
752 19
753 19
754 19
755 19
756 19
757 19
758 19
759 19
760 19
761 19
762 19
763 19
764 19
765 19
766 19
767 19
768 19
769 19
770 19
771 20
772 20
773 20
774 20
775 20
776 20
777 20
778 20
779 20
780 20
781 20
782 20
783 20
784 20
785 20
786 20
787 20
788 20
789 20
790 19
791 14
792 14
793 15
794 15
795 12
796 15
797 21
798 21
799 15
800 21
801 14
802 21
803 21
804 12
805 21
806 21
807 12
808 14
809 21
810 21
811 21
812 14
813 14
814 21
815 14
816 14
817 14
818 14
819 21
820 21
821 21
822 14
823 14
824 15
825 22
826 22
827 22
828 22
829 22
830 22
831 22
832 22
833 22
834 15
835 15
836 15
837 22
838 22
839 22
840 22
841 22
842 21
843 15
844 13
845 16
846 23
847 23
848 23
849 15
850 15
851 15
852 23
853 15
854 15
855 15
856 15
857 15
858 15
859 15
860 15
861 15
862 15
863 15
864 15
865 15
866 15
867 15
868 15
869 15
870 15
871 15
872 23
873 15
874 15
875 23
876 15
877 15
878 12
879 14
880 15
881 18
882 26
883 26
884 18
885 24
886 24
887 24
888 24
889 24
890 15
891 24
892 24
893 24
894 24
895 24
896 24
897 24
898 24
899 24
900 24
901 24
902 24
903 24
904 24
905 24
906 24
907 24
908 24
909 24
910 24
911 24
912 24
913 24
914 24
915 24
916 24
917 24
918 24
919 24
920 25
921 25
922 5
923 5
924 25
925 24
926 20
927 25
928 25
929 25
930 25
931 25
932 25
933 25
934 25
935 25
936 25
937 25
938 25
939 25
940 25
941 25
942 25
943 25
944 25
945 25
946 18
947 18
948 18
949 18
950 26
951 18
952 24
953 26
954 18
955 26
956 3
957 26
958 26
959 26
960 26
961 26
962 26
963 26
964 26
965 26
966 26
967 26
968 26
969 26
970 26
971 26
972 26
973 26
974 26
975 26
976 26
977 26
978 26
979 26
980 26
981 26
982 26
983 26
984 26
985 27
986 18
987 27
988 27
989 27
990 27
991 27
992 27
993 27
994 27
995 27
996 27
997 27
998 27
