2 7
3 7
4 3
5 0
6 0
7 0
8 0
9 3
10 0
11 0
12 0
13 0
14 16
15 0
16 0
17 0
18 0
19 0
20 0
21 0
22 0
23 16
24 0
25 0
26 0
27 0
28 0
29 7
30 0
31 0
32 0
33 7
34 0
35 0
36 3
37 0
38 0
39 0
40 0
41 0
42 0
43 0
44 0
45 0
46 0
47 3
48 7
49 0
50 0
51 1
52 7
53 1
54 0
55 7
56 7
57 1
58 1
59 7
60 7
61 1
62 1
63 7
64 1
65 1
66 7
67 0
68 0
69 0
70 7
71 0
72 0
73 3
74 3
75 3
76 3
77 0
78 0
79 3
80 4
81 7
82 3
83 3
84 3
85 2
86 2
87 3
88 3
89 3
90 3
91 27
92 3
93 2
94 3
95 3
96 3
97 9
98 3
99 3
100 3
101 2
102 3
103 3
104 3
105 9
106 10
107 3
108 9
109 3
110 10
111 2
112 3
113 10
114 9
115 9
116 9
117 9
118 2
119 3
120 2
121 2
122 2
123 3
124 2
125 2
126 2
127 2
128 2
129 3
130 2
131 6
132 2
133 2
134 2
135 2
136 2
137 2
138 2
139 2
140 2
141 3
142 2
143 2
144 3
145 2
146 3
147 3
148 2
149 3
150 2
151 3
152 2
153 2
154 2
155 16
156 27
157 16
158 4
159 10
160 3
161 16
162 27
163 27
164 2
165 21
166 2
167 2
168 3
169 2
170 2
171 2
172 2
173 4
174 3
175 3
176 16
177 2
178 3
179 3
180 3
181 4
182 3
183 3
184 3
185 3
186 3
187 3
188 3
189 3
190 9
191 4
192 4
193 16
194 27
195 27
196 4
197 16
198 4
199 27
200 16
201 10
202 3
203 3
204 4
205 6
206 2
207 3
208 7
209 6
210 3
211 4
212 4
213 4
214 4
215 4
216 4
217 4
218 4
219 4
220 4
221 4
222 3
223 2
224 27
225 2
226 2
227 2
228 2
229 2
230 27
231 2
232 14
233 27
234 16
235 2
236 27
237 0
238 4
239 16
240 19
241 5
242 5
243 5
244 5
245 25
246 5
247 5
248 5
249 5
250 5
251 5
252 5
253 5
254 5
255 5
256 5
257 5
258 5
259 5
260 5
261 5
262 5
263 5
264 5
265 5
266 5
267 5
268 5
269 5
270 5
271 5
272 5
273 5
274 5
275 5
276 5
277 5
278 5
279 5
280 18
281 4
282 25
283 26
284 18
285 27
286 25
287 4
288 5
289 3
290 26
291 10
292 1
293 27
294 0
295 2
296 27
297 18
298 4
299 27
300 27
301 6
302 13
303 16
304 25
305 25
306 25
307 27
308 3
309 2
310 10
311 3
312 25
313 1
314 1
315 18
316 3
317 12
318 9
319 3
320 18
321 27
322 2
323 2
324 20
325 18
326 14
327 2
328 2
329 18
330 18
331 2
332 2
333 18
334 3
335 27
336 1
337 23
338 4
339 4
340 3
341 2
342 18
343 18
344 6
345 18
346 10
347 0
348 6
349 0
350 18
351 21
352 18
353 9
354 23
355 18
356 18
357 4
358 23
359 4
360 18
361 18
362 22
363 2
364 16
365 6
366 14
367 6
368 16
369 6
370 6
371 14
372 3
373 3
374 2
375 3
376 3
377 3
378 3
379 3
380 3
381 3
382 3
383 3
384 3
385 2
386 2
387 3
388 3
389 2
390 1
391 18
392 2
393 0
394 7
395 18
396 2
397 2
398 17
399 2
400 2
401 17
402 9
403 10
404 2
405 27
406 27
407 25
408 27
409 3
410 2
411 17
412 2
413 2
414 27
415 5
416 27
417 4
418 7
419 4
420 4
421 4
422 4
423 4
424 4
425 4
426 5
427 4
428 4
429 4
430 7
431 4
432 4
433 4
434 18
435 4
436 4
437 4
438 4
439 4
440 7
441 7
442 0
443 1
444 4
445 4
446 18
447 27
448 8
449 4
450 0
451 27
452 25
453 4
454 5
455 4
456 4
457 4
458 27
459 4
460 14
461 25
462 27
463 4
464 5
465 4
466 4
467 26
468 4
469 26
470 15
471 27
472 27
473 27
474 27
475 27
476 26
477 27
478 27
479 27
480 27
481 27
482 27
483 27
484 27
485 27
486 27
487 27
488 27
489 27
490 27
491 27
492 26
493 4
494 4
495 4
496 4
497 4
498 4
499 4
500 16
501 4
502 27
503 27
504 27
505 27
506 18
507 21
508 27
509 27
510 27
511 27
512 16
513 4
514 16
515 16
516 16
517 14
518 6
519 6
520 4
521 4
522 6
523 6
524 16
525 4
526 6
527 14
528 6
529 16
530 3
531 27
532 4
533 4
534 4
535 4
536 16
537 1
538 7
539 8
540 7
541 7
542 7
543 7
544 8
545 7
546 8
547 7
548 7
549 7
550 8
551 7
552 8
553 2
554 3
555 2
556 2
557 2
558 3
559 2
560 2
561 1
562 16
563 7
564 7
565 1
566 7
567 7
568 7
569 7
570 7
571 7
572 7
573 7
574 8
575 7
576 8
577 8
578 8
579 8
580 7
581 8
582 8
583 8
584 8
585 8
586 8
587 8
588 8
589 8
590 8
591 8
592 7
593 7
594 7
595 8
596 7
597 7
598 8
599 8
600 7
601 8
602 7
603 7
604 7
605 7
606 7
607 7
608 7
609 7
610 7
611 7
612 0
613 7
614 7
615 7
616 0
617 0
618 0
619 0
620 11
621 11
622 11
623 11
624 13
625 13
626 0
627 19
628 0
629 6
630 0
631 0
632 9
633 0
634 0
635 16
636 0
637 18
638 19
639 10
640 5
641 10
642 0
643 10
644 0
645 0
646 0
647 0
648 0
649 0
650 0
651 0
652 0
653 0
654 0
655 0
656 5
657 19
658 19
659 19
660 0
661 19
662 0
663 0
664 5
665 16
666 19
667 5
668 19
669 19
670 19
671 19
672 13
673 19
674 14
675 2
676 19
677 11
678 27
679 19
680 5
681 19
682 19
683 5
684 5
685 5
686 5
687 5
688 19
689 0
690 1
691 5
692 19
693 18
694 27
695 19
696 19
697 19
698 5
699 5
700 27
701 1
702 5
703 0
704 19
705 0
706 5
707 19
708 5
709 5
710 5
711 19
712 5
713 0
714 5
715 0
716 0
717 18
718 10
719 1
720 10
721 10
722 19
723 10
724 10
725 19
726 19
727 5
728 13
729 12
730 5
731 19
732 18
733 19
734 0
735 5
736 18
737 19
738 19
739 19
740 10
741 5
742 5
743 10
744 10
745 10
746 18
747 10
748 5
749 5
750 5
751 5
752 18
753 19
754 19
755 19
756 0
757 0
758 19
759 0
760 11
761 2
762 0
763 1
764 16
765 11
766 9
767 9
768 9
769 19
770 19
771 5
772 19
773 19
774 19
775 19
776 19
777 19
778 19
779 19
780 19
781 19
782 19
783 19
784 19
785 19
786 19
787 10
788 19
789 10
790 19
791 2
792 19
793 19
794 0
795 10
796 19
797 19
798 1
799 0
800 13
801 19
802 19
803 19
804 19
805 19
806 19
807 19
808 0
809 13
810 0
811 19
812 0
813 19
814 5
815 5
816 5
817 5
818 5
819 5
820 5
821 5
822 5
823 5
824 5
825 5
826 5
827 5
828 5
829 5
830 5
831 5
832 5
833 5
834 5
835 5
836 10
837 5
838 5
839 5
840 5
841 5
842 10
843 5
844 5
845 5
846 5
847 19
848 12
849 2
850 11
851 3
852 16
853 11
854 2
855 11
856 2
857 11
858 2
859 3
860 3
861 3
862 3
863 2
864 3
865 16
866 3
867 3
868 3
869 16
870 3
871 3
872 2
873 3
874 3
875 11
876 2
877 2
878 19
879 19
880 19
881 0
882 0
883 0
884 0
885 0
886 0
887 0
888 27
889 25
890 25
891 24
892 12
893 25
894 25
895 5
896 12
897 6
898 24
899 12
900 12
901 12
902 12
903 6
904 12
905 12
906 12
907 6
908 12
909 12
910 12
911 12
912 12
913 12
914 12
915 12
916 12
917 12
918 12
919 12
920 13
921 12
922 5
923 12
924 7
925 12
926 12
927 12
928 6
929 13
930 12
931 24
932 24
933 13
934 13
935 12
936 24
937 13
938 24
939 13
940 24
941 24
942 24
943 24
944 13
945 12
946 2
947 13
948 13
949 13
950 12
951 24
952 24
953 12
954 24
955 14
956 14
957 14
958 14
959 14
960 14
961 14
962 14
963 14
964 14
965 14
966 14
967 14
968 14
969 14
970 14
971 14
972 14
973 14
974 14
975 14
976 14
977 14
978 14
979 14
980 14
981 14
982 14
983 15
984 15
985 15
986 15
987 14
988 15
989 15
990 15
991 15
992 15
993 15
994 15
995 15
996 15
997 15
998 15
999 15
1000 15
1001 15
1002 15
1003 15
1004 15
1005 14
1006 14
1007 15
1008 16
1009 16
1010 14
1011 13
1012 16
1013 16
1014 16
1015 16
1016 13
1017 16
1018 16
1019 16
1020 16
1021 16
1022 16
1023 16
1024 16
1025 16
1026 16
1027 16
1028 16
1029 16
1030 13
1031 16
1032 16
1033 16
1034 13
1035 16
1036 13
1037 16
1038 16
1039 14
1040 16
1041 4
1042 4
1043 13
1044 16
1045 13
1046 16
1047 14
1048 23
1049 13
1050 13
1051 16
1052 16
1053 16
1054 13
1055 16
1056 16
1057 16
1058 16
1059 13
1060 16
1061 13
1062 13
1063 13
1064 13
1065 16
1066 23
1067 13
1068 13
1069 16
1070 16
1071 16
1072 5
1073 27
1074 16
1075 13
1076 16
1077 23
1078 14
1079 15
1080 18
1081 18
1082 17
1083 18
1084 17
1085 17
1086 17
1087 17
1088 17
1089 17
1090 18
1091 17
1092 18
1093 18
1094 18
1095 18
1096 17
1097 17
1098 18
1099 17
1100 17
1101 17
1102 17
1103 18
1104 18
1105 18
1106 18
1107 17
1108 18
1109 18
1110 18
1111 18
1112 17
1113 18
1114 18
1115 18
1116 18
1117 18
1118 18
1119 18
1120 18
1121 18
1122 18
1123 18
1124 18
1125 18
1126 18
1127 18
1128 18
1129 18
1130 18
1131 18
1132 18
1133 18
1134 18
1135 18
1136 18
1137 18
1138 18
1139 18
1140 18
1141 18
1142 18
1143 18
1144 18
1145 18
1146 0
1147 4
1148 25
1149 5
1150 5
1151 24
1152 19
1153 19
1154 19
1155 15
1156 19
1157 19
1158 19
1159 19
1160 5
1161 19
1162 19
1163 19
1164 19
1165 19
1166 19
1167 19
1168 19
1169 19
1170 19
1171 19
1172 19
1173 19
1174 19
1175 19
1176 19
1177 5
1178 5
1179 19
1180 25
1181 19
1182 24
1183 25
1184 24
1185 19
1186 19
1187 20
1188 19
1189 19
1190 19
1191 19
1192 19
1193 19
1194 19
1195 24
1196 19
1197 5
1198 5
1199 19
1200 19
1201 19
1202 27
1203 15
1204 26
1205 27
1206 27
1207 16
1208 18
1209 27
1210 27
1211 27
1212 5
1213 15
1214 15
1215 19
1216 5
1217 24
1218 15
1219 19
1220 25
1221 5
1222 25
1223 15
1224 15
1225 27
1226 15
1227 15
1228 15
1229 14
1230 14
1231 21
1232 27
1233 0
1234 14
1235 27
1236 27
1237 27
1238 16
1239 24
1240 16
1241 16
1242 14
1243 15
1244 15
1245 14
1246 14
1247 9
1248 15
1249 27
1250 22
1251 14
1252 14
1253 14
1254 14
1255 14
1256 21
1257 21
1258 21
1259 14
1260 14
1261 14
1262 27
1263 27
1264 27
1265 27
1266 27
1267 27
1268 18
1269 27
1270 27
1271 27
1272 14
1273 24
1274 14
1275 21
1276 21
1277 15
1278 21
1279 27
1280 15
1281 12
1282 14
1283 3
1284 12
1285 15
1286 15
1287 15
1288 15
1289 16
1290 14
1291 15
1292 18
1293 12
1294 14
1295 14
1296 23
1297 16
1298 15
1299 15
1300 22
1301 8
1302 15
1303 12
1304 15
1305 2
1306 12
1307 14
1308 15
1309 23
1310 15
1311 15
1312 16
1313 18
1314 14
1315 15
1316 15
1317 14
1318 15
1319 22
1320 14
1321 22
1322 14
1323 14
1324 4
1325 16
1326 23
1327 14
1328 22
1329 22
1330 15
1331 4
1332 5
1333 18
1334 25
1335 22
1336 6
1337 14
1338 0
1339 16
1340 23
1341 1
1342 3
1343 14
1344 23
1345 23
1346 1
1347 23
1348 16
1349 18
1350 2
1351 2
1352 18
1353 26
1354 18
1355 24
1356 24
1357 24
1358 18
1359 26
1360 26
1361 5
1362 26
1363 26
1364 26
1365 13
1366 2
1367 13
1368 26
1369 2
1370 2
1371 26
1372 24
1373 24
1374 24
1375 24
1376 26
1377 26
1378 26
1379 24
1380 4
1381 24
1382 13
1383 15
1384 2
1385 15
1386 15
1387 1
1388 14
1389 14
1390 14
1391 25
1392 25
1393 25
1394 25
1395 25
1396 25
1397 25
1398 25
1399 25
1400 25
1401 4
1402 4
1403 25
1404 25
1405 22
1406 8
1407 25
1408 25
1409 16
1410 25
1411 4
1412 4
1413 0
1414 22
1415 27
1416 2
1417 2
1418 4
1419 4
1420 27
1421 14
1422 21
1423 21
1424 21
1425 0
1426 19
1427 4
1428 6
1429 27
1430 0
1431 0
1432 14
1433 0
1434 0
1435 6
1436 6
1437 4
1438 6
1439 13
1440 26
1441 26
1442 27
1443 6
1444 0
1445 3
1446 0
1447 27
1448 18
1449 25
1450 26
1451 6
1452 18
1453 27
1454 5
1455 23
1456 5
1457 27
1458 2
1459 27
1460 18
1461 27
1462 27
1463 6
1464 6
1465 14
1466 2
1467 4
1468 5
1469 27
1470 27
1471 12
1472 27
1473 27
1474 6
1475 27
1476 6
1477 27
1478 27
1479 9
1480 16
1481 3
1482 14
1483 13
1484 4
1485 14
1486 16
1487 27
1488 13
1489 25
1490 4
1491 9
1492 22
1493 13
1494 22
1495 14
1496 15
1497 24
1498 27
1499 15
1500 26
1501 1
1502 26
1503 27
1504 1
1505 22
1506 4
1507 1
1508 14
1509 16
1510 14
1511 22
1512 23
1513 14
1514 6
1515 5
1516 23
1517 14
1518 6
1519 4
1520 23
1521 2
1522 22
1523 27
1524 6
1525 2
1526 27
1527 27
1528 27
1529 22
1530 10
1531 6
1532 15
1533 3
1534 25
1535 14
1536 0
1537 0
1538 26
1539 3
1540 15
1541 0
1542 18
1543 19
1544 23
1545 27
1546 2
1547 27
1548 27
1549 0
1550 27
1551 18
1552 18
1553 1
1554 18
1555 4
1556 14
1557 21
1558 5
1559 26
1560 18
1561 4
1562 27
1563 14
1564 14
1565 16
1566 15
1567 25
1568 14
1569 23
1570 15
1571 23
1572 6
1573 27
1574 21
1575 14
1576 18
1577 6
1578 18
1579 24
1580 1
1581 18
1582 23
1583 1
1584 1
1585 15
1586 15
1587 15
1588 21
1589 16
1590 15
1591 15
1592 1
1593 26
1594 25
1595 6
1596 25
1597 14
1598 14
1599 15
1600 25
1601 25
1602 16
1603 13
1604 25
1605 6
1606 7
1607 16
1608 5
1609 25
1610 25
1611 14
1612 26
1613 23
1614 16
1615 13
1616 4
1617 14
1618 23
1619 23
1620 18
1621 13
1622 1
1623 23
1624 13
1625 14
1626 23
1627 16
1628 13
1629 14
1630 14
1631 14
1632 15
1633 16
1634 23
1635 11
1636 18
1637 16
1638 10
1639 1
1640 16
1641 23
1642 13
1643 14
1644 14
1645 7
1646 14
1647 14
1648 14
1649 14
1650 14
1651 14
1652 16
1653 23
1654 27
1655 23
1656 27
1657 0
1658 14
1659 26
1660 0
1661 0
1662 23
1663 14
1664 14
1665 14
1666 9
1667 14
1668 14
1669 14
1670 14
1671 14
1672 14
1673 26
1674 26
1675 14
1676 9
1677 26
1678 25
1679 25
1680 18
1681 11
1682 15
1683 6
1684 4
1685 9
1686 14
1687 9
1688 21
1689 14
1690 21
1691 18
1692 1
1693 13
1694 14
1695 13
1696 13
1697 26
1698 13
1699 23
1700 13
1701 16
1702 23
1703 1
1704 14
1705 21
1706 18
1707 14
1708 26
1709 16
1710 18
1711 18
1712 22
1713 14
1714 14
1715 1
1716 14
1717 14
1718 15
1719 14
1720 14
1721 23
1722 10
1723 10
1724 10
1725 10
1726 10
1727 10
1728 10
1729 10
1730 7
1731 10
1732 7
1733 18
1734 7
1735 7
1736 7
1737 7
1738 12
1739 7
1740 12
1741 7
1742 14
1743 14
1744 14
1745 14
1746 5
1747 14
1748 14
1749 14
1750 1
1751 13
1752 27
1753 13
1754 1
1755 5
1756 14
1757 23
1758 25
1759 18
1760 4
1761 16
1762 14
1763 3
1764 14
1765 21
1766 14
1767 3
1768 13
