2 0
3 0
4 0
5 0
6 0
7 0
8 0
9 0
10 0
11 0
12 0
13 0
14 0
15 0
16 0
17 0
18 0
19 0
20 0
21 0
22 0
23 0
24 0
25 0
26 7
27 0
28 7
29 7
30 0
31 0
32 0
33 7
34 0
35 0
36 0
37 0
38 0
39 0
40 0
41 0
42 2
43 27
44 27
45 11
46 11
47 0
48 2
49 2
50 2
51 2
52 0
53 0
54 18
55 2
56 1
57 2
58 2
59 18
60 1
61 3
62 3
63 7
64 7
65 10
66 1
67 0
68 1
69 1
70 2
71 0
72 1
73 1
74 1
75 4
76 1
77 1
78 1
79 3
80 7
81 3
82 9
83 0
84 0
85 0
86 2
87 10
88 3
89 7
90 11
91 2
92 3
93 3
94 16
95 2
96 3
97 7
98 10
99 2
100 11
101 3
102 3
103 6
104 3
105 9
106 3
107 2
108 2
109 2
110 3
111 3
112 2
113 3
114 6
115 2
116 3
117 10
118 2
119 3
120 2
121 4
122 2
123 2
124 2
125 3
126 3
127 3
128 16
129 3
130 3
131 3
132 2
133 3
134 2
135 2
136 2
137 3
138 2
139 2
140 2
141 3
142 3
143 2
144 2
145 2
146 2
147 3
148 3
149 3
150 3
151 3
152 3
153 3
154 3
155 3
156 3
157 3
158 3
159 3
160 4
161 4
162 26
163 24
164 26
165 26
166 26
167 26
168 3
169 26
170 26
171 26
172 2
173 2
174 3
175 2
176 2
177 2
178 2
179 2
180 2
181 2
182 2
183 2
184 2
185 2
186 11
187 3
188 2
189 2
190 2
191 2
192 2
193 2
194 2
195 2
196 2
197 2
198 2
199 2
200 2
201 2
202 2
203 2
204 2
205 2
206 2
207 2
208 11
209 3
210 3
211 3
212 3
213 3
214 3
215 3
216 3
217 3
218 2
219 3
220 2
221 3
222 3
223 3
224 3
225 3
226 3
227 3
228 3
229 3
230 3
231 3
232 3
233 2
234 3
235 3
236 3
237 3
238 3
239 2
240 2
241 2
242 2
243 3
244 3
245 3
246 3
247 3
248 3
249 3
250 3
251 3
252 3
253 3
254 3
255 3
256 3
257 3
258 3
259 3
260 3
261 3
262 2
263 3
264 3
265 3
266 3
267 3
268 3
269 3
270 3
271 3
272 3
273 3
274 3
275 2
276 3
277 3
278 2
279 3
280 3
281 3
282 3
283 3
284 3
285 3
286 3
287 3
288 3
289 3
290 3
291 3
292 3
293 3
294 3
295 3
296 3
297 3
298 3
299 3
300 3
301 3
302 3
303 3
304 3
305 3
306 3
307 3
308 3
309 3
310 3
311 3
312 3
313 3
314 3
315 3
316 3
317 3
318 3
319 3
320 3
321 3
322 3
323 3
324 3
325 3
326 3
327 19
328 4
329 4
330 4
331 4
332 4
333 4
334 4
335 4
336 4
337 4
338 4
339 4
340 4
341 4
342 4
343 4
344 19
345 4
346 4
347 4
348 4
349 4
350 19
351 4
352 4
353 4
354 19
355 4
356 19
357 4
358 2
359 3
360 3
361 3
362 4
363 5
364 25
365 5
366 5
367 5
368 5
369 5
370 5
371 5
372 5
373 5
374 5
375 5
376 5
377 5
378 5
379 5
380 25
381 25
382 5
383 5
384 5
385 5
386 5
387 5
388 25
389 5
390 5
391 5
392 5
393 16
394 5
395 27
396 5
397 27
398 18
399 5
400 27
401 27
402 5
403 5
404 15
405 6
406 4
407 4
408 6
409 6
410 4
411 6
412 6
413 6
414 6
415 4
416 6
417 6
418 6
419 4
420 6
421 6
422 6
423 4
424 4
425 6
426 4
427 6
428 6
429 4
430 4
431 4
432 4
433 4
434 6
435 4
436 4
437 4
438 4
439 4
440 6
441 6
442 4
443 4
444 4
445 4
446 4
447 4
448 4
449 4
450 4
451 4
452 4
453 15
454 7
455 7
456 7
457 7
458 7
459 7
460 7
461 7
462 7
463 7
464 7
465 7
466 7
467 7
468 7
469 7
470 7
471 7
472 7
473 7
474 7
475 7
476 7
477 7
478 7
479 7
480 7
481 7
482 7
483 7
484 7
485 7
486 7
487 8
488 8
489 8
490 8
491 7
492 8
493 8
494 8
495 8
496 8
497 8
498 7
499 8
500 8
501 8
502 7
503 8
504 8
505 8
506 8
507 8
508 8
509 8
510 8
511 8
512 8
513 8
514 8
515 8
516 8
517 8
518 8
519 7
520 7
521 8
522 7
523 7
524 7
525 7
526 7
527 7
528 11
529 1
530 9
531 9
532 9
533 9
534 9
535 9
536 9
537 9
538 9
539 9
540 9
541 9
542 9
543 9
544 9
545 9
546 9
547 9
548 9
549 9
550 9
551 9
552 9
553 9
554 9
555 9
556 9
557 9
558 9
559 9
560 9
561 9
562 9
563 9
564 9
565 9
566 10
567 10
568 10
569 10
570 10
571 10
572 10
573 10
574 10
575 9
576 10
577 10
578 10
579 10
580 10
581 10
582 9
583 10
584 10
585 10
586 10
587 10
588 10
589 10
590 10
591 10
592 10
593 10
594 9
595 10
596 9
597 11
598 11
599 11
600 2
601 11
602 3
603 3
604 16
605 16
606 3
607 16
608 3
609 9
610 7
611 3
612 3
613 3
614 3
615 3
616 2
617 2
618 3
619 11
620 3
621 0
622 3
623 11
624 2
625 11
626 11
627 11
628 11
629 11
630 11
631 3
632 11
633 6
634 11
635 11
636 3
637 10
638 13
639 16
640 17
641 5
642 17
643 3
644 4
645 4
646 5
647 5
648 16
649 2
650 2
651 3
652 2
653 2
654 2
655 2
656 2
657 2
658 2
659 3
660 2
661 3
662 2
663 11
664 2
665 2
666 2
667 11
668 11
669 2
670 2
671 11
672 2
673 11
674 11
675 2
676 2
677 2
678 11
679 11
680 11
681 11
682 11
683 11
684 11
685 2
686 2
687 3
688 11
689 11
690 2
691 11
692 11
693 3
694 11
695 3
696 3
697 11
698 3
699 2
700 11
701 2
702 0
703 0
704 0
705 0
706 0
707 0
708 0
709 0
710 0
711 0
712 0
713 0
714 0
715 0
716 0
717 0
718 0
719 0
720 0
721 0
722 0
723 0
724 0
725 0
726 0
727 0
728 0
729 0
730 0
731 0
732 0
733 0
734 0
735 0
736 0
737 0
738 0
739 0
740 0
741 0
742 0
743 0
744 0
745 0
746 0
747 1
748 0
749 1
750 0
751 0
752 27
753 1
754 1
755 0
756 1
757 0
758 0
759 0
760 0
761 0
762 0
763 0
764 0
765 0
766 0
767 0
768 0
769 0
770 0
771 0
772 0
773 0
774 0
775 0
776 0
777 0
778 0
779 5
780 6
781 6
782 7
783 6
784 5
785 0
786 0
787 5
788 5
789 6
790 6
791 5
792 5
793 5
794 12
795 12
796 5
797 12
798 5
799 5
800 12
801 5
802 5
803 5
804 5
805 12
806 12
807 12
808 12
809 12
810 6
811 5
812 7
813 7
814 7
815 7
816 7
817 7
818 7
819 7
820 6
821 6
822 7
823 7
824 12
825 5
826 12
827 13
828 13
829 12
830 13
831 13
832 13
833 13
834 13
835 13
836 13
837 13
838 13
839 13
840 13
841 13
842 24
843 24
844 13
845 13
846 12
847 13
848 12
849 13
850 24
851 13
852 12
853 13
854 13
855 24
856 14
857 14
858 14
859 15
860 14
861 14
862 15
863 14
864 15
865 14
866 14
867 14
868 14
869 14
870 14
871 14
872 14
873 14
874 14
875 14
876 14
877 14
878 14
879 14
880 14
881 14
882 14
883 14
884 14
885 14
886 14
887 14
888 14
889 15
890 25
891 25
892 26
893 25
894 24
895 25
896 25
897 25
898 15
899 15
900 15
901 15
902 15
903 15
904 15
905 15
906 15
907 15
908 15
909 15
910 15
911 15
912 15
913 15
914 15
915 15
916 15
917 15
918 15
919 15
920 15
921 15
922 15
923 15
924 15
925 15
926 15
927 14
928 21
929 15
930 7
931 16
932 23
933 1
934 4
935 4
936 16
937 5
938 5
939 10
940 5
941 7
942 27
943 27
944 27
945 16
946 27
947 27
948 27
949 16
950 4
951 5
952 4
953 16
954 16
955 4
956 4
957 0
958 0
959 4
960 4
961 4
962 4
963 4
964 27
965 27
966 4
967 4
968 16
969 2
970 0
971 4
972 18
973 1
974 1
975 4
976 18
977 4
978 1
979 1
980 4
981 1
982 4
983 4
984 4
985 4
986 4
987 4
988 4
989 1
990 4
991 4
992 4
993 7
994 4
995 7
996 18
997 18
998 18
999 18
1000 18
1001 18
1002 18
1003 18
1004 7
1005 27
1006 17
1007 17
1008 17
1009 18
1010 17
1011 17
1012 27
1013 17
1014 17
1015 17
1016 17
1017 17
1018 17
1019 17
1020 17
1021 17
1022 18
1023 17
1024 4
1025 17
1026 17
1027 17
1028 17
1029 17
1030 17
1031 17
1032 27
1033 18
1034 17
1035 4
1036 18
1037 4
1038 17
1039 18
1040 17
1041 17
1042 27
1043 27
1044 0
1045 0
1046 27
1047 7
1048 27
1049 27
1050 27
1051 27
1052 18
1053 18
1054 18
1055 18
1056 18
1057 16
1058 16
1059 18
1060 18
1061 18
1062 18
1063 18
1064 18
1065 18
1066 18
1067 18
1068 18
1069 18
1070 27
1071 18
1072 18
1073 18
1074 18
1075 18
1076 18
1077 18
1078 18
1079 18
1080 18
1081 18
1082 18
1083 18
1084 18
1085 18
1086 27
1087 13
1088 3
1089 5
1090 20
1091 4
1092 19
1093 4
1094 19
1095 19
1096 19
1097 19
1098 19
1099 19
1100 19
1101 19
1102 24
1103 19
1104 24
1105 24
1106 19
1107 13
1108 24
1109 24
1110 24
1111 24
1112 19
1113 19
1114 24
1115 19
1116 19
1117 19
1118 5
1119 19
1120 13
1121 19
1122 19
1123 24
1124 20
1125 19
1126 24
1127 19
1128 19
1129 24
1130 19
1131 19
1132 24
1133 13
1134 19
1135 24
1136 19
1137 19
1138 24
1139 13
1140 24
1141 13
1142 19
1143 4
1144 16
1145 21
1146 15
1147 22
1148 5
1149 15
1150 22
1151 15
1152 2
1153 22
1154 15
1155 15
1156 15
1157 21
1158 15
1159 15
1160 15
1161 19
1162 2
1163 2
1164 22
1165 22
1166 19
1167 27
1168 15
1169 2
1170 22
1171 15
1172 22
1173 21
1174 15
1175 15
1176 22
1177 15
1178 14
1179 15
1180 22
1181 15
1182 0
1183 0
1184 2
1185 15
1186 22
1187 2
1188 22
1189 22
1190 15
1191 2
1192 15
1193 15
1194 15
1195 15
1196 22
1197 22
1198 22
1199 22
1200 22
1201 27
1202 22
1203 22
1204 22
1205 22
1206 22
1207 22
1208 27
1209 22
1210 22
1211 22
1212 22
1213 22
1214 22
1215 22
1216 22
1217 22
1218 22
1219 16
1220 22
1221 22
1222 22
1223 22
1224 15
1225 22
1226 4
1227 23
1228 4
1229 23
1230 23
1231 23
1232 23
1233 23
1234 23
1235 23
1236 23
1237 23
1238 23
1239 23
1240 23
1241 23
1242 23
1243 23
1244 23
1245 6
1246 23
1247 23
1248 23
1249 23
1250 23
1251 23
1252 23
1253 23
1254 23
1255 23
1256 23
1257 23
1258 23
1259 15
1260 24
1261 24
1262 24
1263 24
1264 24
1265 24
1266 24
1267 24
1268 24
1269 24
1270 24
1271 24
1272 24
1273 24
1274 24
1275 24
1276 24
1277 24
1278 24
1279 24
1280 24
1281 24
1282 24
1283 24
1284 24
1285 24
1286 24
1287 24
1288 24
1289 24
1290 24
1291 24
1292 24
1293 24
1294 24
1295 25
1296 25
1297 25
1298 25
1299 25
1300 25
1301 25
1302 4
1303 25
1304 25
1305 4
1306 4
1307 4
1308 2
1309 25
1310 0
1311 3
1312 25
1313 25
1314 25
1315 25
1316 25
1317 25
1318 25
1319 25
1320 25
1321 25
1322 25
1323 25
1324 25
1325 25
1326 25
1327 25
1328 25
1329 25
1330 25
1331 25
1332 25
1333 23
1334 24
1335 24
1336 24
1337 24
1338 24
1339 24
1340 24
1341 24
1342 24
1343 24
1344 24
1345 26
1346 4
1347 26
1348 6
1349 26
1350 26
1351 26
1352 0
1353 26
1354 26
1355 26
1356 18
1357 18
1358 26
1359 18
1360 0
1361 26
1362 0
1363 0
1364 26
1365 0
1366 0
1367 26
1368 18
1369 26
1370 26
1371 26
1372 0
1373 0
1374 0
1375 26
1376 0
1377 17
1378 0
1379 0
1380 26
1381 26
1382 16
1383 18
1384 27
1385 27
1386 16
1387 27
1388 16
1389 27
1390 16
1391 27
1392 4
1393 27
1394 10
1395 27
1396 -1
1397 27
1398 27
1399 27
1400 27
1401 16
