2 1
3 0
4 0
5 0
6 0
7 0
8 0
9 0
10 0
11 0
12 0
13 0
14 0
15 0
16 0
17 1
18 0
19 0
20 0
21 0
22 0
23 0
24 0
25 0
26 0
27 0
28 0
29 1
30 0
31 0
32 0
33 0
34 0
35 0
36 0
37 0
38 0
39 0
40 0
41 0
42 0
43 0
44 0
45 0
46 0
47 0
48 0
49 0
50 1
51 1
52 1
53 1
54 1
55 1
56 1
57 1
58 1
59 1
60 1
61 1
62 1
63 1
64 1
65 1
66 1
67 1
68 1
69 1
70 1
71 1
72 1
73 1
74 1
75 1
76 1
77 1
78 0
79 2
80 2
81 2
82 2
83 2
84 2
85 2
86 2
87 2
88 2
89 2
90 2
91 2
92 2
93 2
94 2
95 2
96 2
97 2
98 2
99 2
100 2
101 2
102 2
103 2
104 2
105 2
106 2
107 2
108 2
109 2
110 3
111 3
112 3
113 3
114 3
115 3
116 3
117 3
118 3
119 3
120 3
121 3
122 3
123 3
124 3
125 3
126 3
127 3
128 3
129 3
130 3
131 3
132 3
133 3
134 2
135 2
136 2
137 7
138 4
139 4
140 4
141 4
142 4
143 4
144 4
145 4
146 4
147 4
148 4
149 4
150 4
151 0
152 3
153 3
154 4
155 4
156 4
157 2
158 4
159 4
160 4
161 4
162 4
163 4
164 4
165 4
166 4
167 4
168 4
169 4
170 4
171 4
172 4
173 4
174 3
175 16
176 0
177 19
178 5
179 5
180 5
181 5
182 5
183 5
184 5
185 5
186 5
187 5
188 5
189 5
190 5
191 5
192 5
193 5
194 5
195 5
196 5
197 5
198 5
199 5
200 5
201 5
202 5
203 5
204 5
205 5
206 5
207 5
208 5
209 25
210 25
211 25
212 6
213 6
214 6
215 4
216 6
217 4
218 4
219 6
220 6
221 4
222 4
223 6
224 6
225 6
226 6
227 6
228 4
229 6
230 4
231 6
232 6
233 6
234 6
235 6
236 6
237 6
238 4
239 4
240 4
241 6
242 6
243 6
244 6
245 6
246 6
247 6
248 6
249 6
250 6
251 6
252 6
253 6
254 6
255 6
256 6
257 27
258 27
259 8
260 7
261 7
262 7
263 7
264 7
265 7
266 7
267 7
268 7
269 7
270 7
271 7
272 7
273 7
274 7
275 7
276 7
277 7
278 7
279 7
280 7
281 7
282 7
283 7
284 7
285 7
286 7
287 7
288 7
289 7
290 8
291 8
292 8
293 8
294 8
295 8
296 8
297 8
298 8
299 8
300 8
301 8
302 8
303 8
304 8
305 8
306 8
307 8
308 8
309 8
310 8
311 8
312 8
313 8
314 8
315 8
316 8
317 8
318 8
319 8
320 8
321 8
322 8
323 7
324 9
325 9
326 9
327 9
328 9
329 9
330 9
331 9
332 9
333 9
334 9
335 9
336 9
337 9
338 9
339 9
340 9
341 9
342 9
343 9
344 9
345 9
346 9
347 9
348 9
349 9
350 9
351 9
352 9
353 9
354 9
355 9
356 10
357 10
358 10
359 10
360 10
361 10
362 10
363 10
364 10
365 10
366 10
367 10
368 10
369 10
370 10
371 10
372 10
373 10
374 10
375 10
376 10
377 10
378 10
379 10
380 10
381 10
382 10
383 10
384 10
385 9
386 9
387 11
388 11
389 11
390 11
391 9
392 11
393 11
394 11
395 11
396 11
397 11
398 11
399 11
400 11
401 11
402 11
403 11
404 11
405 11
406 11
407 11
408 11
409 11
410 11
411 11
412 11
413 11
414 11
415 11
416 11
417 11
418 11
419 11
420 11
421 12
422 12
423 12
424 12
425 12
426 12
427 12
428 12
429 12
430 12
431 12
432 12
433 12
434 12
435 12
436 12
437 12
438 12
439 12
440 12
441 12
442 12
443 12
444 12
445 12
446 12
447 12
448 12
449 12
450 12
451 12
452 12
453 12
454 12
455 12
456 12
457 12
458 12
459 12
460 13
461 13
462 13
463 13
464 13
465 13
466 13
467 13
468 13
469 13
470 13
471 13
472 13
473 13
474 13
475 13
476 13
477 13
478 13
479 13
480 13
481 13
482 13
483 13
484 13
485 13
486 13
487 13
488 13
489 13
490 15
491 14
492 14
493 14
494 14
495 14
496 14
497 14
498 14
499 14
500 14
501 14
502 14
503 14
504 14
505 14
506 14
507 14
508 14
509 14
510 14
511 14
512 14
513 14
514 14
515 14
516 14
517 14
518 14
519 14
520 14
521 14
522 14
523 14
524 14
525 14
526 14
527 14
528 14
529 14
530 14
531 14
532 15
533 15
534 15
535 15
536 13
537 15
538 15
539 15
540 15
541 15
542 15
543 15
544 15
545 15
546 15
547 15
548 15
549 15
550 15
551 15
552 15
553 15
554 15
555 15
556 15
557 15
558 15
559 15
560 15
561 15
562 15
563 16
564 16
565 16
566 16
567 16
568 16
569 16
570 16
571 16
572 16
573 16
574 16
575 16
576 16
577 25
578 16
579 16
580 16
581 16
582 16
583 16
584 16
585 16
586 16
587 16
588 16
589 16
590 16
591 16
592 16
593 16
594 16
595 16
596 16
597 16
598 16
599 16
600 16
601 16
602 16
603 27
604 9
605 13
606 17
607 17
608 17
609 17
610 17
611 17
612 17
613 17
614 -1
615 -1
616 -1
617 -1
618 -1
619 -1
620 4
621 2
622 -1
623 -1
624 -1
625 -1
626 17
627 17
628 17
629 17
630 17
631 17
632 17
633 17
634 17
635 17
636 17
637 17
638 17
639 17
640 17
641 17
642 17
643 17
644 17
645 17
646 17
647 17
648 17
649 17
650 17
651 17
652 17
653 17
654 17
655 17
656 17
657 17
658 17
659 17
660 17
661 17
662 17
663 17
664 17
665 17
666 17
667 17
668 4
669 18
670 18
671 18
672 18
673 18
674 18
675 18
676 18
677 18
678 18
679 18
680 18
681 18
682 18
683 18
684 18
685 18
686 18
687 18
688 18
689 18
690 18
691 18
692 18
693 18
694 18
695 18
696 15
697 7
698 19
699 19
700 19
701 19
702 19
703 19
704 19
705 19
706 19
707 19
708 19
709 19
710 19
711 19
712 19
713 19
714 19
715 19
716 19
717 19
718 19
719 19
720 19
721 19
722 19
723 19
724 19
725 19
726 19
727 19
728 19
729 19
730 20
731 20
732 20
733 20
734 20
735 20
736 20
737 20
738 20
739 20
740 20
741 20
742 20
743 20
744 20
745 20
746 20
747 20
748 20
749 20
750 20
751 20
752 20
753 20
754 20
755 20
756 20
757 19
758 16
759 16
760 21
761 21
762 21
763 21
764 21
765 21
766 21
767 21
768 21
769 21
770 21
771 21
772 21
773 21
774 21
775 21
776 21
777 21
778 21
779 21
780 21
781 21
782 21
783 21
784 21
785 21
786 22
787 22
788 22
789 22
790 22
791 22
792 22
793 22
794 22
795 22
796 22
797 22
798 22
799 22
800 22
801 22
802 22
803 22
804 22
805 22
806 22
807 22
808 22
809 22
810 22
811 15
812 23
813 23
814 23
815 23
816 23
817 23
818 23
819 23
820 23
821 23
822 23
823 23
824 23
825 23
826 23
827 23
828 23
829 23
830 23
831 15
832 15
833 23
834 23
835 15
836 23
837 23
838 23
839 7
840 24
841 24
842 24
843 24
844 24
845 24
846 24
847 24
848 24
849 24
850 24
851 24
852 24
853 24
854 24
855 24
856 24
857 24
858 24
859 24
860 24
861 24
862 24
863 24
864 24
865 24
866 24
867 24
868 24
869 24
870 24
871 24
872 24
873 25
874 25
875 25
876 25
877 25
878 25
879 25
880 25
881 25
882 25
883 25
884 25
885 25
886 25
887 25
888 25
889 25
890 25
891 25
892 25
893 25
894 25
895 6
896 18
897 14
898 26
899 26
900 26
901 26
902 26
903 26
904 26
905 26
906 26
907 26
908 26
909 26
910 26
911 26
912 26
913 26
914 26
915 26
916 26
917 26
918 26
919 26
920 26
921 26
922 26
923 26
924 26
925 26
926 26
927 26
928 26
929 26
930 26
931 26
932 26
933 26
934 26
935 26
936 26
937 26
938 26
939 26
940 27
941 27
942 27
943 27
944 27
945 27
946 18
947 18
948 18
949 27
950 18
951 18
952 27
953 27
954 27
955 18
