2 1
3 0
4 0
5 0
6 0
7 0
8 0
9 0
10 0
11 0
12 0
13 0
14 0
15 0
16 0
17 0
18 0
19 0
20 0
21 0
22 0
23 0
24 0
25 0
26 0
27 0
28 0
29 0
30 0
31 0
32 0
33 0
34 0
35 0
36 0
37 0
38 0
39 0
40 0
41 0
42 0
43 0
44 1
45 1
46 1
47 1
48 0
49 0
50 0
51 1
52 1
53 0
54 1
55 1
56 1
57 1
58 0
59 1
60 1
61 1
62 1
63 0
64 0
65 7
66 1
67 0
68 7
69 0
70 0
71 0
72 1
73 7
74 2
75 9
76 9
77 2
78 2
79 2
80 2
81 2
82 2
83 2
84 2
85 4
86 2
87 2
88 6
89 2
90 4
91 2
92 6
93 -1
94 2
95 2
96 3
97 0
98 0
99 27
100 2
101 0
102 2
103 2
104 2
105 2
106 0
107 2
108 2
109 2
110 2
111 2
112 -1
113 -1
114 2
115 -1
116 2
117 2
118 2
119 0
120 2
121 3
122 2
123 4
124 4
125 2
126 2
127 2
128 2
129 2
130 2
131 2
132 2
133 2
134 2
135 3
136 2
137 27
138 3
139 2
140 2
141 2
142 2
143 2
144 2
145 2
146 -1
147 2
148 2
149 27
150 0
151 -1
152 2
153 2
154 2
155 2
156 2
157 2
158 2
159 2
160 2
161 2
162 16
163 2
164 2
165 3
166 16
167 6
168 2
169 27
170 2
171 2
172 27
173 2
174 16
175 2
176 2
177 2
178 2
179 2
180 2
181 27
182 2
183 2
184 0
185 2
186 2
187 2
188 2
189 -1
190 2
191 2
192 2
193 2
194 2
195 2
196 27
197 27
198 2
199 10
200 2
201 2
202 0
203 -1
204 2
205 2
206 2
207 2
208 2
209 2
210 2
211 2
212 27
213 2
214 0
215 2
216 27
217 9
218 2
219 2
220 2
221 2
222 2
223 2
224 27
225 2
226 2
227 2
228 2
229 2
230 2
231 2
232 3
233 -1
234 -1
235 -1
236 -1
237 -1
238 2
239 2
240 4
241 4
242 2
243 4
244 4
245 2
246 3
247 -1
248 27
249 -1
250 2
251 27
252 2
253 2
254 2
255 2
256 4
257 3
258 4
259 2
260 4
261 3
262 6
263 2
264 2
265 27
266 4
267 4
268 4
269 0
270 -1
271 4
272 3
273 4
274 4
275 4
276 4
277 4
278 4
279 4
280 4
281 4
282 4
283 4
284 4
285 4
286 4
287 4
288 4
289 2
290 2
291 2
292 27
293 27
294 4
295 27
296 2
297 27
298 27
299 0
300 2
301 4
302 3
303 2
304 2
305 2
306 0
307 4
308 3
309 -1
310 27
311 3
312 4
313 4
314 4
315 3
316 -1
317 -1
318 2
319 2
320 2
321 0
322 2
323 3
324 2
325 4
326 2
327 2
328 2
329 -1
330 2
331 2
332 2
333 2
334 2
335 2
336 2
337 2
338 2
339 2
340 6
341 2
342 2
343 2
344 0
345 6
346 2
347 2
348 17
349 0
350 4
351 2
352 2
353 2
354 0
355 2
356 2
357 4
358 4
359 2
360 4
361 0
362 2
363 2
364 2
365 0
366 4
367 4
368 2
369 4
370 2
371 2
372 3
373 -1
374 16
375 15
376 1
377 1
378 5
379 5
380 5
381 5
382 5
383 5
384 5
385 5
386 5
387 5
388 5
389 5
390 5
391 5
392 5
393 5
394 5
395 5
396 5
397 5
398 5
399 5
400 5
401 5
402 5
403 5
404 5
405 5
406 5
407 5
408 5
409 5
410 5
411 5
412 5
413 5
414 5
415 5
416 5
417 5
418 5
419 5
420 5
421 10
422 0
423 17
424 27
425 6
426 27
427 5
428 27
429 27
430 27
431 27
432 27
433 16
434 9
435 27
436 27
437 11
438 27
439 27
440 10
441 6
442 4
443 4
444 6
445 6
446 6
447 6
448 3
449 5
450 6
451 5
452 6
453 6
454 4
455 6
456 5
457 6
458 6
459 6
460 6
461 6
462 6
463 2
464 6
465 6
466 5
467 6
468 2
469 14
470 -1
471 -1
472 -1
473 -1
474 -1
475 -1
476 -1
477 -1
478 -1
479 -1
480 -1
481 -1
482 2
483 -1
484 2
485 -1
486 2
487 -1
488 2
489 2
490 2
491 4
492 -1
493 -1
494 -1
495 -1
496 -1
497 -1
498 -1
499 -1
500 -1
501 -1
502 -1
503 -1
504 -1
505 -1
506 -1
507 -1
508 -1
509 -1
510 -1
511 -1
512 2
513 -1
514 -1
515 2
516 4
517 -1
518 -1
519 -1
520 -1
521 -1
522 -1
523 -1
524 -1
525 -1
526 -1
527 -1
528 -1
529 -1
530 -1
531 -1
532 -1
533 -1
534 -1
535 -1
536 -1
537 -1
538 -1
539 -1
540 -1
541 -1
542 -1
543 -1
544 -1
545 -1
546 -1
547 -1
548 -1
549 4
550 -1
551 -1
552 2
553 4
554 -1
555 4
556 -1
557 10
558 -1
559 -1
560 -1
561 -1
562 -1
563 -1
564 -1
565 -1
566 -1
567 -1
568 11
569 10
570 6
571 5
572 27
573 11
574 4
575 4
576 4
577 4
578 3
579 4
580 4
581 6
582 4
583 2
584 4
585 -1
586 4
587 2
588 4
589 4
590 4
591 2
592 4
593 6
594 6
595 3
596 3
597 0
598 4
599 4
600 4
601 4
602 -1
603 4
604 4
605 4
606 4
607 4
608 4
609 4
610 2
611 2
612 6
613 2
614 6
615 2
616 3
617 3
618 2
619 3
620 2
621 2
622 6
623 2
624 6
625 3
626 2
627 2
628 6
629 6
630 2
631 4
632 2
633 2
634 2
635 3
636 3
637 2
638 1
639 0
640 7
641 8
642 7
643 7
644 7
645 7
646 7
647 7
648 7
649 7
650 7
651 7
652 7
653 7
654 7
655 7
656 7
657 7
658 7
659 7
660 7
661 7
662 7
663 7
664 7
665 7
666 7
667 7
668 7
669 7
670 7
671 7
672 7
673 7
674 7
675 7
676 7
677 8
678 8
679 8
680 8
681 8
682 8
683 8
684 8
685 7
686 8
687 8
688 8
689 8
690 8
691 7
692 7
693 7
694 7
695 7
696 7
697 8
698 7
699 7
700 7
701 7
702 7
703 7
704 7
705 8
706 7
707 7
708 8
709 8
710 8
711 8
712 9
713 11
714 11
715 11
716 9
717 9
718 11
719 11
720 1
721 11
722 9
723 11
724 11
725 9
726 11
727 9
728 9
729 1
730 9
731 11
732 9
733 11
734 11
735 9
736 9
737 9
738 9
739 9
740 11
741 9
742 9
743 11
744 11
745 11
746 11
747 9
748 11
749 11
750 11
751 11
752 11
753 9
754 9
755 11
756 9
757 9
758 9
759 9
760 9
761 9
762 10
763 9
764 9
765 9
766 10
767 10
768 9
769 9
770 10
771 9
772 10
773 10
774 10
775 10
776 9
777 10
778 10
779 10
780 10
781 9
782 10
783 10
784 9
785 9
786 10
787 10
788 9
789 9
790 10
791 9
792 9
793 11
794 11
795 3
796 4
797 11
798 2
799 2
800 2
801 3
802 6
803 9
804 3
805 11
806 3
807 3
808 0
809 4
810 2
811 9
812 3
813 6
814 2
815 9
816 9
817 2
818 0
819 4
820 4
821 0
822 2
823 2
824 3
825 10
826 3
827 10
828 4
829 3
830 11
831 11
832 11
833 11
834 11
835 11
836 11
837 11
838 11
839 11
840 11
841 11
842 11
843 11
844 11
845 11
846 11
847 11
848 11
849 11
850 11
851 11
852 0
853 11
854 2
855 11
856 2
857 11
858 11
859 2
860 11
861 2
862 11
863 11
864 11
865 11
866 0
867 11
868 11
869 26
870 11
871 11
872 11
873 11
874 11
875 9
876 2
877 2
878 0
879 2
880 2
881 9
882 2
883 2
884 2
885 2
886 2
887 2
888 2
889 2
890 2
891 2
892 2
893 2
894 2
895 2
896 2
897 2
898 2
899 10
900 1
901 0
902 12
903 0
904 12
905 12
906 12
907 12
908 12
909 12
910 12
911 12
912 12
913 12
914 12
915 12
916 12
917 12
918 12
919 12
920 12
921 12
922 12
923 12
924 12
925 12
926 12
927 12
928 12
929 12
930 12
931 12
932 12
933 12
934 12
935 12
936 12
937 12
938 12
939 12
940 12
941 12
942 12
943 12
944 12
945 12
946 12
947 12
948 12
949 12
950 12
951 12
952 12
953 12
954 12
955 12
956 12
957 12
958 13
959 13
960 13
961 13
962 13
963 13
964 13
965 13
966 13
967 13
968 13
969 13
970 13
971 13
972 13
973 13
974 13
975 13
976 13
977 13
978 13
979 13
980 13
981 13
982 13
983 13
984 13
985 13
986 13
987 13
988 13
989 13
990 13
991 19
992 14
993 14
994 2
995 2
996 2
997 -1
998 -1
999 2
1000 2
1001 -1
1002 14
1003 14
1004 14
1005 6
1006 4
1007 16
1008 4
1009 14
1010 4
1011 14
1012 14
1013 14
1014 14
1015 14
1016 14
1017 14
1018 14
1019 14
1020 14
1021 14
1022 14
1023 14
1024 14
1025 14
1026 14
1027 14
1028 6
1029 14
1030 14
1031 14
1032 4
1033 4
1034 6
1035 14
1036 14
1037 14
1038 14
1039 14
1040 4
1041 4
1042 14
1043 14
1044 14
1045 14
1046 14
1047 14
1048 14
1049 14
1050 14
1051 14
1052 4
1053 14
1054 4
1055 14
1056 5
1057 14
1058 14
1059 4
1060 14
1061 14
1062 14
1063 14
1064 14
1065 25
1066 5
1067 15
1068 4
1069 6
1070 25
1071 14
1072 14
1073 14
1074 14
1075 14
1076 14
1077 14
1078 5
1079 12
1080 14
1081 14
1082 4
1083 14
1084 14
1085 14
1086 14
1087 14
1088 14
1089 14
1090 14
1091 15
1092 15
1093 15
1094 15
1095 15
1096 15
1097 22
1098 22
1099 15
1100 15
1101 15
1102 15
1103 15
1104 15
1105 15
1106 22
1107 15
1108 15
1109 22
1110 15
1111 22
1112 15
1113 15
1114 15
1115 15
1116 15
1117 15
1118 15
1119 15
1120 15
1121 15
1122 15
1123 15
1124 15
1125 15
1126 22
1127 6
1128 16
1129 16
1130 16
1131 16
1132 16
1133 4
1134 16
1135 16
1136 16
1137 4
1138 16
1139 6
1140 16
1141 0
1142 -1
1143 -1
1144 2
1145 27
1146 16
1147 2
1148 0
1149 0
1150 0
1151 0
1152 2
1153 2
1154 2
1155 6
1156 2
1157 27
1158 16
1159 4
1160 16
1161 16
1162 16
1163 16
1164 16
1165 16
1166 16
1167 16
1168 16
1169 16
1170 16
1171 16
1172 27
1173 16
1174 27
1175 16
1176 2
1177 0
1178 4
1179 4
1180 2
1181 6
1182 16
1183 16
1184 27
1185 16
1186 2
1187 16
1188 16
1189 16
1190 16
1191 16
1192 16
1193 16
1194 16
1195 16
1196 16
1197 16
1198 16
1199 16
1200 16
1201 6
1202 27
1203 3
1204 2
1205 16
1206 16
1207 16
1208 4
1209 0
1210 16
1211 13
1212 2
1213 2
1214 9
1215 16
1216 6
1217 3
1218 3
1219 16
1220 0
1221 4
1222 0
1223 6
1224 -1
1225 -1
1226 -1
1227 -1
1228 0
1229 27
1230 2
1231 16
1232 16
1233 16
1234 16
1235 16
1236 16
1237 16
1238 16
1239 16
1240 16
1241 16
1242 4
1243 14
1244 4
1245 4
1246 16
1247 4
1248 14
1249 10
1250 3
1251 6
1252 16
1253 16
1254 14
1255 15
1256 16
1257 14
1258 13
1259 16
1260 5
1261 16
1262 16
1263 16
1264 14
1265 16
1266 14
1267 13
1268 16
1269 16
1270 16
1271 13
1272 22
1273 14
1274 4
1275 4
1276 4
1277 4
1278 14
1279 15
1280 16
1281 10
1282 16
1283 16
1284 1
1285 11
1286 4
1287 4
1288 4
1289 4
1290 27
1291 14
1292 14
1293 24
1294 2
1295 18
1296 27
1297 18
1298 27
1299 26
1300 16
1301 -1
1302 -1
1303 -1
1304 -1
1305 -1
1306 2
1307 4
1308 -1
1309 15
1310 27
1311 27
1312 16
1313 16
1314 -1
1315 -1
1316 -1
1317 14
1318 27
1319 -1
1320 -1
1321 -1
1322 -1
1323 -1
1324 -1
1325 -1
1326 -1
1327 -1
1328 -1
1329 -1
1330 -1
1331 -1
1332 -1
1333 -1
1334 -1
1335 -1
1336 -1
1337 -1
1338 -1
1339 -1
1340 -1
1341 -1
1342 -1
1343 -1
1344 -1
1345 -1
1346 -1
1347 -1
1348 -1
1349 -1
1350 -1
1351 -1
1352 -1
1353 -1
1354 -1
1355 -1
1356 -1
1357 -1
1358 -1
1359 -1
1360 -1
1361 -1
1362 -1
1363 14
1364 14
1365 26
1366 14
1367 14
1368 21
1369 15
1370 15
1371 15
1372 14
1373 15
1374 15
1375 15
1376 15
1377 15
1378 24
1379 24
1380 5
1381 23
1382 -1
1383 -1
1384 -1
1385 -1
1386 -1
1387 -1
1388 -1
1389 -1
1390 -1
1391 -1
1392 -1
1393 -1
1394 -1
1395 -1
1396 -1
1397 -1
1398 -1
1399 -1
1400 -1
1401 -1
1402 -1
1403 -1
1404 -1
1405 -1
1406 -1
1407 15
1408 -1
1409 -1
1410 -1
1411 -1
1412 -1
1413 -1
1414 -1
1415 -1
1416 -1
1417 14
1418 14
1419 14
1420 14
1421 27
1422 16
1423 16
1424 27
1425 18
1426 16
1427 18
1428 2
1429 2
1430 16
1431 18
1432 18
1433 18
1434 2
1435 2
1436 18
1437 18
1438 18
1439 18
1440 2
1441 18
1442 18
1443 26
1444 14
1445 14
1446 14
1447 14
1448 14
1449 24
1450 24
1451 24
1452 24
1453 26
1454 24
1455 24
1456 24
1457 24
1458 24
1459 24
1460 24
1461 24
1462 24
1463 24
1464 24
1465 24
1466 24
1467 24
1468 24
1469 24
1470 24
1471 24
1472 24
1473 24
1474 24
1475 24
1476 24
1477 24
1478 24
1479 24
1480 24
1481 24
1482 24
1483 24
1484 24
1485 14
1486 14
1487 14
1488 14
1489 14
1490 14
1491 14
1492 15
1493 14
1494 14
1495 14
1496 14
1497 14
1498 16
1499 16
1500 16
1501 16
1502 16
1503 16
1504 16
1505 16
1506 16
1507 16
1508 16
1509 16
1510 16
1511 16
1512 16
1513 16
1514 16
1515 16
1516 16
1517 16
1518 16
1519 16
1520 16
1521 16
1522 16
1523 16
1524 16
1525 16
1526 16
1527 16
1528 16
1529 16
1530 16
1531 16
1532 16
1533 16
1534 16
1535 16
1536 16
1537 16
1538 16
1539 16
1540 16
1541 16
1542 16
1543 16
1544 16
1545 16
1546 16
1547 16
1548 16
1549 16
1550 16
1551 19
1552 13
1553 16
1554 16
1555 16
1556 16
1557 16
1558 19
1559 19
1560 13
1561 16
1562 13
1563 19
1564 19
1565 16
1566 13
1567 19
1568 16
1569 13
1570 13
1571 19
1572 16
1573 14
1574 16
1575 16
1576 19
1577 19
1578 16
1579 19
1580 16
1581 16
1582 15
1583 19
1584 16
1585 16
1586 19
1587 15
1588 19
1589 19
1590 16
1591 19
1592 16
1593 19
1594 16
1595 16
1596 16
1597 16
1598 16
1599 16
1600 16
1601 22
1602 17
1603 17
1604 17
1605 17
1606 17
1607 17
1608 17
1609 17
1610 17
1611 17
1612 17
1613 17
1614 17
1615 17
1616 17
1617 17
1618 17
1619 17
1620 17
1621 17
1622 17
1623 17
1624 17
1625 17
1626 17
1627 17
1628 17
1629 17
1630 17
1631 17
1632 17
1633 17
1634 17
1635 17
1636 17
1637 17
1638 17
1639 17
1640 17
1641 17
1642 18
1643 17
1644 27
1645 18
1646 18
1647 18
1648 18
1649 18
1650 18
1651 18
1652 18
1653 18
1654 18
1655 18
1656 18
1657 18
1658 18
1659 18
1660 18
1661 18
1662 18
1663 18
1664 18
1665 18
1666 18
1667 18
1668 18
1669 18
1670 18
1671 18
1672 18
1673 18
1674 18
1675 7
1676 19
1677 19
1678 19
1679 19
1680 19
1681 19
1682 19
1683 19
1684 19
1685 19
1686 19
1687 19
1688 19
1689 19
1690 19
1691 19
1692 19
1693 19
1694 19
1695 19
1696 19
1697 19
1698 19
1699 19
1700 19
1701 19
1702 20
1703 20
1704 20
1705 20
1706 20
1707 20
1708 20
1709 20
1710 20
1711 20
1712 20
1713 20
1714 20
1715 20
1716 20
1717 20
1718 20
1719 20
1720 20
1721 20
1722 20
1723 20
1724 20
1725 20
1726 20
1727 20
1728 20
1729 20
1730 20
1731 20
1732 20
1733 20
1734 19
1735 15
1736 21
1737 21
1738 21
1739 21
1740 21
1741 21
1742 21
1743 21
1744 21
1745 21
1746 21
1747 21
1748 21
1749 21
1750 21
1751 21
1752 21
1753 21
1754 21
1755 21
1756 21
1757 21
1758 21
1759 21
1760 21
1761 21
1762 21
1763 21
1764 21
1765 21
1766 21
1767 21
1768 21
1769 21
1770 21
1771 21
1772 22
1773 22
1774 22
1775 22
1776 22
1777 22
1778 22
1779 22
1780 22
1781 22
1782 22
1783 22
1784 22
1785 22
1786 22
1787 22
1788 22
1789 22
1790 22
1791 22
1792 22
1793 22
1794 22
1795 22
1796 22
1797 22
1798 22
1799 22
1800 22
1801 22
1802 22
1803 22
1804 0
1805 23
1806 23
1807 23
1808 23
1809 23
1810 23
1811 23
1812 23
1813 23
1814 23
1815 23
1816 23
1817 23
1818 23
1819 23
1820 23
1821 23
1822 23
1823 23
1824 23
1825 23
1826 23
1827 23
1828 23
1829 23
1830 23
1831 23
1832 15
1833 23
1834 23
1835 23
1836 23
1837 14
1838 23
1839 23
1840 23
1841 23
1842 23
1843 23
1844 23
1845 23
1846 14
1847 22
1848 16
1849 5
1850 24
1851 24
1852 24
1853 24
1854 24
1855 24
1856 24
1857 24
1858 24
1859 24
1860 26
1861 24
1862 24
1863 24
1864 24
1865 24
1866 24
1867 24
1868 24
1869 24
1870 24
1871 24
1872 24
1873 24
1874 24
1875 24
1876 24
1877 24
1878 24
1879 24
1880 24
1881 24
1882 24
1883 24
1884 24
1885 24
1886 24
1887 24
1888 24
1889 24
1890 24
1891 24
1892 24
1893 24
1894 24
1895 24
1896 24
1897 24
1898 24
1899 24
1900 24
1901 24
1902 25
1903 25
1904 25
1905 25
1906 25
1907 25
1908 25
1909 25
1910 25
1911 25
1912 25
1913 25
1914 25
1915 25
1916 25
1917 25
1918 25
1919 25
1920 25
1921 25
1922 25
1923 25
1924 25
1925 25
1926 25
1927 25
1928 25
1929 25
1930 25
1931 25
1932 25
1933 25
1934 25
1935 23
1936 14
1937 24
1938 26
1939 24
1940 24
1941 26
1942 26
1943 26
1944 26
1945 26
1946 26
1947 26
1948 26
1949 26
1950 26
1951 26
1952 26
1953 26
1954 26
1955 26
1956 26
1957 26
1958 26
1959 26
1960 26
1961 26
1962 26
1963 26
1964 26
1965 26
1966 26
1967 26
1968 26
1969 26
1970 26
1971 26
1972 26
1973 26
1974 26
1975 26
1976 26
1977 26
1978 26
1979 26
1980 26
1981 26
1982 26
1983 26
1984 25
1985 27
1986 18
1987 18
1988 18
1989 18
1990 27
1991 18
1992 18
1993 18
1994 18
1995 27
1996 27
1997 27
1998 18
1999 18
2000 18
2001 18
2002 18
2003 18
2004 18
2005 18
2006 18
2007 18
2008 27
2009 18
2010 18
2011 0
2012 27
2013 18
2014 18
2015 18
2016 18
2017 18
2018 18
2019 0
2020 27
