2 0
3 0
4 0
5 0
6 0
7 0
8 0
9 0
10 0
11 0
12 0
13 0
14 0
15 0
16 0
17 0
18 0
19 0
20 0
21 0
22 0
23 0
24 0
25 0
26 0
27 0
28 0
29 0
30 0
31 0
32 0
33 0
34 0
35 0
36 0
37 0
38 0
39 0
40 1
41 1
42 1
43 1
44 1
45 1
46 1
47 1
48 1
49 1
50 1
51 1
52 1
53 1
54 1
55 1
56 1
57 1
58 1
59 1
60 1
61 1
62 1
63 1
64 1
65 2
66 2
67 2
68 2
69 2
70 2
71 2
72 2
73 2
74 2
75 2
76 2
77 2
78 2
79 2
80 2
81 2
82 2
83 2
84 2
85 2
86 2
87 2
88 2
89 2
90 2
91 2
92 2
93 3
94 3
95 3
96 3
97 3
98 3
99 3
100 3
101 3
102 3
103 3
104 3
105 3
106 3
107 3
108 3
109 3
110 3
111 3
112 3
113 2
114 3
115 3
116 3
117 3
118 2
119 10
120 4
121 4
122 4
123 4
124 4
125 4
126 2
127 4
128 9
129 4
130 9
131 4
132 2
133 2
134 2
135 4
136 27
137 2
138 4
139 4
140 2
141 6
142 3
143 4
144 6
145 6
146 4
147 2
148 27
149 6
150 4
151 3
152 4
153 4
154 7
155 7
156 3
157 6
158 4
159 4
160 4
161 4
162 3
163 4
164 4
165 4
166 9
167 9
168 5
169 5
170 5
171 5
172 5
173 5
174 5
175 5
176 5
177 5
178 5
179 5
180 5
181 5
182 5
183 5
184 5
185 5
186 5
187 5
188 5
189 5
190 5
191 5
192 5
193 5
194 5
195 5
196 5
197 5
198 5
199 5
200 5
201 5
202 5
203 5
204 5
205 5
206 5
207 5
208 5
209 5
210 5
211 19
212 19
213 19
214 25
215 4
216 6
217 19
218 6
219 4
220 6
221 6
222 6
223 4
224 13
225 4
226 6
227 19
228 19
229 19
230 19
231 19
232 19
233 4
234 11
235 6
236 6
237 19
238 19
239 6
240 19
241 19
242 6
243 6
244 19
245 19
246 19
247 19
248 19
249 19
250 19
251 6
252 19
253 19
254 19
255 6
256 19
257 19
258 19
259 19
260 11
261 7
262 7
263 7
264 7
265 7
266 7
267 7
268 7
269 7
270 7
271 7
272 7
273 7
274 7
275 7
276 7
277 7
278 7
279 7
280 7
281 7
282 7
283 7
284 7
285 7
286 7
287 7
288 7
289 7
290 7
291 7
292 7
293 7
294 7
295 7
296 7
297 7
298 7
299 7
300 7
301 7
302 7
303 7
304 7
305 7
306 7
307 7
308 7
309 7
310 7
311 7
312 8
313 8
314 8
315 8
316 8
317 8
318 8
319 8
320 8
321 8
322 8
323 8
324 8
325 8
326 8
327 8
328 8
329 8
330 8
331 8
332 8
333 8
334 8
335 8
336 8
337 8
338 9
339 9
340 9
341 9
342 9
343 9
344 9
345 9
346 9
347 9
348 9
349 9
350 11
351 11
352 9
353 11
354 9
355 9
356 9
357 11
358 9
359 9
360 9
361 9
362 9
363 9
364 9
365 9
366 9
367 9
368 9
369 9
370 9
371 9
372 9
373 9
374 9
375 11
376 9
377 9
378 9
379 9
380 10
381 9
382 9
383 10
384 9
385 10
386 10
387 10
388 10
389 10
390 10
391 9
392 10
393 9
394 9
395 9
396 9
397 10
398 10
399 10
400 9
401 9
402 9
403 9
404 9
405 9
406 9
407 9
408 9
409 9
410 9
411 9
412 9
413 2
414 2
415 9
416 2
417 11
418 11
419 11
420 11
421 11
422 11
423 11
424 11
425 11
426 2
427 11
428 11
429 11
430 11
431 2
432 9
433 11
434 9
435 9
436 2
437 2
438 2
439 2
440 9
441 11
442 1
443 0
444 0
445 0
446 0
447 0
448 0
449 7
450 12
451 12
452 12
453 12
454 12
455 12
456 12
457 12
458 12
459 12
460 12
461 12
462 12
463 12
464 12
465 12
466 12
467 12
468 12
469 12
470 12
471 12
472 12
473 12
474 12
475 12
476 12
477 12
478 12
479 12
480 12
481 12
482 12
483 12
484 13
485 13
486 13
487 13
488 13
489 13
490 13
491 13
492 13
493 13
494 13
495 13
496 13
497 13
498 13
499 13
500 13
501 13
502 13
503 13
504 13
505 13
506 14
507 14
508 14
509 14
510 14
511 14
512 14
513 14
514 14
515 14
516 14
517 14
518 14
519 14
520 14
521 14
522 14
523 14
524 14
525 14
526 14
527 14
528 14
529 14
530 14
531 14
532 14
533 15
534 15
535 15
536 15
537 15
538 15
539 15
540 15
541 15
542 15
543 15
544 15
545 15
546 15
547 15
548 15
549 15
550 15
551 15
552 15
553 15
554 15
555 15
556 15
557 14
558 15
559 16
560 16
561 16
562 16
563 16
564 16
565 16
566 16
567 16
568 16
569 16
570 16
571 16
572 16
573 16
574 16
575 16
576 16
577 16
578 16
579 16
580 16
581 16
582 16
583 16
584 16
585 17
586 17
587 17
588 17
589 17
590 17
591 17
592 17
593 17
594 17
595 17
596 17
597 17
598 17
599 17
600 17
601 17
602 17
603 17
604 17
605 17
606 17
607 17
608 17
609 17
610 17
611 17
612 17
613 17
614 17
615 17
616 17
617 17
618 17
619 17
620 17
621 17
622 17
623 17
624 7
625 17
626 18
627 18
628 18
629 18
630 18
631 18
632 18
633 18
634 18
635 18
636 18
637 18
638 18
639 18
640 18
641 18
642 18
643 18
644 18
645 18
646 18
647 18
648 18
649 18
650 18
651 19
652 19
653 19
654 19
655 19
656 19
657 19
658 19
659 19
660 19
661 19
662 19
663 19
664 19
665 19
666 19
667 19
668 19
669 19
670 19
671 19
672 19
673 19
674 19
675 19
676 19
677 19
678 19
679 19
680 19
681 19
682 19
683 19
684 19
685 19
686 19
687 20
688 20
689 20
690 20
691 20
692 20
693 20
694 20
695 20
696 20
697 20
698 20
699 20
700 20
701 20
702 20
703 20
704 20
705 20
706 20
707 20
708 20
709 20
710 19
711 19
712 16
713 15
714 21
715 14
716 21
717 21
718 21
719 21
720 21
721 21
722 21
723 21
724 21
725 21
726 21
727 21
728 21
729 21
730 21
731 21
732 21
733 21
734 21
735 21
736 21
737 21
738 21
739 21
740 21
741 22
742 22
743 22
744 22
745 22
746 22
747 22
748 22
749 22
750 22
751 22
752 22
753 22
754 22
755 22
756 22
757 22
758 22
759 22
760 22
761 22
762 22
763 22
764 22
765 22
766 22
767 21
768 23
769 23
770 23
771 23
772 15
773 23
774 15
775 23
776 23
777 23
778 15
779 23
780 23
781 15
782 14
783 23
784 23
785 23
786 23
787 23
788 23
789 23
790 23
791 23
792 23
793 23
794 24
795 24
796 24
797 24
798 24
799 24
800 24
801 24
802 24
803 24
804 24
805 24
806 24
807 24
808 24
809 24
810 24
811 24
812 24
813 24
814 24
815 24
816 24
817 24
818 24
819 24
820 24
821 24
822 24
823 24
824 24
825 24
826 24
827 24
828 24
829 24
830 24
831 25
832 25
833 25
834 25
835 25
836 25
837 25
838 25
839 25
840 25
841 25
842 25
843 25
844 25
845 25
846 25
847 25
848 25
849 25
850 25
851 25
852 25
853 15
854 15
855 24
856 24
857 26
858 26
859 26
860 26
861 26
862 26
863 26
864 26
865 26
866 26
867 26
868 26
869 26
870 26
871 26
872 26
873 26
874 26
875 26
876 26
877 26
878 26
879 26
880 26
881 26
882 26
883 26
884 26
885 26
886 26
887 26
888 26
889 26
890 18
891 18
892 18
893 18
894 18
895 18
896 18
897 18
