2 0
3 0
4 3
5 0
6 0
7 3
8 0
9 3
10 0
11 0
12 11
13 2
14 12
15 0
16 0
17 0
18 1
19 0
20 0
21 0
22 0
23 3
24 0
25 0
26 0
27 1
28 0
29 0
30 0
31 0
32 0
33 0
34 0
35 0
36 3
37 0
38 1
39 0
40 0
41 0
42 0
43 0
44 1
45 0
46 0
47 0
48 0
49 0
50 1
51 0
52 0
53 0
54 0
55 0
56 1
57 0
58 0
59 0
60 0
61 1
62 0
63 0
64 0
65 0
66 1
67 1
68 1
69 1
70 1
71 1
72 1
73 1
74 1
75 1
76 1
77 1
78 1
79 1
80 1
81 1
82 1
83 1
84 1
85 1
86 1
87 1
88 1
89 1
90 1
91 1
92 1
93 7
94 2
95 2
96 2
97 2
98 2
99 2
100 2
101 2
102 2
103 2
104 2
105 2
106 2
107 2
108 2
109 2
110 2
111 2
112 2
113 2
114 2
115 2
116 2
117 2
118 2
119 2
120 2
121 2
122 2
123 2
124 2
125 2
126 2
127 2
128 2
129 2
130 2
131 2
132 2
133 2
134 2
135 2
136 2
137 2
138 2
139 2
140 2
141 2
142 2
143 2
144 2
145 3
146 2
147 3
148 2
149 2
150 2
151 2
152 2
153 2
154 2
155 2
156 2
157 2
158 2
159 2
160 3
161 2
162 3
163 2
164 3
165 2
166 2
167 3
168 2
169 3
170 2
171 3
172 3
173 4
174 4
175 4
176 4
177 4
178 4
179 4
180 4
181 4
182 4
183 4
184 4
185 4
186 4
187 4
188 4
189 4
190 7
191 16
192 16
193 4
194 6
195 4
196 4
197 4
198 4
199 4
200 4
201 4
202 16
203 4
204 4
205 4
206 23
207 4
208 4
209 14
210 16
211 16
212 15
213 15
214 4
215 4
216 4
217 4
218 4
219 14
220 15
221 4
222 14
223 14
224 14
225 14
226 4
227 4
228 4
229 4
230 4
231 4
232 4
233 4
234 4
235 4
236 4
237 4
238 4
239 4
240 4
241 4
242 4
243 4
244 4
245 4
246 4
247 4
248 4
249 4
250 4
251 4
252 4
253 4
254 4
255 4
256 16
257 16
258 6
259 16
260 10
261 20
262 5
263 5
264 5
265 14
266 5
267 5
268 15
269 5
270 14
271 14
272 14
273 14
274 14
275 14
276 14
277 14
278 5
279 14
280 5
281 14
282 14
283 5
284 14
285 5
286 14
287 14
288 14
289 5
290 5
291 5
292 5
293 5
294 14
295 14
296 5
297 14
298 14
299 14
300 14
301 5
302 14
303 14
304 5
305 14
306 14
307 14
308 14
309 14
310 5
311 5
312 5
313 14
314 14
315 5
316 5
317 5
318 14
319 14
320 5
321 14
322 14
323 5
324 5
325 14
326 14
327 5
328 14
329 14
330 14
331 14
332 14
333 14
334 14
335 5
336 5
337 5
338 5
339 5
340 15
341 5
342 14
343 5
344 5
345 14
346 5
347 5
348 5
349 5
350 5
351 5
352 5
353 5
354 5
355 5
356 5
357 14
358 14
359 14
360 5
361 5
362 5
363 5
364 15
365 5
366 5
367 5
368 5
369 5
370 5
371 15
372 5
373 5
374 5
375 15
376 15
377 5
378 15
379 5
380 14
381 5
382 14
383 5
384 14
385 15
386 5
387 14
388 14
389 14
390 14
391 5
392 14
393 14
394 16
395 4
396 4
397 4
398 4
399 4
400 4
401 15
402 25
403 14
404 14
405 15
406 14
407 14
408 25
409 26
410 18
411 14
412 14
413 14
414 5
415 14
416 14
417 14
418 14
419 14
420 5
421 5
422 14
423 5
424 14
425 5
426 14
427 5
428 5
429 5
430 5
431 5
432 5
433 5
434 5
435 5
436 5
437 5
438 5
439 5
440 14
441 5
442 5
443 5
444 5
445 5
446 15
447 5
448 5
449 5
450 25
451 5
452 5
453 25
454 19
455 20
456 15
457 5
458 25
459 5
460 25
461 25
462 5
463 7
464 15
465 25
466 25
467 5
468 14
469 25
470 5
471 25
472 5
473 15
474 15
475 5
476 5
477 25
478 5
479 15
480 5
481 15
482 22
483 22
484 22
485 27
486 11
487 22
488 22
489 26
490 27
491 14
492 4
493 26
494 5
495 10
496 27
497 5
498 5
499 12
500 25
501 25
502 15
503 5
504 5
505 5
506 7
507 5
508 5
509 5
510 5
511 5
512 14
513 5
514 5
515 15
516 5
517 15
518 5
519 5
520 15
521 5
522 15
523 15
524 15
525 15
526 15
527 15
528 5
529 5
530 5
531 14
532 5
533 5
534 5
535 5
536 14
537 5
538 15
539 5
540 5
541 5
542 15
543 5
544 14
545 4
546 6
547 4
548 25
549 16
550 15
551 4
552 4
553 4
554 16
555 15
556 4
557 16
558 16
559 25
560 16
561 21
562 13
563 13
564 6
565 7
566 4
567 6
568 15
569 6
570 27
571 6
572 26
573 6
574 4
575 4
576 7
577 15
578 15
579 15
580 15
581 15
582 14
583 6
584 6
585 6
586 6
587 6
588 16
589 6
590 15
591 14
592 15
593 15
594 25
595 6
596 4
597 15
598 4
599 4
600 15
601 15
602 6
603 15
604 15
605 15
606 27
607 26
608 6
609 14
610 6
611 6
612 6
613 6
614 6
615 6
616 6
617 7
618 15
619 19
620 6
621 7
622 6
623 6
624 19
625 6
626 6
627 6
628 16
629 15
630 15
631 15
632 7
633 6
634 15
635 15
636 15
637 25
638 25
639 14
640 14
641 15
642 7
643 14
644 6
645 15
646 14
647 15
648 15
649 6
650 6
651 6
652 6
653 4
654 15
655 6
656 4
657 6
658 25
659 16
660 16
661 25
662 25
663 16
664 16
665 16
666 25
667 25
668 25
669 25
670 16
671 25
672 25
673 25
674 25
675 25
676 25
677 16
678 16
679 16
680 25
681 25
682 25
683 25
684 6
685 16
686 13
687 6
688 4
689 16
690 13
691 6
692 18
693 1
694 22
695 15
696 11
697 23
698 27
699 27
700 22
701 27
702 16
703 6
704 6
705 6
706 25
707 27
708 16
709 6
710 25
711 16
712 6
713 16
714 6
715 6
716 6
717 6
718 6
719 6
720 16
721 6
722 6
723 6
724 6
725 6
726 16
727 16
728 6
729 6
730 6
731 6
732 13
733 6
734 6
735 6
736 6
737 6
738 6
739 6
740 6
741 6
742 6
743 6
744 6
745 6
746 6
747 6
748 6
749 6
750 6
751 6
752 6
753 6
754 6
755 6
756 27
757 25
758 0
759 2
760 2
761 7
762 7
763 7
764 7
765 7
766 7
767 7
768 7
769 7
770 7
771 7
772 7
773 7
774 7
775 7
776 7
777 7
778 7
779 7
780 7
781 7
782 7
783 7
784 7
785 7
786 7
787 7
788 7
789 7
790 7
791 7
792 7
793 7
794 7
795 7
796 7
797 7
798 7
799 7
800 7
801 7
802 7
803 7
804 7
805 7
806 7
807 7
808 7
809 7
810 7
811 7
812 7
813 7
814 7
815 7
816 7
817 7
818 7
819 7
820 7
821 7
822 7
823 7
824 7
825 7
826 7
827 7
828 7
829 7
830 8
831 8
832 5
833 15
834 8
835 15
836 15
837 22
838 8
839 8
840 8
841 8
842 8
843 8
844 8
845 8
846 8
847 8
848 8
849 8
850 8
851 8
852 8
853 8
854 8
855 8
856 8
857 8
858 8
859 2
860 3
861 2
862 9
863 9
864 9
865 9
866 9
867 9
868 9
869 9
870 27
871 4
872 27
873 27
874 27
875 5
876 27
877 27
878 10
879 27
880 27
881 10
882 10
883 4
884 10
885 4
886 10
887 10
888 10
889 10
890 10
891 4
892 27
893 9
894 2
895 9
896 9
897 9
898 9
899 9
900 9
901 2
902 3
903 16
904 8
905 21
906 9
907 1
908 2
909 0
910 2
911 21
912 21
913 14
914 14
915 21
916 22
917 15
918 21
919 12
920 9
921 14
922 2
923 2
924 9
925 2
926 2
927 2
928 2
929 2
930 9
931 2
932 2
933 2
934 2
935 2
936 2
937 2
938 2
939 2
940 9
941 2
942 9
943 9
944 9
945 9
946 9
947 9
948 9
949 9
950 9
951 9
952 9
953 9
954 9
955 9
956 2
957 2
958 2
959 3
960 9
961 2
962 2
963 2
964 9
965 2
966 2
967 2
968 3
969 9
970 3
971 3
972 3
973 2
974 3
975 3
976 2
977 3
978 2
979 0
980 2
981 3
982 9
983 9
984 9
985 2
986 9
987 2
988 9
989 2
990 2
991 2
992 9
993 9
994 9
995 9
996 9
997 9
998 2
999 2
1000 2
1001 9
1002 3
1003 2
1004 2
1005 3
1006 3
1007 2
1008 9
1009 9
1010 9
1011 2
1012 10
1013 2
1014 9
1015 10
1016 2
1017 2
1018 2
1019 9
1020 9
1021 27
1022 9
1023 9
1024 2
1025 9
1026 9
1027 9
1028 9
1029 9
1030 9
1031 9
1032 9
1033 9
1034 9
1035 9
1036 9
1037 9
1038 9
1039 9
1040 9
1041 9
1042 9
1043 9
1044 9
1045 9
1046 9
1047 9
1048 9
1049 9
1050 2
1051 9
1052 9
1053 9
1054 9
1055 9
1056 9
1057 9
1058 9
1059 9
1060 9
1061 9
1062 9
1063 9
1064 9
1065 9
1066 9
1067 9
1068 9
1069 9
1070 9
1071 9
1072 9
1073 9
1074 9
1075 9
1076 9
1077 9
1078 9
1079 9
1080 9
1081 9
1082 9
1083 9
1084 9
1085 9
1086 9
1087 9
1088 9
1089 9
1090 9
1091 9
1092 9
1093 9
1094 9
1095 9
1096 9
1097 3
1098 9
1099 3
1100 9
1101 10
1102 10
1103 6
1104 4
1105 10
1106 10
1107 10
1108 10
1109 4
1110 10
1111 10
1112 10
1113 4
1114 4
1115 10
1116 10
1117 4
1118 4
1119 27
1120 10
1121 10
1122 6
1123 5
1124 5
1125 5
1126 5
1127 5
1128 10
1129 10
1130 10
1131 6
1132 10
1133 5
1134 5
1135 10
1136 5
1137 10
1138 16
1139 10
1140 4
1141 10
1142 10
1143 4
1144 5
1145 5
1146 4
1147 10
1148 5
1149 4
1150 5
1151 4
1152 5
1153 4
1154 4
1155 5
1156 4
1157 5
1158 4
1159 4
1160 6
1161 5
1162 4
1163 4
1164 5
1165 10
1166 5
1167 5
1168 27
1169 4
1170 10
1171 4
1172 27
1173 10
1174 4
1175 27
1176 10
1177 4
1178 10
1179 4
1180 10
1181 4
1182 5
1183 10
1184 10
1185 27
1186 26
1187 6
1188 6
1189 10
1190 6
1191 10
1192 10
1193 10
1194 10
1195 10
1196 9
1197 9
1198 9
1199 11
1200 11
1201 9
1202 11
1203 11
1204 11
1205 11
1206 11
1207 11
1208 11
1209 11
1210 2
1211 11
1212 11
1213 11
1214 11
1215 11
1216 11
1217 9
1218 11
1219 9
1220 9
1221 9
1222 9
1223 9
1224 9
1225 9
1226 9
1227 9
1228 9
1229 9
1230 0
1231 9
1232 9
1233 11
1234 9
1235 9
1236 9
1237 9
1238 11
1239 4
1240 16
1241 0
1242 27
1243 27
1244 27
1245 27
1246 27
1247 27
1248 27
1249 17
1250 27
1251 27
1252 27
1253 25
1254 27
1255 16
1256 6
1257 27
1258 6
1259 12
1260 12
1261 15
1262 12
1263 14
1264 4
1265 12
1266 12
1267 12
1268 12
1269 12
1270 12
1271 12
1272 12
1273 12
1274 12
1275 12
1276 12
1277 12
1278 12
1279 12
1280 12
1281 12
1282 12
1283 12
1284 12
1285 12
1286 12
1287 12
1288 12
1289 12
1290 12
1291 12
1292 12
1293 12
1294 12
1295 12
1296 12
1297 12
1298 12
1299 12
1300 12
1301 12
1302 12
1303 12
1304 12
1305 12
1306 12
1307 12
1308 12
1309 12
1310 12
1311 12
1312 12
1313 12
1314 12
1315 12
1316 12
1317 12
1318 12
1319 12
1320 16
1321 12
1322 14
1323 14
1324 14
1325 13
1326 15
1327 15
1328 12
1329 14
1330 27
1331 19
1332 12
1333 14
1334 12
1335 14
1336 12
1337 12
1338 27
1339 16
1340 12
1341 13
1342 13
1343 27
1344 13
1345 12
1346 13
1347 27
1348 12
1349 12
1350 27
1351 13
1352 13
1353 13
1354 13
1355 12
1356 13
1357 13
1358 12
1359 12
1360 12
1361 13
1362 12
1363 13
1364 13
1365 12
1366 13
1367 14
1368 12
1369 13
1370 12
1371 13
1372 12
1373 12
1374 12
1375 2
1376 12
1377 13
1378 13
1379 13
1380 13
1381 12
1382 16
1383 13
1384 13
1385 13
1386 13
1387 13
1388 13
1389 13
1390 12
1391 13
1392 13
1393 13
1394 12
1395 13
1396 13
1397 13
1398 13
1399 13
1400 12
1401 12
1402 19
1403 12
1404 12
1405 14
1406 14
1407 14
1408 14
1409 14
1410 14
1411 14
1412 14
1413 14
1414 14
1415 14
1416 14
1417 14
1418 14
1419 14
1420 14
1421 14
1422 14
1423 14
1424 14
1425 14
1426 14
1427 14
1428 14
1429 14
1430 14
1431 14
1432 15
1433 14
1434 14
1435 14
1436 14
1437 14
1438 14
1439 14
1440 15
1441 15
1442 15
1443 14
1444 14
1445 14
1446 14
1447 15
1448 15
1449 14
1450 15
1451 14
1452 14
1453 14
1454 14
1455 14
1456 14
1457 14
1458 14
1459 14
1460 14
1461 14
1462 14
1463 14
1464 14
1465 14
1466 14
1467 14
1468 14
1469 14
1470 14
1471 15
1472 14
1473 14
1474 15
1475 15
1476 15
1477 14
1478 14
1479 14
1480 14
1481 15
1482 14
1483 14
1484 15
1485 15
1486 14
1487 14
1488 14
1489 14
1490 15
1491 13
1492 12
1493 15
1494 15
1495 13
1496 15
1497 14
1498 14
1499 15
1500 14
1501 14
1502 14
1503 14
1504 15
1505 15
1506 13
1507 19
1508 15
1509 14
1510 15
1511 14
1512 15
1513 13
1514 15
1515 14
1516 14
1517 14
1518 14
1519 2
1520 2
1521 2
1522 22
1523 14
1524 -1
1525 -1
1526 -1
1527 -1
1528 22
1529 14
1530 14
1531 -1
1532 12
1533 12
1534 2
1535 27
1536 13
1537 5
1538 0
1539 15
1540 15
1541 15
1542 15
1543 15
1544 14
1545 15
1546 15
1547 15
1548 15
1549 15
1550 15
1551 15
1552 15
1553 15
1554 15
1555 15
1556 15
1557 15
1558 15
1559 15
1560 14
1561 14
1562 14
1563 14
1564 14
1565 15
1566 11
1567 0
1568 14
1569 2
1570 2
1571 14
1572 15
1573 14
1574 15
1575 15
1576 15
1577 15
1578 15
1579 15
1580 15
1581 15
1582 14
1583 14
1584 15
1585 15
1586 14
1587 14
1588 15
1589 15
1590 14
1591 13
1592 1
1593 1
1594 1
1595 1
1596 2
1597 1
1598 2
1599 11
1600 13
1601 13
1602 16
1603 16
1604 16
1605 16
1606 16
1607 16
1608 16
1609 16
1610 16
1611 16
1612 16
1613 16
1614 16
1615 16
1616 13
1617 16
1618 16
1619 16
1620 16
1621 16
1622 16
1623 16
1624 16
1625 16
1626 16
1627 16
1628 13
1629 16
1630 16
1631 16
1632 16
1633 16
1634 16
1635 16
1636 16
1637 16
1638 12
1639 15
1640 15
1641 16
1642 18
1643 4
1644 18
1645 18
1646 17
1647 18
1648 17
1649 27
1650 14
1651 27
1652 17
1653 -1
1654 17
1655 -1
1656 27
1657 -1
1658 -1
1659 18
1660 27
1661 17
1662 17
1663 17
1664 17
1665 17
1666 17
1667 17
1668 17
1669 17
1670 17
1671 17
1672 17
1673 17
1674 17
1675 17
1676 17
1677 17
1678 17
1679 17
1680 17
1681 17
1682 17
1683 17
1684 17
1685 17
1686 17
1687 17
1688 17
1689 17
1690 17
1691 18
1692 17
1693 17
1694 17
1695 17
1696 17
1697 17
1698 17
1699 17
1700 17
1701 17
1702 17
1703 17
1704 17
1705 17
1706 17
1707 17
1708 17
1709 17
1710 17
1711 17
1712 17
1713 17
1714 17
1715 17
1716 17
1717 17
1718 17
1719 17
1720 7
1721 1
1722 1
1723 1
1724 18
1725 18
1726 4
1727 6
1728 6
1729 4
1730 6
1731 6
1732 26
1733 4
1734 18
1735 6
1736 27
1737 0
1738 8
1739 6
1740 0
1741 4
1742 18
1743 18
1744 18
1745 18
1746 18
1747 18
1748 18
1749 18
1750 18
1751 18
1752 18
1753 0
1754 18
1755 18
1756 18
1757 18
1758 18
1759 18
1760 0
1761 18
1762 18
1763 18
1764 23
1765 27
1766 18
1767 0
1768 18
1769 18
1770 18
1771 27
1772 18
1773 18
1774 18
1775 18
1776 18
1777 1
1778 12
1779 23
1780 19
1781 12
1782 19
1783 19
1784 19
1785 13
1786 13
1787 5
1788 6
1789 5
1790 13
1791 13
1792 6
1793 13
1794 16
1795 12
1796 16
1797 19
1798 15
1799 16
1800 16
1801 19
1802 19
1803 19
1804 19
1805 19
1806 19
1807 19
1808 13
1809 19
1810 19
1811 19
1812 12
1813 16
1814 19
1815 16
1816 20
1817 20
1818 20
1819 20
1820 20
1821 20
1822 20
1823 20
1824 20
1825 20
1826 20
1827 20
1828 20
1829 20
1830 20
1831 20
1832 20
1833 20
1834 20
1835 20
1836 19
1837 20
1838 20
1839 20
1840 19
1841 16
1842 12
1843 12
1844 12
1845 16
1846 16
1847 15
1848 15
1849 15
1850 15
1851 21
1852 21
1853 15
1854 21
1855 15
1856 21
1857 21
1858 21
1859 21
1860 21
1861 21
1862 21
1863 12
1864 21
1865 15
1866 21
1867 21
1868 21
1869 15
1870 15
1871 15
1872 15
1873 22
1874 15
1875 21
1876 21
1877 22
1878 12
1879 22
1880 21
1881 12
1882 21
1883 21
1884 21
1885 21
1886 21
1887 21
1888 21
1889 21
1890 22
1891 15
1892 16
1893 15
1894 15
1895 15
1896 16
1897 15
1898 19
1899 22
1900 15
1901 21
1902 21
1903 14
1904 22
1905 14
1906 15
1907 22
1908 21
1909 22
1910 14
1911 14
1912 22
1913 21
1914 22
1915 14
1916 21
1917 22
1918 15
1919 15
1920 15
1921 15
1922 22
1923 21
1924 21
1925 22
1926 15
1927 15
1928 22
1929 22
1930 15
1931 21
1932 22
1933 16
1934 21
1935 21
1936 21
1937 21
1938 21
1939 21
1940 16
1941 15
1942 22
1943 15
1944 15
1945 22
1946 22
1947 22
1948 21
1949 22
1950 22
1951 15
1952 21
1953 21
1954 21
1955 21
1956 16
1957 16
1958 21
1959 23
1960 16
1961 16
1962 15
1963 12
1964 21
1965 15
1966 15
1967 15
1968 21
1969 15
1970 15
1971 22
1972 21
1973 21
1974 21
1975 21
1976 21
1977 15
1978 21
1979 16
1980 15
1981 22
1982 15
1983 15
1984 22
1985 15
1986 21
1987 15
1988 16
1989 21
1990 21
1991 16
1992 21
1993 14
1994 14
1995 14
1996 14
1997 14
1998 14
1999 14
2000 14
2001 14
2002 14
2003 14
2004 14
2005 14
2006 -1
2007 -1
2008 -1
2009 12
2010 2
2011 15
2012 12
2013 14
2014 22
2015 15
2016 14
2017 15
2018 14
2019 15
2020 15
2021 22
2022 15
2023 14
2024 12
2025 12
2026 14
2027 21
2028 14
2029 21
2030 12
2031 15
2032 15
2033 21
2034 21
2035 12
2036 22
2037 15
2038 15
2039 21
2040 15
2041 21
2042 14
2043 14
2044 15
2045 21
2046 21
2047 14
2048 15
2049 15
2050 21
2051 14
2052 21
2053 21
2054 15
2055 14
2056 15
2057 14
2058 15
2059 15
2060 15
2061 15
2062 22
2063 23
2064 15
2065 23
2066 15
2067 23
2068 22
2069 16
2070 15
2071 15
2072 15
2073 23
2074 15
2075 23
2076 15
2077 15
2078 23
2079 15
2080 15
2081 15
2082 15
2083 15
2084 15
2085 15
2086 15
2087 15
2088 15
2089 15
2090 15
2091 15
2092 15
2093 15
2094 15
2095 15
2096 15
2097 15
2098 15
2099 15
2100 15
2101 15
2102 15
2103 15
2104 15
2105 15
2106 15
2107 15
2108 15
2109 15
2110 15
2111 15
2112 15
2113 15
2114 24
2115 18
2116 24
2117 18
2118 18
2119 18
2120 18
2121 18
2122 18
2123 18
2124 18
2125 18
2126 18
2127 26
2128 18
2129 18
2130 18
2131 18
2132 27
2133 18
2134 18
2135 18
2136 26
2137 18
2138 16
2139 18
2140 18
2141 16
2142 18
2143 26
2144 26
2145 18
2146 26
2147 26
2148 26
2149 26
2150 26
2151 26
2152 26
2153 26
2154 24
2155 24
2156 24
2157 24
2158 24
2159 25
2160 24
2161 24
2162 24
2163 24
2164 24
2165 24
2166 24
2167 24
2168 24
2169 24
2170 24
2171 24
2172 24
2173 24
2174 24
2175 24
2176 24
2177 24
2178 24
2179 24
2180 24
2181 24
2182 24
2183 24
2184 24
2185 24
2186 24
2187 24
2188 24
2189 24
2190 24
2191 24
2192 24
2193 24
2194 24
2195 24
2196 24
2197 24
2198 25
2199 25
2200 25
2201 25
2202 25
2203 25
2204 25
2205 25
2206 25
2207 25
2208 25
2209 25
2210 25
2211 25
2212 25
2213 25
2214 25
2215 25
2216 25
2217 25
2218 25
2219 25
2220 25
2221 25
2222 25
2223 25
2224 25
2225 25
2226 25
2227 25
2228 26
2229 0
2230 26
2231 26
2232 26
2233 26
2234 26
2235 26
2236 26
2237 26
2238 26
2239 26
2240 26
2241 26
2242 26
2243 26
2244 26
2245 26
2246 26
2247 26
2248 26
2249 26
2250 26
2251 26
2252 26
2253 26
2254 26
2255 26
2256 26
2257 26
2258 26
2259 26
2260 26
2261 26
2262 8
2263 2
2264 9
2265 14
2266 26
2267 26
2268 26
2269 9
2270 26
2271 2
2272 26
2273 26
2274 26
2275 26
2276 26
2277 26
2278 27
2279 27
2280 27
2281 27
2282 27
2283 27
2284 27
2285 27
2286 27
2287 27
2288 27
2289 27
2290 27
2291 27
2292 27
2293 27
2294 27
2295 27
2296 27
2297 27
2298 27
