2 0
3 0
4 0
5 0
6 0
7 0
8 0
9 0
10 0
11 0
12 0
13 0
14 0
15 0
16 0
17 0
18 0
19 0
20 0
21 0
22 0
23 0
24 0
25 0
26 0
27 0
28 0
29 0
30 0
31 0
32 0
33 0
34 0
35 0
36 0
37 0
38 0
39 0
40 0
41 0
42 0
43 0
44 0
45 1
46 1
47 1
48 1
49 1
50 1
51 26
52 1
53 1
54 1
55 1
56 1
57 1
58 1
59 1
60 1
61 1
62 1
63 1
64 1
65 1
66 1
67 1
68 1
69 1
70 1
71 1
72 1
73 1
74 1
75 1
76 1
77 1
78 1
79 2
80 2
81 2
82 2
83 2
84 2
85 2
86 2
87 2
88 2
89 2
90 2
91 2
92 2
93 2
94 2
95 2
96 2
97 2
98 2
99 2
100 2
101 2
102 2
103 2
104 2
105 2
106 2
107 2
108 2
109 2
110 2
111 2
112 2
113 27
114 2
115 4
116 2
117 2
118 2
119 1
120 7
121 2
122 3
123 3
124 3
125 3
126 3
127 3
128 3
129 3
130 3
131 3
132 3
133 3
134 3
135 3
136 3
137 3
138 3
139 3
140 3
141 3
142 3
143 3
144 3
145 3
146 3
147 3
148 3
149 4
150 4
151 7
152 4
153 4
154 4
155 4
156 4
157 4
158 4
159 4
160 4
161 4
162 4
163 4
164 4
165 4
166 4
167 4
168 4
169 4
170 4
171 4
172 4
173 4
174 4
175 4
176 4
177 4
178 4
179 4
180 4
181 4
182 4
183 7
184 5
185 5
186 5
187 5
188 5
189 5
190 5
191 5
192 7
193 7
194 17
195 27
196 16
197 16
198 4
199 2
200 2
201 2
202 5
203 5
204 5
205 5
206 5
207 5
208 5
209 5
210 19
211 5
212 19
213 5
214 5
215 5
216 5
217 14
218 5
219 5
220 5
221 25
222 5
223 5
224 16
225 7
226 14
227 5
228 5
229 5
230 14
231 14
232 6
233 14
234 14
235 14
236 14
237 14
238 5
239 14
240 14
241 6
242 14
243 14
244 14
245 14
246 14
247 14
248 6
249 14
250 6
251 14
252 14
253 14
254 14
255 6
256 14
257 14
258 6
259 14
260 14
261 14
262 14
263 14
264 14
265 14
266 6
267 6
268 14
269 6
270 14
271 6
272 6
273 6
274 6
275 16
276 6
277 14
278 14
279 16
280 7
281 6
282 16
283 6
284 6
285 6
286 6
287 6
288 6
289 14
290 6
291 16
292 5
293 16
294 6
295 6
296 5
297 6
298 7
299 6
300 7
301 7
302 14
303 6
304 6
305 6
306 6
307 14
308 6
309 7
310 6
311 6
312 7
313 14
314 6
315 6
316 6
317 14
318 6
319 4
320 5
321 13
322 0
323 7
324 7
325 7
326 7
327 7
328 7
329 7
330 7
331 7
332 7
333 7
334 7
335 7
336 7
337 7
338 7
339 7
340 7
341 7
342 27
343 2
344 7
345 2
346 2
347 2
348 2
349 2
350 7
351 2
352 2
353 16
354 17
355 2
356 16
357 2
358 7
359 7
360 7
361 9
362 7
363 7
364 7
365 8
366 8
367 8
368 8
369 8
370 8
371 8
372 8
373 8
374 8
375 8
376 8
377 8
378 8
379 8
380 8
381 8
382 8
383 8
384 8
385 8
386 8
387 8
388 8
389 8
390 8
391 8
392 3
393 2
394 2
395 2
396 2
397 9
398 9
399 9
400 9
401 9
402 9
403 9
404 9
405 9
406 9
407 9
408 9
409 9
410 9
411 9
412 9
413 9
414 9
415 9
416 9
417 9
418 9
419 9
420 9
421 9
422 9
423 9
424 9
425 9
426 9
427 9
428 9
429 9
430 10
431 10
432 10
433 10
434 10
435 10
436 10
437 10
438 10
439 10
440 10
441 10
442 10
443 10
444 10
445 10
446 10
447 10
448 10
449 10
450 10
451 10
452 10
453 10
454 5
455 10
456 10
457 10
458 22
459 5
460 16
461 9
462 11
463 11
464 11
465 11
466 11
467 11
468 11
469 11
470 11
471 11
472 11
473 11
474 11
475 9
476 9
477 9
478 9
479 9
480 11
481 11
482 11
483 9
484 11
485 11
486 11
487 11
488 11
489 9
490 11
491 11
492 9
493 16
494 0
495 16
496 16
497 0
498 5
499 25
500 25
501 6
502 12
503 12
504 12
505 12
506 12
507 12
508 12
509 12
510 12
511 12
512 12
513 9
514 12
515 12
516 12
517 12
518 2
519 12
520 12
521 2
522 12
523 12
524 12
525 12
526 12
527 12
528 12
529 12
530 12
531 12
532 12
533 12
534 12
535 12
536 12
537 12
538 12
539 12
540 12
541 12
542 12
543 13
544 13
545 13
546 13
547 12
548 13
549 13
550 13
551 12
552 2
553 13
554 13
555 13
556 27
557 13
558 13
559 13
560 13
561 13
562 13
563 13
564 13
565 13
566 13
567 13
568 13
569 13
570 13
571 13
572 13
573 13
574 13
575 13
576 12
577 19
578 14
579 14
580 14
581 14
582 14
583 14
584 14
585 14
586 14
587 14
588 14
589 14
590 14
591 14
592 14
593 14
594 14
595 14
596 14
597 14
598 14
599 14
600 14
601 14
602 14
603 14
604 14
605 14
606 14
607 14
608 14
609 14
610 14
611 14
612 14
613 14
614 14
615 14
616 14
617 15
618 15
619 14
620 15
621 15
622 14
623 15
624 15
625 14
626 14
627 14
628 14
629 14
630 14
631 15
632 14
633 15
634 14
635 14
636 15
637 14
638 14
639 14
640 15
641 15
642 15
643 15
644 15
645 15
646 15
647 15
648 15
649 15
650 14
651 15
652 14
653 14
654 15
655 15
656 15
657 15
658 14
659 14
660 15
661 14
662 2
663 2
664 2
665 2
666 2
667 2
668 2
669 11
670 16
671 9
672 15
673 15
674 15
675 15
676 14
677 16
678 16
679 16
680 16
681 16
682 16
683 2
684 2
685 2
686 2
687 23
688 4
689 2
690 22
691 10
692 16
693 16
694 16
695 20
696 13
697 16
698 16
699 16
700 16
701 16
702 16
703 16
704 16
705 16
706 16
707 16
708 16
709 16
710 16
711 16
712 16
713 16
714 16
715 16
716 16
717 16
718 16
719 16
720 16
721 16
722 16
723 16
724 16
725 16
726 16
727 16
728 16
729 16
730 16
731 16
732 2
733 18
734 27
735 22
736 14
737 14
738 0
739 18
740 17
741 2
742 3
743 17
744 2
745 17
746 17
747 12
748 15
749 2
750 2
751 2
752 17
753 17
754 17
755 17
756 17
757 15
758 17
759 17
760 17
761 17
762 17
763 17
764 17
765 17
766 17
767 17
768 17
769 17
770 17
771 17
772 16
773 27
774 2
775 27
776 2
777 17
778 2
779 0
780 0
781 27
782 17
783 17
784 17
785 22
786 17
787 22
788 22
789 17
790 17
791 17
792 17
793 22
794 17
795 17
796 17
797 17
798 17
799 17
800 17
801 17
802 18
803 16
804 18
805 18
806 18
807 1
808 18
809 18
810 1
811 18
812 18
813 18
814 18
815 18
816 18
817 18
818 18
819 18
820 18
821 18
822 27
823 6
824 26
825 23
826 27
827 18
828 27
829 18
830 18
831 18
832 26
833 26
834 18
835 18
836 1
837 1
838 18
839 1
840 18
841 1
842 18
843 4
844 6
845 27
846 6
847 12
848 13
849 16
850 16
851 16
852 19
853 19
854 19
855 19
856 19
857 19
858 19
859 19
860 19
861 16
862 20
863 20
864 16
865 19
866 19
867 20
868 19
869 19
870 19
871 19
872 19
873 19
874 19
875 19
876 19
877 19
878 19
879 19
880 19
881 19
882 19
883 19
884 20
885 20
886 20
887 20
888 20
889 20
890 20
891 20
892 20
893 20
894 20
895 20
896 19
897 20
898 20
899 20
900 20
901 20
902 20
903 20
904 20
905 19
906 20
907 20
908 20
909 20
910 20
911 20
912 2
913 2
914 2
915 13
916 2
917 2
918 27
919 2
920 2
921 2
922 21
923 15
924 14
925 21
926 14
927 15
928 22
929 14
930 15
931 22
932 22
933 15
934 15
935 15
936 14
937 14
938 14
939 14
940 15
941 14
942 15
943 15
944 14
945 14
946 14
947 15
948 15
949 14
950 15
951 14
952 15
953 15
954 14
955 22
956 22
957 22
958 22
959 22
960 14
961 14
962 22
963 22
964 15
965 22
966 22
967 22
968 22
969 22
970 22
971 22
972 22
973 22
974 22
975 15
976 22
977 22
978 22
979 15
980 15
981 22
982 21
983 12
984 22
985 12
986 22
987 12
988 22
989 23
990 15
991 23
992 9
993 21
994 26
995 3
996 3
997 27
998 3
999 2
1000 2
1001 0
1002 14
1003 14
1004 23
1005 15
1006 23
1007 14
1008 15
1009 15
1010 14
1011 14
1012 15
1013 15
1014 15
1015 14
1016 15
1017 15
1018 14
1019 15
1020 15
1021 14
1022 15
1023 15
1024 14
1025 14
1026 14
1027 23
1028 15
1029 24
1030 2
1031 26
1032 26
1033 -1
1034 -1
1035 -1
1036 24
1037 26
1038 26
1039 26
1040 18
1041 -1
1042 24
1043 24
1044 24
1045 24
1046 24
1047 24
1048 24
1049 24
1050 24
1051 24
1052 24
1053 24
1054 24
1055 24
1056 24
1057 24
1058 24
1059 24
1060 24
1061 24
1062 24
1063 24
1064 24
1065 24
1066 24
1067 24
1068 24
1069 24
1070 24
1071 24
1072 24
1073 24
1074 24
1075 24
1076 24
1077 24
1078 24
1079 24
1080 24
1081 25
1082 25
1083 25
1084 25
1085 25
1086 25
1087 25
1088 25
1089 25
1090 25
1091 25
1092 25
1093 25
1094 25
1095 25
1096 25
1097 25
1098 25
1099 25
1100 25
1101 25
1102 25
1103 25
1104 25
1105 25
1106 25
1107 25
1108 25
1109 25
1110 25
1111 25
1112 25
1113 25
1114 25
1115 25
1116 25
1117 27
1118 27
1119 17
1120 27
1121 27
1122 27
1123 27
1124 27
1125 27
1126 27
1127 27
1128 27
1129 26
1130 26
1131 26
1132 26
1133 26
1134 26
1135 26
1136 26
1137 26
1138 26
1139 26
1140 26
1141 26
1142 26
1143 26
1144 26
1145 26
1146 26
1147 26
1148 26
1149 26
1150 26
1151 26
1152 26
1153 26
1154 26
1155 26
1156 26
1157 26
1158 26
1159 26
1160 26
1161 26
1162 26
1163 26
1164 26
1165 26
1166 26
1167 26
1168 26
1169 26
1170 26
1171 26
1172 26
1173 26
1174 26
1175 26
1176 26
1177 26
1178 26
1179 26
1180 26
1181 18
1182 27
1183 27
1184 27
1185 27
1186 27
1187 27
1188 27
1189 27
1190 27
1191 27
1192 27
1193 27
1194 27
1195 27
1196 27
1197 27
1198 27
1199 27
1200 27
1201 27
1202 27
1203 27
1204 27
1205 27
1206 27
1207 27
1208 27
1209 27
1210 27
1211 27
1212 27
1213 27
1214 27
1215 27
1216 27
1217 27
1218 27
1219 27
1220 27
1221 27
1222 27
1223 2
1224 2
1225 2
1226 2
1227 2
1228 2
1229 2
1230 27
1231 2
1232 2
1233 2
1234 2
1235 2
1236 27
1237 27
1238 27
1239 27
1240 27
1241 2
1242 27
1243 2
1244 1
1245 27
1246 27
1247 27
1248 27
1249 2
1250 27
1251 27
1252 27
1253 27
1254 27
1255 27
1256 27
1257 27
1258 27
1259 27
1260 27
1261 27
1262 27
1263 27
1264 27
1265 27
1266 27
1267 27
1268 27
1269 27
1270 27
1271 27
1272 2
1273 2
1274 3
1275 27
1276 27
1277 27
1278 27
1279 27
1280 27
1281 27
1282 27
1283 27
1284 27
1285 27
1286 27
1287 27
1288 27
1289 27
1290 27
1291 27
1292 27
1293 27
1294 27
1295 27
1296 27
1297 27
1298 27
1299 27
1300 27
1301 27
1302 27
1303 27
1304 27
1305 27
1306 27
1307 27
1308 27
1309 27
1310 3
1311 3
1312 18
1313 14
1314 4
1315 18
1316 27
1317 7
1318 16
1319 27
1320 18
1321 2
1322 27
1323 27
1324 27
1325 27
1326 27
1327 27
1328 27
1329 27
1330 27
1331 27
1332 27
1333 27
1334 27
1335 27
1336 1
1337 18
1338 27
1339 27
1340 27
1341 27
1342 27
1343 27
1344 27
1345 27
1346 27
1347 27
1348 27
1349 27
1350 27
1351 27
1352 27
1353 27
1354 27
