2 11
3 1
4 18
5 23
6 1
7 8
8 1
9 8
10 18
11 11
12 11
13 23
14 27
15 27
16 13
17 22
18 2
19 13
20 11
21 8
22 9
23 23
24 6
25 6
26 9
27 9
28 11
29 10
30 11
31 12
32 27
33 3
34 0
35 9
36 0
37 0
38 27
39 2
40 1
41 0
42 2
43 27
44 18
45 12
46 27
47 6
48 13
49 13
50 13
51 2
52 23
53 13
54 27
55 0
56 23
57 9
58 23
59 23
60 0
61 2
62 13
63 13
64 4
65 3
66 27
67 0
68 0
69 1
70 1
71 2
72 17
73 6
74 2
75 0
76 6
77 6
78 18
79 6
80 2
81 6
82 23
83 6
84 6
85 6
86 23
87 25
88 13
89 6
90 23
91 11
92 23
93 11
94 18
95 23
96 11
97 11
98 23
99 1
100 23
101 23
102 26
103 2
104 2
105 18
106 23
107 26
108 2
109 26
110 2
111 2
112 18
113 11
114 2
115 26
116 18
117 11
118 18
119 16
120 6
121 16
122 6
123 6
124 2
125 11
126 0
127 6
128 6
129 6
130 6
131 11
132 3
133 6
134 6
135 6
136 7
137 6
138 6
139 6
140 2
141 7
142 8
143 13
144 11
145 13
146 8
147 23
148 8
149 6
150 0
151 27
152 6
153 8
154 9
155 3
156 23
157 9
158 8
159 23
160 27
161 27
162 27
163 2
164 24
165 18
166 2
167 9
168 2
169 6
170 2
171 27
172 3
173 3
174 3
175 0
176 0
177 11
178 0
179 0
180 3
181 27
182 16
183 2
184 9
185 18
186 23
187 0
188 23
189 0
190 0
191 26
192 23
193 16
194 23
195 11
196 23
197 8
198 23
199 26
200 23
201 14
202 27
203 18
204 18
205 17
206 2
207 18
208 12
209 18
210 17
211 18
212 18
213 17
214 6
215 8
216 3
217 8
218 23
219 2
220 18
221 8
222 18
223 18
224 18
225 13
226 18
227 2
228 13
229 12
230 18
231 18
232 8
233 11
234 8
235 23
236 11
237 18
238 8
239 23
240 11
241 23
242 6
243 23
244 16
245 18
246 9
247 2
248 27
249 18
250 16
251 18
252 11
253 9
254 18
255 18
256 8
257 11
258 18
259 9
260 23
261 6
262 4
263 2
264 2
265 2
266 3
267 0
268 0
269 0
270 9
271 0
272 16
273 0
274 2
275 2
276 9
277 0
278 2
279 2
280 2
281 2
282 11
283 0
284 11
285 23
286 9
287 6
288 14
289 23
290 23
291 18
292 9
293 6
294 11
295 11
296 18
297 11
298 23
299 23
300 18
301 26
302 23
303 18
304 23
305 2
306 23
307 23
308 18
309 1
310 18
311 23
312 2
313 3
314 3
315 3
316 3
317 3
318 3
319 3
320 3
321 3
322 6
323 1
324 6
325 13
326 3
327 6
328 3
329 6
330 3
331 6
332 0
333 3
334 3
335 3
336 3
337 3
338 3
339 3
340 3
341 3
342 11
343 26
344 4
345 2
346 6
347 0
348 7
349 1
350 8
351 26
352 9
353 10
354 10
355 7
356 9
357 10
358 13
359 13
360 12
361 13
362 1
363 2
364 5
365 22
366 4
367 9
368 2
369 18
370 9
371 22
372 11
373 2
374 27
375 2
376 2
377 2
378 2
379 2
380 27
381 2
382 25
383 25
384 25
385 5
386 26
387 5
388 5
389 5
390 5
391 5
392 5
393 18
394 23
395 2
396 5
397 16
398 23
399 27
400 5
401 27
402 23
403 3
404 5
405 5
406 2
407 5
408 3
409 3
410 17
411 23
412 2
413 27
414 9
415 2
416 18
417 18
418 6
419 2
420 27
421 16
422 27
423 16
424 4
425 11
426 11
427 5
428 6
429 26
430 11
431 6
432 3
433 27
434 3
435 26
436 5
437 27
438 6
439 6
440 3
441 16
442 3
443 3
444 2
445 9
446 2
447 3
448 2
449 3
450 3
451 16
452 10
453 16
454 11
455 23
456 27
457 9
458 27
459 23
460 23
461 27
462 27
463 27
464 26
465 18
466 10
467 17
468 27
469 2
470 27
471 11
472 24
473 7
474 7
475 7
476 7
477 7
478 7
479 23
480 5
481 7
482 7
483 7
484 7
485 7
486 7
487 7
488 7
489 7
490 7
491 7
492 7
493 8
494 23
495 7
496 7
497 23
498 7
499 7
500 7
501 5
502 7
503 7
504 7
505 23
506 2
507 7
508 27
509 27
510 7
511 27
512 6
513 6
514 6
515 0
516 6
517 6
518 1
519 6
520 6
521 0
522 23
523 0
524 16
525 5
526 4
527 0
528 0
529 7
530 7
531 18
532 26
533 3
534 12
535 12
536 2
537 12
538 2
539 0
540 2
541 1
542 1
543 4
544 7
545 17
546 7
547 7
548 7
549 10
550 7
551 5
552 6
553 7
554 7
555 7
556 7
557 7
558 6
559 7
560 7
561 7
562 23
563 23
564 23
565 18
566 23
567 23
568 23
569 23
570 8
571 6
572 8
573 8
574 8
575 8
576 8
577 8
578 7
579 8
580 8
581 8
582 27
583 5
584 8
585 5
586 23
587 8
588 23
589 26
590 11
591 23
592 6
593 16
594 9
595 9
596 9
597 10
598 9
599 9
600 9
601 9
602 23
603 23
604 23
605 5
606 2
607 2
608 0
609 23
610 9
611 2
612 9
613 27
614 2
615 2
616 9
617 9
618 9
619 9
620 9
621 10
622 10
623 10
624 10
625 10
626 10
627 10
628 10
629 10
630 10
631 10
632 10
633 10
634 10
635 10
636 10
637 10
638 10
639 10
640 10
641 7
642 3
643 7
644 27
645 18
646 11
647 11
648 0
649 0
650 27
651 25
652 7
653 3
654 3
655 3
656 10
657 3
658 11
659 6
660 0
661 3
662 10
663 11
664 11
665 17
666 7
667 11
668 7
669 2
670 4
671 0
672 4
673 3
674 27
675 11
676 6
677 6
678 6
679 27
680 6
681 6
682 3
683 11
684 11
685 11
686 6
687 3
688 11
689 6
690 11
691 27
692 6
693 6
694 27
695 27
696 16
697 11
698 6
699 0
700 0
701 6
702 27
703 2
704 2
705 2
706 9
707 2
708 0
709 18
710 17
711 17
712 27
713 6
714 11
715 16
716 27
717 9
718 26
719 2
720 27
721 27
722 2
723 23
724 2
725 27
726 11
727 4
728 27
729 3
730 3
731 11
732 0
733 0
734 0
735 0
736 0
737 0
738 0
739 0
740 0
741 16
742 0
743 0
744 0
745 0
746 0
747 0
748 0
749 7
750 0
751 7
752 27
753 0
754 7
755 7
756 11
757 6
758 27
759 12
760 27
761 3
762 11
763 9
764 11
765 6
766 9
767 11
768 6
769 12
770 12
771 9
772 8
773 24
774 6
775 23
776 23
777 2
778 23
779 23
780 27
781 23
782 27
783 9
784 11
785 18
786 27
787 23
788 5
789 11
790 9
791 11
792 5
793 1
794 17
795 5
796 6
797 27
798 16
799 9
800 1
801 8
802 6
803 11
804 6
805 3
806 12
807 19
808 14
809 6
810 11
811 16
812 27
813 5
814 6
815 2
816 2
817 8
818 27
819 27
820 5
821 6
822 11
823 6
824 11
825 6
826 18
827 11
828 14
829 5
830 11
831 16
832 9
833 6
834 15
835 15
836 15
837 15
838 15
839 23
840 15
841 15
842 15
843 15
844 15
845 15
846 9
847 15
848 15
849 15
850 15
851 15
852 15
853 23
854 18
855 9
856 2
857 4
858 18
859 27
860 11
861 18
862 17
863 27
864 3
865 3
866 11
867 7
868 16
869 17
870 11
871 9
872 18
873 11
874 27
875 6
876 6
877 6
878 16
879 16
880 27
881 16
882 11
883 23
884 6
885 9
886 5
887 9
888 0
889 23
890 23
891 23
892 19
893 23
894 3
895 19
896 18
897 23
898 27
899 23
900 23
901 5
902 6
903 18
904 16
905 11
906 6
907 16
908 16
909 9
910 11
911 27
912 6
913 27
914 6
915 6
916 6
917 6
918 27
919 6
920 27
921 11
922 23
923 6
924 11
925 23
926 23
927 23
928 23
929 23
930 23
931 23
932 18
933 27
934 9
935 9
936 18
937 6
938 11
939 23
940 2
941 11
942 16
943 16
944 11
945 6
946 6
947 11
948 16
949 6
950 6
951 11
952 6
953 23
954 23
955 10
956 1
957 6
958 5
959 8
960 5
961 16
962 4
963 6
964 8
965 6
966 6
967 8
968 27
969 3
970 27
971 27
972 11
973 6
974 16
975 5
976 10
977 10
978 10
979 4
980 4
981 4
982 13
983 13
984 13
985 13
986 13
987 13
988 13
989 13
990 13
991 5
992 13
993 13
994 14
995 13
996 16
997 14
998 14
999 14
1000 13
1001 15
1002 13
1003 13
1004 13
1005 13
1006 13
1007 14
1008 17
1009 17
1010 17
1011 17
1012 8
1013 6
1014 8
1015 18
1016 0
1017 23
1018 18
1019 19
1020 26
1021 11
1022 6
1023 11
1024 11
1025 17
1026 3
1027 11
1028 17
1029 11
1030 17
1031 16
1032 6
1033 17
1034 16
1035 17
1036 17
1037 17
1038 23
1039 18
1040 17
1041 6
1042 17
1043 17
1044 17
1045 18
1046 18
1047 11
1048 11
1049 6
1050 6
1051 11
1052 11
1053 18
1054 7
1055 11
1056 27
1057 1
1058 1
1059 11
1060 6
1061 18
1062 11
1063 6
1064 11
1065 27
1066 11
1067 18
1068 11
1069 6
1070 6
1071 11
1072 16
1073 11
1074 6
1075 6
1076 27
1077 2
1078 6
1079 6
1080 6
1081 6
1082 18
1083 18
1084 18
1085 18
1086 18
1087 18
1088 18
1089 0
1090 18
1091 18
1092 16
1093 16
1094 27
1095 16
1096 6
1097 16
1098 11
1099 18
1100 11
1101 9
1102 27
1103 27
1104 7
1105 16
1106 18
1107 18
1108 18
1109 7
1110 18
1111 18
1112 12
1113 6
1114 18
1115 13
1116 9
1117 9
1118 9
1119 13
1120 0
1121 13
1122 19
1123 8
1124 8
1125 6
1126 13
1127 13
1128 11
1129 5
1130 25
1131 3
1132 11
1133 4
1134 7
1135 17
1136 2
1137 11
1138 13
1139 11
1140 2
1141 16
1142 18
1143 11
1144 11
1145 18
1146 9
1147 18
1148 2
1149 19
1150 16
1151 27
1152 27
1153 27
1154 11
1155 16
1156 6
1157 18
1158 16
1159 11
1160 18
1161 27
1162 18
1163 18
1164 18
1165 18
1166 23
1167 4
1168 4
1169 19
1170 19
1171 19
1172 19
1173 19
1174 19
1175 19
1176 19
1177 19
1178 19
1179 19
1180 19
1181 19
1182 19
1183 19
1184 19
1185 19
1186 19
1187 19
1188 20
1189 19
1190 19
1191 19
1192 19
1193 20
1194 19
1195 20
1196 19
1197 20
1198 20
1199 20
1200 20
1201 20
1202 20
1203 20
1204 20
1205 20
1206 20
1207 20
1208 20
1209 20
1210 20
1211 20
1212 20
1213 19
1214 20
1215 19
1216 20
1217 19
1218 20
1219 20
1220 20
1221 20
1222 20
1223 20
1224 20
1225 19
1226 9
1227 19
1228 20
1229 20
1230 20
1231 20
1232 20
1233 20
1234 20
1235 20
1236 20
1237 20
1238 20
1239 19
1240 20
1241 20
1242 4
1243 2
1244 20
1245 20
1246 20
1247 20
1248 20
1249 20
1250 20
1251 20
1252 19
1253 19
1254 20
1255 19
1256 16
1257 19
1258 19
1259 16
1260 16
1261 16
1262 16
1263 27
1264 18
1265 27
1266 27
1267 16
1268 21
1269 11
1270 16
1271 11
1272 19
1273 21
1274 15
1275 21
1276 17
1277 21
1278 21
1279 21
1280 21
1281 22
1282 21
1283 21
1284 2
1285 21
1286 21
1287 21
1288 16
1289 10
1290 22
1291 21
1292 22
1293 22
1294 22
1295 22
1296 27
1297 21
1298 22
1299 21
1300 21
1301 22
1302 22
1303 22
1304 22
1305 22
1306 22
1307 22
1308 22
1309 22
1310 22
1311 22
1312 22
1313 22
1314 22
1315 22
1316 22
1317 22
1318 22
1319 22
1320 22
1321 22
1322 22
1323 22
1324 22
1325 22
1326 22
1327 22
1328 22
1329 22
1330 18
1331 21
1332 27
1333 10
1334 12
1335 0
1336 2
1337 17
1338 23
1339 18
1340 7
1341 18
1342 23
1343 23
1344 23
1345 23
1346 23
1347 23
1348 27
1349 6
1350 16
1351 23
1352 3
1353 11
1354 6
1355 9
1356 23
1357 23
1358 16
1359 23
1360 18
1361 23
1362 23
1363 23
1364 23
1365 23
1366 23
1367 23
1368 14
1369 14
1370 23
1371 23
1372 23
1373 10
1374 23
1375 14
1376 23
1377 15
1378 14
1379 11
1380 3
1381 23
1382 23
1383 6
1384 23
1385 23
1386 23
1387 14
1388 23
1389 26
1390 14
1391 10
1392 14
1393 23
1394 14
1395 15
1396 15
1397 15
1398 15
1399 15
1400 6
1401 16
1402 16
1403 18
1404 16
1405 18
1406 16
1407 10
1408 2
1409 18
1410 5
1411 16
1412 11
1413 11
1414 6
1415 24
1416 24
1417 24
1418 24
1419 24
1420 24
1421 0
1422 1
1423 0
1424 0
1425 10
1426 11
1427 9
1428 0
1429 3
1430 24
1431 9
1432 24
1433 24
1434 24
1435 5
1436 24
1437 6
1438 5
1439 24
1440 24
1441 24
1442 24
1443 24
1444 24
1445 24
1446 27
1447 24
1448 24
1449 11
1450 27
1451 11
1452 11
1453 16
1454 16
1455 11
1456 6
1457 27
1458 2
1459 11
1460 16
1461 6
1462 16
1463 16
1464 2
1465 11
1466 0
1467 1
1468 18
1469 27
1470 16
1471 10
1472 24
1473 24
1474 2
1475 17
1476 18
1477 17
1478 24
1479 24
1480 24
1481 24
1482 16
1483 27
1484 26
1485 26
1486 26
1487 26
1488 0
1489 26
1490 26
1491 26
1492 27
1493 27
1494 2
1495 2
1496 10
1497 2
1498 14
1499 27
1500 2
1501 2
1502 26
1503 26
1504 26
1505 26
1506 26
1507 26
1508 26
1509 18
1510 6
1511 16
1512 6
1513 11
1514 6
1515 11
1516 18
1517 25
1518 11
1519 6
1520 18
1521 24
1522 15
1523 10
1524 2
1525 0
1526 22
1527 0
1528 0
1529 2
1530 0
1531 5
1532 16
1533 11
1534 16
1535 6
1536 16
1537 16
