2 0
3 0
4 0
5 0
6 6
7 0
8 0
9 0
10 0
11 0
12 6
13 12
14 6
15 6
16 2
17 2
18 14
19 14
20 2
21 22
22 0
23 0
24 1
25 0
26 0
27 0
28 0
29 0
30 0
31 0
32 0
33 0
34 0
35 0
36 0
37 0
38 0
39 4
40 0
41 0
42 0
43 0
44 0
45 0
46 7
47 1
48 7
49 1
50 1
51 1
52 1
53 1
54 1
55 1
56 1
57 1
58 1
59 1
60 1
61 1
62 1
63 1
64 1
65 4
66 1
67 1
68 1
69 1
70 1
71 1
72 1
73 1
74 1
75 1
76 1
77 1
78 1
79 18
80 2
81 2
82 2
83 2
84 2
85 2
86 2
87 2
88 2
89 2
90 2
91 2
92 4
93 4
94 17
95 2
96 4
97 4
98 17
99 2
100 6
101 4
102 2
103 2
104 2
105 2
106 2
107 2
108 2
109 2
110 2
111 2
112 2
113 2
114 2
115 2
116 2
117 2
118 3
119 2
120 2
121 3
122 3
123 3
124 3
125 3
126 3
127 3
128 3
129 3
130 3
131 3
132 3
133 3
134 3
135 3
136 3
137 3
138 3
139 3
140 3
141 3
142 3
143 3
144 3
145 3
146 3
147 3
148 3
149 3
150 3
151 3
152 3
153 3
154 3
155 3
156 3
157 3
158 4
159 4
160 4
161 4
162 4
163 4
164 4
165 4
166 4
167 4
168 4
169 4
170 4
171 4
172 4
173 4
174 4
175 4
176 4
177 4
178 4
179 4
180 4
181 4
182 4
183 4
184 4
185 4
186 4
187 4
188 4
189 4
190 4
191 4
192 4
193 4
194 4
195 4
196 4
197 5
198 25
199 25
200 5
201 5
202 5
203 5
204 5
205 5
206 5
207 5
208 5
209 5
210 5
211 5
212 5
213 5
214 5
215 5
216 5
217 5
218 5
219 5
220 5
221 5
222 5
223 5
224 5
225 5
226 5
227 5
228 5
229 5
230 5
231 5
232 5
233 5
234 5
235 5
236 25
237 25
238 4
239 25
240 25
241 4
242 25
243 5
244 4
245 5
246 5
247 25
248 5
249 5
250 5
251 5
252 27
253 27
254 27
255 27
256 6
257 5
258 6
259 6
260 6
261 27
262 4
263 4
264 6
265 4
266 6
267 4
268 4
269 4
270 4
271 4
272 4
273 4
274 4
275 6
276 6
277 6
278 4
279 4
280 6
281 4
282 4
283 4
284 27
285 27
286 27
287 4
288 16
289 13
290 7
291 7
292 7
293 7
294 7
295 7
296 7
297 7
298 7
299 7
300 7
301 7
302 7
303 7
304 7
305 12
306 7
307 12
308 13
309 13
310 7
311 7
312 7
313 7
314 7
315 7
316 7
317 7
318 7
319 7
320 8
321 8
322 8
323 8
324 8
325 8
326 8
327 8
328 8
329 8
330 8
331 8
332 8
333 8
334 8
335 8
336 8
337 8
338 8
339 8
340 8
341 8
342 8
343 8
344 8
345 8
346 8
347 8
348 8
349 26
350 2
351 2
352 11
353 11
354 9
355 9
356 9
357 9
358 9
359 0
360 0
361 0
362 0
363 0
364 0
365 0
366 11
367 11
368 11
369 11
370 11
371 11
372 11
373 11
374 11
375 11
376 11
377 11
378 11
379 11
380 0
381 11
382 11
383 0
384 0
385 3
386 0
387 3
388 3
389 10
390 10
391 10
392 10
393 10
394 10
395 10
396 10
397 10
398 10
399 10
400 10
401 10
402 5
403 3
404 3
405 3
406 3
407 10
408 10
409 3
410 3
411 3
412 10
413 0
414 10
415 1
416 10
417 10
418 10
419 3
420 0
421 3
422 3
423 11
424 3
425 4
426 7
427 3
428 6
429 3
430 6
431 6
432 3
433 6
434 3
435 3
436 3
437 3
438 6
439 3
440 3
441 3
442 2
443 2
444 17
445 2
446 2
447 3
448 2
449 2
450 3
451 3
452 3
453 3
454 11
455 11
456 11
457 4
458 3
459 3
460 3
461 4
462 1
463 2
464 1
465 4
466 10
467 11
468 11
469 11
470 2
471 0
472 3
473 11
474 11
475 11
476 11
477 3
478 11
479 11
480 11
481 11
482 11
483 11
484 11
485 11
486 11
487 11
488 11
489 11
490 11
491 11
492 11
493 11
494 7
495 7
496 7
497 2
498 7
499 1
500 0
501 0
502 0
503 0
504 0
505 0
506 2
507 2
508 0
509 0
510 0
511 15
512 17
513 17
514 0
515 0
516 0
517 0
518 0
519 0
520 0
521 0
522 0
523 0
524 0
525 0
526 0
527 0
528 0
529 0
530 0
531 0
532 2
533 2
534 3
535 3
536 12
537 3
538 2
539 3
540 3
541 12
542 22
543 4
544 3
545 4
546 12
547 7
548 12
549 12
550 3
551 3
552 0
553 4
554 3
555 12
556 4
557 16
558 12
559 3
560 3
561 3
562 27
563 17
564 27
565 24
566 27
567 16
568 16
569 10
570 16
571 27
572 7
573 21
574 12
575 12
576 21
577 12
578 12
579 21
580 12
581 21
582 12
583 12
584 12
585 12
586 12
587 2
588 16
589 12
590 12
591 12
592 12
593 2
594 12
595 4
596 4
597 4
598 4
599 4
600 3
601 4
602 12
603 12
604 12
605 12
606 12
607 12
608 12
609 12
610 12
611 12
612 7
613 7
614 7
615 7
616 18
617 18
618 18
619 18
620 7
621 12
622 10
623 0
624 2
625 4
626 4
627 3
628 4
629 3
630 3
631 1
632 13
633 13
634 13
635 13
636 13
637 13
638 13
639 13
640 13
641 13
642 7
643 7
644 7
645 2
646 7
647 7
648 7
649 7
650 7
651 2
652 3
653 12
654 3
655 12
656 4
657 12
658 24
659 12
660 12
661 12
662 13
663 13
664 13
665 13
666 13
667 13
668 12
669 12
670 16
671 14
672 14
673 14
674 14
675 14
676 14
677 14
678 14
679 14
680 14
681 14
682 14
683 14
684 14
685 14
686 14
687 14
688 14
689 14
690 14
691 14
692 14
693 14
694 14
695 14
696 14
697 14
698 14
699 14
700 14
701 14
702 21
703 21
704 12
705 12
706 21
707 21
708 12
709 21
710 12
711 12
712 14
713 14
714 14
715 12
716 15
717 15
718 15
719 15
720 15
721 15
722 15
723 15
724 15
725 15
726 15
727 15
728 15
729 15
730 15
731 15
732 15
733 15
734 15
735 15
736 15
737 15
738 15
739 15
740 15
741 15
742 3
743 15
744 15
745 15
746 9
747 2
748 25
749 25
750 4
751 25
752 16
753 16
754 16
755 16
756 16
757 16
758 16
759 16
760 16
761 16
762 4
763 4
764 4
765 4
766 2
767 22
768 4
769 22
770 22
771 4
772 7
773 1
774 3
775 1
776 3
777 3
778 2
779 2
780 3
781 7
782 12
783 12
784 23
785 12
786 3
787 12
788 12
789 12
790 12
791 21
792 17
793 17
794 17
795 17
796 17
797 17
798 17
799 17
800 27
801 17
802 17
803 17
804 17
805 17
806 17
807 17
808 17
809 17
810 17
811 17
812 27
813 27
814 27
815 27
816 0
817 27
818 2
819 2
820 2
821 2
822 18
823 18
824 18
825 18
826 18
827 18
828 18
829 18
830 18
831 18
832 18
833 18
834 18
835 18
836 18
837 18
838 27
839 18
840 27
841 27
842 3
843 3
844 3
845 3
846 3
847 3
848 3
849 1
850 3
851 1
852 1
853 1
854 1
855 3
856 0
857 3
858 1
859 1
860 4
861 2
862 14
863 14
864 14
865 6
866 14
867 6
868 14
869 18
870 5
871 5
872 4
873 2
874 2
875 2
876 2
877 14
878 2
879 27
880 16
881 5
882 4
883 4
884 3
885 4
886 3
887 4
888 4
889 4
890 4
891 4
892 4
893 7
894 18
895 18
896 4
897 18
898 18
899 0
900 18
901 18
902 4
903 18
904 18
905 18
906 4
907 18
908 18
909 18
910 18
911 0
912 4
913 4
914 18
915 18
916 18
917 7
918 7
919 18
920 18
921 18
922 4
923 27
924 4
925 4
926 27
927 27
928 27
929 27
930 4
931 4
932 4
933 5
934 4
935 27
936 16
937 27
938 27
939 27
940 27
941 27
942 4
943 15
944 7
945 2
946 2
947 18
948 2
949 2
950 4
951 18
952 18
953 4
954 7
955 18
956 18
957 4
958 4
959 7
960 7
961 4
962 7
963 10
964 7
965 1
966 27
967 1
968 18
969 2
970 7
971 7
972 3
973 1
974 1
975 1
976 1
977 1
978 1
979 1
980 1
981 1
982 6
983 13
984 6
985 6
986 6
987 6
988 6
989 6
990 6
991 10
992 19
993 19
994 19
995 19
996 19
997 21
998 19
999 19
1000 19
1001 13
1002 20
1003 20
1004 20
1005 20
1006 20
1007 20
1008 20
1009 20
1010 20
1011 20
1012 20
1013 20
1014 20
1015 20
1016 20
1017 20
1018 20
1019 20
1020 20
1021 20
1022 20
1023 20
1024 4
1025 20
1026 20
1027 3
1028 20
1029 20
1030 20
1031 0
1032 20
1033 20
1034 20
1035 20
1036 20
1037 20
1038 20
1039 19
1040 19
1041 16
1042 7
1043 1
1044 3
1045 1
1046 1
1047 6
1048 2
1049 6
1050 1
1051 1
1052 21
1053 21
1054 21
1055 21
1056 21
1057 15
1058 21
1059 21
1060 21
1061 21
1062 16
1063 13
1064 13
1065 16
1066 13
1067 13
1068 13
1069 14
1070 14
1071 14
1072 21
1073 21
1074 21
1075 21
1076 21
1077 21
1078 21
1079 22
1080 21
1081 21
1082 2
1083 2
1084 1
1085 2
1086 2
1087 1
1088 2
1089 2
1090 10
1091 3
1092 15
1093 12
1094 21
1095 21
1096 21
1097 22
1098 15
1099 15
1100 22
1101 21
1102 3
1103 1
1104 3
1105 1
1106 1
1107 1
1108 1
1109 3
1110 3
1111 3
1112 23
1113 23
1114 23
1115 23
1116 7
1117 2
1118 2
1119 2
1120 2
1121 23
1122 23
1123 23
1124 23
1125 23
1126 23
1127 23
1128 23
1129 23
1130 23
1131 23
1132 23
1133 23
1134 23
1135 23
1136 23
1137 23
1138 23
1139 23
1140 23
1141 12
1142 12
1143 12
1144 21
1145 12
1146 1
1147 1
1148 1
1149 12
1150 12
1151 1
1152 26
1153 24
1154 24
1155 24
1156 24
1157 24
1158 26
1159 15
1160 0
1161 18
1162 26
1163 26
1164 25
1165 15
1166 15
1167 18
1168 26
1169 18
1170 26
1171 18
1172 2
1173 2
1174 3
1175 2
1176 3
1177 2
1178 16
1179 26
1180 3
1181 2
1182 13
1183 24
1184 24
1185 24
1186 13
1187 13
1188 13
1189 18
1190 13
1191 26
1192 12
1193 12
1194 12
1195 7
1196 7
1197 12
1198 7
1199 7
1200 12
1201 7
1202 26
1203 24
1204 24
1205 24
1206 24
1207 18
1208 24
1209 26
1210 0
1211 26
1212 18
1213 18
1214 24
1215 26
1216 26
1217 18
1218 24
1219 18
1220 18
1221 18
1222 2
1223 3
1224 2
1225 9
1226 14
1227 9
1228 0
1229 2
1230 18
1231 9
1232 18
1233 0
1234 14
1235 7
1236 9
1237 9
1238 7
1239 2
1240 7
1241 7
1242 2
1243 2
1244 3
1245 2
1246 2
1247 3
1248 2
1249 3
1250 3
1251 3
1252 25
1253 25
1254 25
1255 25
1256 16
1257 27
1258 25
1259 16
1260 25
1261 27
1262 4
1263 4
1264 1
1265 4
1266 11
1267 3
1268 2
1269 4
1270 1
1271 3
1272 12
1273 12
1274 3
1275 3
1276 3
1277 3
1278 12
1279 4
1280 12
1281 13
1282 1
1283 3
1284 3
1285 3
1286 12
1287 3
1288 3
1289 7
1290 1
1291 3
1292 7
1293 7
1294 7
1295 7
1296 12
1297 7
1298 7
1299 7
1300 7
1301 4
1302 7
1303 7
1304 7
1305 7
1306 7
1307 7
1308 10
1309 7
1310 7
1311 7
1312 11
1313 7
1314 7
1315 3
1316 7
1317 3
1318 3
1319 3
1320 3
1321 3
1322 1
1323 12
1324 7
1325 12
1326 12
1327 22
1328 12
1329 12
1330 7
1331 1
1332 1
1333 1
1334 1
1335 1
1336 1
1337 1
1338 1
1339 1
1340 1
1341 1
1342 25
1343 24
1344 25
1345 25
1346 25
1347 25
1348 25
1349 26
1350 25
1351 25
1352 4
1353 3
1354 4
1355 4
1356 4
1357 12
1358 4
1359 4
1360 3
1361 12
1362 16
1363 27
1364 24
1365 25
1366 13
1367 2
1368 0
1369 2
1370 27
1371 2
1372 25
1373 22
1374 25
1375 6
1376 15
1377 14
1378 22
1379 15
1380 24
1381 27
1382 1
1383 1
1384 14
1385 13
1386 1
1387 1
1388 1
1389 4
1390 1
1391 1
1392 14
1393 27
1394 27
1395 14
1396 14
1397 16
1398 18
1399 27
1400 21
1401 27
1402 1
1403 1
1404 1
1405 6
1406 1
1407 1
1408 1
1409 3
1410 3
1411 13
1412 4
1413 4
1414 4
1415 4
1416 12
1417 4
1418 7
1419 4
1420 7
1421 4
1422 14
1423 2
1424 2
1425 14
1426 14
1427 14
1428 15
1429 16
1430 22
1431 16
1432 4
1433 12
1434 12
1435 4
1436 4
1437 4
1438 4
1439 4
1440 4
1441 4
1442 4
1443 2
1444 13
1445 3
1446 3
1447 20
1448 12
1449 4
1450 4
1451 2
1452 7
1453 7
1454 7
1455 7
1456 7
1457 7
1458 7
1459 7
1460 7
1461 7
1462 7
1463 12
1464 12
1465 4
1466 7
1467 7
1468 12
1469 12
1470 12
1471 12
1472 4
1473 7
1474 16
1475 7
1476 12
1477 16
1478 16
1479 12
1480 7
1481 12
1482 12
1483 7
1484 7
1485 12
1486 12
1487 12
1488 12
1489 12
1490 7
1491 7
1492 24
1493 25
1494 4
1495 14
1496 27
1497 25
1498 2
1499 14
1500 25
1501 25
1502 4
1503 4
1504 4
1505 12
1506 4
1507 4
1508 4
1509 4
1510 4
1511 12
1512 1
1513 21
1514 12
1515 4
1516 12
1517 12
1518 12
1519 12
1520 12
1521 12
1522 14
1523 14
1524 14
1525 14
1526 14
1527 14
1528 14
1529 14
1530 4
1531 2
1532 4
1533 27
1534 4
1535 10
1536 10
1537 14
1538 27
1539 27
1540 4
1541 6
1542 24
1543 4
1544 4
1545 27
1546 27
1547 14
1548 27
1549 16
1550 2
1551 12
1552 4
1553 14
1554 4
1555 26
1556 26
1557 4
1558 26
1559 26
1560 26
1561 3
1562 26
1563 18
1564 26
1565 26
1566 26
1567 26
1568 26
1569 26
1570 4
1571 26
1572 26
1573 26
1574 26
1575 26
1576 26
1577 26
1578 25
1579 26
1580 26
1581 26
1582 25
1583 26
1584 26
1585 26
1586 27
1587 27
1588 18
1589 18
1590 16
1591 18
1592 3
1593 14
1594 14
1595 2
1596 2
1597 10
1598 16
1599 14
1600 14
1601 1
1602 27
1603 27
1604 27
1605 27
