2 0
3 0
4 0
5 0
6 0
7 0
8 0
9 0
10 0
11 0
12 0
13 0
14 0
15 0
16 27
17 0
18 0
19 0
20 0
21 0
22 0
23 0
24 0
25 0
26 0
27 0
28 0
29 0
30 0
31 0
32 1
33 0
34 0
35 0
36 0
37 0
38 0
39 0
40 0
41 0
42 0
43 0
44 0
45 0
46 0
47 0
48 0
49 0
50 0
51 0
52 0
53 0
54 0
55 0
56 0
57 0
58 0
59 0
60 0
61 0
62 0
63 0
64 0
65 0
66 0
67 1
68 0
69 0
70 0
71 0
72 0
73 0
74 0
75 0
76 1
77 0
78 0
79 0
80 0
81 0
82 0
83 0
84 0
85 0
86 0
87 0
88 0
89 0
90 0
91 0
92 1
93 1
94 1
95 1
96 1
97 1
98 0
99 1
100 1
101 1
102 1
103 1
104 1
105 1
106 1
107 1
108 1
109 1
110 1
111 1
112 1
113 1
114 1
115 0
116 1
117 1
118 1
119 1
120 1
121 1
122 1
123 1
124 0
125 1
126 1
127 1
128 1
129 1
130 1
131 0
132 0
133 0
134 1
135 1
136 1
137 1
138 1
139 1
140 1
141 1
142 1
143 1
144 0
145 0
146 1
147 1
148 1
149 1
150 0
151 1
152 1
153 1
154 0
155 1
156 0
157 1
158 1
159 8
160 2
161 2
162 2
163 2
164 2
165 3
166 2
167 3
168 3
169 2
170 2
171 2
172 2
173 2
174 2
175 2
176 2
177 2
178 2
179 2
180 2
181 2
182 2
183 2
184 2
185 2
186 2
187 2
188 2
189 2
190 2
191 2
192 2
193 2
194 2
195 2
196 2
197 2
198 2
199 2
200 2
201 2
202 2
203 2
204 2
205 2
206 2
207 2
208 2
209 2
210 2
211 2
212 2
213 2
214 2
215 2
216 2
217 2
218 3
219 3
220 2
221 3
222 3
223 3
224 3
225 3
226 3
227 3
228 3
229 3
230 5
231 3
232 4
233 3
234 4
235 4
236 4
237 4
238 5
239 4
240 3
241 5
242 4
243 4
244 5
245 5
246 4
247 5
248 4
249 3
250 10
251 5
252 3
253 3
254 3
255 3
256 3
257 3
258 3
259 3
260 3
261 3
262 4
263 5
264 3
265 5
266 3
267 4
268 4
269 4
270 15
271 16
272 4
273 6
274 4
275 4
276 0
277 4
278 1
279 4
280 10
281 4
282 4
283 4
284 4
285 4
286 4
287 4
288 4
289 2
290 4
291 3
292 4
293 3
294 4
295 4
296 3
297 4
298 4
299 4
300 4
301 4
302 -1
303 3
304 4
305 4
306 4
307 4
308 3
309 6
310 4
311 4
312 6
313 3
314 4
315 4
316 6
317 4
318 4
319 4
320 4
321 4
322 4
323 4
324 4
325 4
326 4
327 4
328 4
329 6
330 4
331 4
332 4
333 4
334 4
335 4
336 4
337 4
338 4
339 4
340 4
341 4
342 4
343 4
344 4
345 4
346 4
347 4
348 4
349 4
350 10
351 5
352 5
353 5
354 5
355 5
356 5
357 5
358 5
359 5
360 5
361 5
362 5
363 5
364 5
365 5
366 5
367 5
368 5
369 5
370 5
371 5
372 5
373 5
374 5
375 5
376 5
377 5
378 5
379 5
380 5
381 5
382 5
383 5
384 5
385 5
386 5
387 5
388 5
389 5
390 5
391 5
392 5
393 5
394 5
395 5
396 5
397 5
398 5
399 5
400 5
401 5
402 5
403 5
404 5
405 5
406 6
407 6
408 4
409 6
410 6
411 6
412 4
413 4
414 4
415 6
416 4
417 4
418 5
419 14
420 6
421 10
422 4
423 2
424 6
425 6
426 4
427 4
428 4
429 4
430 6
431 4
432 4
433 15
434 5
435 5
436 4
437 10
438 5
439 5
440 6
441 15
442 5
443 10
444 4
445 5
446 5
447 6
448 5
449 6
450 5
451 6
452 4
453 4
454 4
455 14
456 6
457 5
458 6
459 6
460 6
461 6
462 6
463 4
464 6
465 5
466 4
467 14
468 5
469 5
470 5
471 4
472 5
473 16
474 5
475 5
476 10
477 6
478 10
479 19
480 6
481 6
482 4
483 4
484 4
485 5
486 5
487 6
488 4
489 6
490 2
491 6
492 5
493 19
494 5
495 5
496 5
497 15
498 5
499 5
500 10
501 10
502 6
503 5
504 4
505 5
506 6
507 19
508 1
509 8
510 7
511 7
512 7
513 7
514 7
515 7
516 7
517 7
518 7
519 7
520 7
521 7
522 7
523 7
524 7
525 7
526 7
527 7
528 7
529 7
530 7
531 7
532 7
533 7
534 7
535 7
536 7
537 7
538 7
539 7
540 7
541 7
542 7
543 7
544 7
545 7
546 7
547 7
548 7
549 7
550 7
551 7
552 7
553 7
554 7
555 7
556 8
557 7
558 7
559 7
560 7
561 7
562 7
563 7
564 7
565 7
566 7
567 7
568 7
569 8
570 8
571 8
572 8
573 8
574 8
575 8
576 8
577 8
578 8
579 8
580 8
581 8
582 8
583 8
584 8
585 8
586 8
587 8
588 8
589 8
590 8
591 8
592 8
593 8
594 8
595 8
596 8
597 2
598 3
599 3
600 3
601 9
602 9
603 9
604 9
605 9
606 9
607 9
608 9
609 9
610 9
611 9
612 9
613 9
614 9
615 9
616 9
617 9
618 9
619 9
620 9
621 9
622 9
623 9
624 9
625 9
626 9
627 9
628 9
629 9
630 9
631 9
632 9
633 9
634 9
635 9
636 2
637 10
638 9
639 10
640 10
641 10
642 10
643 10
644 10
645 10
646 9
647 10
648 10
649 10
650 10
651 10
652 4
653 10
654 10
655 10
656 9
657 10
658 10
659 9
660 10
661 9
662 10
663 5
664 9
665 10
666 10
667 10
668 10
669 17
670 10
671 10
672 10
673 10
674 10
675 9
676 10
677 10
678 10
679 10
680 10
681 10
682 10
683 10
684 9
685 9
686 4
687 10
688 10
689 5
690 9
691 9
692 10
693 10
694 10
695 10
696 10
697 5
698 10
699 10
700 10
701 10
702 5
703 5
704 10
705 10
706 10
707 10
708 5
709 2
710 10
711 10
712 10
713 10
714 5
715 10
716 10
717 10
718 10
719 10
720 10
721 10
722 10
723 10
724 10
725 10
726 10
727 10
728 10
729 5
730 10
731 10
732 9
733 10
734 9
735 10
736 10
737 10
738 9
739 9
740 10
741 10
742 10
743 10
744 9
745 10
746 9
747 10
748 10
749 10
750 10
751 10
752 10
753 10
754 10
755 10
756 10
757 10
758 10
759 10
760 10
761 10
762 10
763 10
764 10
765 10
766 10
767 10
768 10
769 10
770 10
771 10
772 10
773 10
774 10
775 9
776 9
777 11
778 3
779 2
780 11
781 11
782 11
783 11
784 11
785 11
786 11
787 11
788 11
789 11
790 11
791 11
792 11
793 11
794 11
795 11
796 11
797 11
798 11
799 11
800 11
801 11
802 11
803 11
804 11
805 11
806 11
807 11
808 2
809 2
810 0
811 0
812 0
813 0
814 0
815 0
816 0
817 0
818 0
819 0
820 0
821 0
822 0
823 0
824 7
825 19
826 13
827 12
828 12
829 12
830 4
831 12
832 12
833 12
834 12
835 12
836 12
837 12
838 12
839 12
840 13
841 12
842 4
843 4
844 12
845 4
846 12
847 12
848 12
849 12
850 12
851 12
852 12
853 7
854 12
855 13
856 7
857 13
858 13
859 13
860 6
861 12
862 12
863 13
864 12
865 4
866 13
867 13
868 13
869 13
870 13
871 13
872 13
873 13
874 13
875 13
876 13
877 13
878 13
879 13
880 13
881 13
882 13
883 13
884 13
885 13
886 13
887 13
888 14
889 15
890 15
891 15
892 15
893 15
894 15
895 15
896 15
897 15
898 15
899 15
900 15
901 15
902 15
903 14
904 14
905 14
906 14
907 14
908 15
909 14
910 14
911 14
912 14
913 14
914 14
915 15
916 14
917 14
918 14
919 14
920 14
921 14
922 14
923 14
924 14
925 14
926 14
927 14
928 14
929 14
930 14
931 14
932 14
933 14
934 14
935 15
936 15
937 15
938 15
939 15
940 15
941 15
942 15
943 15
944 15
945 15
946 15
947 15
948 15
949 15
950 15
951 15
952 15
953 15
954 15
955 15
956 15
957 15
958 15
959 15
960 15
961 15
962 15
963 15
964 14
965 14
966 14
967 14
968 14
969 14
970 14
971 14
972 14
973 14
974 14
975 14
976 14
977 14
978 14
979 14
980 14
981 14
982 14
983 14
984 14
985 14
986 14
987 14
988 14
989 14
990 14
991 15
992 14
993 14
994 14
995 14
996 14
997 14
998 14
999 14
1000 14
1001 14
1002 14
1003 14
1004 14
1005 14
1006 14
1007 14
1008 14
1009 16
1010 14
1011 16
1012 16
1013 16
1014 16
1015 16
1016 16
1017 16
1018 16
1019 16
1020 16
1021 16
1022 16
1023 16
1024 16
1025 16
1026 16
1027 16
1028 16
1029 16
1030 16
1031 16
1032 16
1033 16
1034 16
1035 16
1036 16
1037 16
1038 16
1039 16
1040 16
1041 16
1042 16
1043 16
1044 16
1045 16
1046 16
1047 16
1048 16
1049 16
1050 16
1051 16
1052 16
1053 16
1054 16
1055 16
1056 16
1057 16
1058 16
1059 16
1060 16
1061 16
1062 16
1063 16
1064 16
1065 16
1066 16
1067 16
1068 10
1069 0
1070 17
1071 17
1072 17
1073 17
1074 17
1075 17
1076 17
1077 17
1078 17
1079 17
1080 17
1081 17
1082 17
1083 17
1084 17
1085 17
1086 17
1087 17
1088 17
1089 17
1090 17
1091 17
1092 17
1093 17
1094 17
1095 17
1096 17
1097 17
1098 17
1099 17
1100 17
1101 17
1102 17
1103 17
1104 17
1105 22
1106 22
1107 17
1108 17
1109 17
1110 17
1111 17
1112 17
1113 17
1114 17
1115 17
1116 17
1117 17
1118 17
1119 17
1120 17
1121 17
1122 17
1123 17
1124 17
1125 17
1126 17
1127 17
1128 17
1129 17
1130 17
1131 17
1132 17
1133 17
1134 17
1135 17
1136 17
1137 17
1138 17
1139 17
1140 7
1141 18
1142 18
1143 18
1144 18
1145 18
1146 18
1147 18
1148 18
1149 18
1150 18
1151 18
1152 18
1153 18
1154 18
1155 18
1156 18
1157 18
1158 18
1159 18
1160 18
1161 18
1162 18
1163 18
1164 18
1165 18
1166 18
1167 18
1168 18
1169 18
1170 18
1171 18
1172 18
1173 18
1174 18
1175 18
1176 18
1177 18
1178 18
1179 18
1180 18
1181 18
1182 18
1183 18
1184 18
1185 18
1186 18
1187 18
1188 18
1189 18
1190 18
1191 18
1192 18
1193 18
1194 18
1195 18
1196 18
1197 18
1198 18
1199 18
1200 19
1201 19
1202 19
1203 19
1204 19
1205 19
1206 19
1207 19
1208 19
1209 19
1210 19
1211 19
1212 19
1213 19
1214 19
1215 19
1216 19
1217 19
1218 19
1219 19
1220 19
1221 19
1222 19
1223 20
1224 20
1225 20
1226 20
1227 19
1228 20
1229 19
1230 19
1231 20
1232 20
1233 19
1234 19
1235 19
1236 19
1237 20
1238 20
1239 20
1240 20
1241 20
1242 20
1243 20
1244 20
1245 20
1246 20
1247 20
1248 20
1249 20
1250 20
1251 20
1252 20
1253 20
1254 20
1255 13
1256 7
1257 19
1258 21
1259 21
1260 21
1261 21
1262 21
1263 15
1264 22
1265 21
1266 21
1267 22
1268 21
1269 21
1270 22
1271 21
1272 21
1273 22
1274 21
1275 21
1276 21
1277 21
1278 21
1279 21
1280 15
1281 22
1282 21
1283 21
1284 15
1285 21
1286 15
1287 21
1288 22
1289 15
1290 22
1291 22
1292 22
1293 22
1294 22
1295 22
1296 22
1297 22
1298 22
1299 22
1300 22
1301 22
1302 22
1303 22
1304 22
1305 22
1306 22
1307 22
1308 22
1309 22
1310 22
1311 22
1312 22
1313 15
1314 18
1315 23
1316 23
1317 23
1318 23
1319 23
1320 23
1321 23
1322 23
1323 14
1324 23
1325 23
1326 23
1327 23
1328 23
1329 23
1330 23
1331 23
1332 23
1333 23
1334 23
1335 23
1336 15
1337 23
1338 23
1339 23
1340 23
1341 23
1342 23
1343 23
1344 23
1345 23
1346 23
1347 23
1348 23
1349 23
1350 23
1351 23
1352 18
1353 1
1354 25
1355 15
1356 15
1357 24
1358 24
1359 24
1360 24
1361 24
1362 24
1363 24
1364 24
1365 24
1366 24
1367 24
1368 24
1369 24
1370 24
1371 24
1372 24
1373 24
1374 24
1375 24
1376 24
1377 24
1378 24
1379 24
1380 24
1381 24
1382 24
1383 24
1384 24
1385 24
1386 24
1387 24
1388 24
1389 24
1390 24
1391 24
1392 24
1393 24
1394 24
1395 24
1396 24
1397 24
1398 24
1399 24
1400 24
1401 24
1402 24
1403 24
1404 24
1405 24
1406 24
1407 24
1408 24
1409 24
1410 24
1411 24
1412 24
1413 24
1414 24
1415 24
1416 24
1417 24
1418 24
1419 24
1420 24
1421 24
1422 24
1423 24
1424 24
1425 24
1426 24
1427 24
1428 24
1429 24
1430 24
1431 24
1432 24
1433 24
1434 24
1435 24
1436 24
1437 24
1438 24
1439 24
1440 24
1441 24
1442 24
1443 24
1444 24
1445 24
1446 24
1447 24
1448 24
1449 24
1450 24
1451 24
1452 24
1453 24
1454 24
1455 24
1456 24
1457 24
1458 24
1459 24
1460 24
1461 24
1462 24
1463 24
1464 24
1465 24
1466 24
1467 24
1468 24
1469 24
1470 24
1471 24
1472 24
1473 25
1474 25
1475 25
1476 25
1477 25
1478 25
1479 25
1480 25
1481 25
1482 25
1483 25
1484 25
1485 25
1486 25
1487 25
1488 25
1489 25
1490 25
1491 25
1492 25
1493 25
1494 25
1495 25
1496 25
1497 25
1498 25
1499 25
1500 25
1501 25
1502 26
1503 18
1504 26
1505 0
1506 1
1507 0
1508 1
1509 1
1510 26
1511 26
1512 26
1513 26
1514 0
1515 0
1516 0
1517 26
1518 3
1519 3
1520 2
1521 3
1522 24
1523 24
1524 26
1525 26
1526 0
1527 18
1528 26
1529 26
1530 24
1531 24
1532 0
1533 24
1534 26
1535 0
1536 26
1537 26
1538 26
1539 26
1540 26
1541 26
1542 26
1543 26
1544 26
1545 26
1546 26
1547 26
1548 26
1549 26
1550 26
1551 26
1552 26
1553 26
1554 26
1555 26
1556 26
1557 26
1558 26
1559 26
1560 26
1561 26
1562 26
1563 26
1564 26
1565 26
1566 26
1567 26
1568 26
1569 26
1570 26
1571 26
1572 26
1573 26
1574 26
1575 26
1576 26
1577 26
1578 26
1579 26
1580 26
1581 26
1582 26
1583 26
1584 26
1585 26
1586 26
1587 26
1588 26
1589 26
1590 26
1591 26
1592 24
1593 27
1594 27
1595 27
1596 27
1597 27
1598 27
1599 27
1600 27
1601 27
1602 27
1603 27
1604 27
