2 12
3 16
4 6
5 25
6 25
7 0
8 0
9 0
10 0
11 0
12 0
13 0
14 1
15 1
16 0
17 0
18 0
19 0
20 0
21 0
22 0
23 0
24 0
25 0
26 0
27 0
28 0
29 0
30 0
31 0
32 0
33 0
34 0
35 0
36 0
37 0
38 0
39 0
40 0
41 8
42 0
43 0
44 0
45 0
46 0
47 0
48 0
49 0
50 0
51 0
52 0
53 0
54 0
55 0
56 0
57 0
58 1
59 0
60 0
61 0
62 0
63 0
64 0
65 0
66 1
67 7
68 0
69 0
70 0
71 0
72 0
73 0
74 13
75 0
76 0
77 0
78 0
79 0
80 1
81 8
82 8
83 1
84 8
85 1
86 1
87 1
88 1
89 1
90 1
91 1
92 1
93 1
94 1
95 1
96 1
97 1
98 1
99 1
100 1
101 1
102 1
103 1
104 1
105 1
106 2
107 2
108 3
109 2
110 2
111 2
112 2
113 2
114 2
115 2
116 2
117 3
118 2
119 2
120 2
121 2
122 2
123 2
124 2
125 2
126 2
127 2
128 2
129 2
130 2
131 2
132 2
133 2
134 2
135 2
136 2
137 2
138 2
139 2
140 2
141 2
142 2
143 2
144 2
145 2
146 3
147 3
148 3
149 3
150 3
151 3
152 3
153 3
154 3
155 3
156 3
157 3
158 3
159 3
160 3
161 3
162 3
163 3
164 3
165 3
166 3
167 3
168 3
169 3
170 3
171 3
172 6
173 7
174 4
175 27
176 7
177 4
178 7
179 9
180 7
181 0
182 4
183 0
184 4
185 4
186 4
187 4
188 7
189 4
190 4
191 4
192 27
193 0
194 4
195 4
196 0
197 0
198 0
199 4
200 4
201 4
202 10
203 2
204 4
205 2
206 4
207 27
208 -1
209 4
210 4
211 2
212 4
213 4
214 4
215 4
216 4
217 4
218 4
219 4
220 4
221 4
222 0
223 4
224 4
225 4
226 4
227 4
228 4
229 4
230 4
231 4
232 4
233 4
234 4
235 4
236 4
237 0
238 4
239 4
240 4
241 4
242 4
243 4
244 4
245 4
246 4
247 5
248 5
249 5
250 5
251 5
252 5
253 10
254 5
255 5
256 5
257 5
258 5
259 5
260 5
261 5
262 5
263 5
264 5
265 5
266 5
267 5
268 5
269 5
270 5
271 5
272 5
273 5
274 5
275 5
276 5
277 5
278 5
279 5
280 5
281 5
282 5
283 5
284 5
285 5
286 5
287 6
288 6
289 4
290 6
291 6
292 6
293 6
294 18
295 6
296 5
297 3
298 4
299 6
300 6
301 6
302 6
303 6
304 6
305 0
306 6
307 5
308 6
309 6
310 5
311 6
312 6
313 6
314 18
315 6
316 6
317 5
318 17
319 6
320 22
321 6
322 6
323 17
324 6
325 6
326 6
327 6
328 6
329 4
330 6
331 5
332 6
333 4
334 4
335 27
336 18
337 18
338 17
339 22
340 6
341 5
342 5
343 5
344 5
345 6
346 9
347 6
348 6
349 6
350 17
351 5
352 5
353 6
354 6
355 6
356 17
357 5
358 4
359 4
360 6
361 4
362 27
363 27
364 0
365 6
366 27
367 0
368 17
369 0
370 0
371 0
372 5
373 17
374 17
375 4
376 0
377 5
378 5
379 6
380 4
381 5
382 13
383 5
384 5
385 13
386 5
387 6
388 13
389 5
390 5
391 22
392 6
393 6
394 6
395 6
396 6
397 13
398 6
399 16
400 10
401 16
402 27
403 27
404 27
405 5
406 5
407 5
408 27
409 5
410 27
411 27
412 18
413 3
414 5
415 5
416 27
417 27
418 5
419 4
420 27
421 16
422 27
423 27
424 27
425 27
426 5
427 27
428 27
429 27
430 27
431 16
432 2
433 7
434 0
435 11
436 11
437 9
438 27
439 13
440 16
441 13
442 23
443 23
444 4
445 4
446 4
447 17
448 17
449 17
450 17
451 17
452 17
453 17
454 17
455 17
456 17
457 17
458 17
459 17
460 2
461 0
462 2
463 18
464 0
465 0
466 0
467 0
468 0
469 3
470 0
471 3
472 0
473 1
474 1
475 11
476 6
477 1
478 3
479 3
480 11
481 0
482 3
483 2
484 3
485 3
486 0
487 0
488 10
489 10
490 27
491 10
492 10
493 11
494 10
495 10
496 10
497 10
498 3
499 10
500 0
501 10
502 3
503 3
504 0
505 0
506 10
507 10
508 0
509 0
510 3
511 3
512 0
513 0
514 27
515 1
516 1
517 1
518 1
519 0
520 7
521 7
522 0
523 7
524 7
525 7
526 7
527 7
528 7
529 7
530 7
531 7
532 7
533 7
534 7
535 7
536 7
537 7
538 7
539 7
540 7
541 7
542 7
543 7
544 7
545 7
546 7
547 7
548 7
549 8
550 7
551 8
552 8
553 8
554 8
555 8
556 8
557 8
558 8
559 8
560 8
561 8
562 8
563 8
564 8
565 8
566 8
567 8
568 8
569 8
570 8
571 8
572 8
573 8
574 8
575 8
576 8
577 8
578 8
579 7
580 9
581 9
582 2
583 2
584 9
585 9
586 9
587 9
588 9
589 9
590 9
591 9
592 9
593 9
594 9
595 9
596 9
597 9
598 9
599 9
600 9
601 9
602 9
603 9
604 9
605 9
606 9
607 9
608 9
609 9
610 9
611 9
612 9
613 9
614 9
615 9
616 9
617 9
618 9
619 9
620 9
621 9
622 9
623 9
624 9
625 9
626 9
627 9
628 9
629 10
630 10
631 10
632 10
633 10
634 10
635 10
636 10
637 10
638 10
639 10
640 10
641 10
642 10
643 10
644 10
645 10
646 10
647 10
648 10
649 10
650 10
651 10
652 10
653 10
654 10
655 10
656 10
657 10
658 10
659 10
660 10
661 10
662 10
663 9
664 11
665 10
666 11
667 11
668 11
669 2
670 11
671 11
672 11
673 11
674 11
675 11
676 11
677 11
678 11
679 11
680 11
681 11
682 11
683 3
684 11
685 11
686 11
687 11
688 11
689 11
690 11
691 11
692 11
693 11
694 11
695 0
696 0
697 1
698 1
699 6
700 6
701 12
702 12
703 5
704 12
705 1
706 6
707 12
708 12
709 12
710 12
711 12
712 12
713 12
714 12
715 12
716 12
717 12
718 12
719 12
720 12
721 12
722 12
723 12
724 12
725 12
726 12
727 12
728 12
729 12
730 12
731 12
732 12
733 12
734 12
735 12
736 12
737 12
738 12
739 12
740 12
741 12
742 12
743 13
744 13
745 13
746 13
747 13
748 13
749 13
750 13
751 13
752 13
753 13
754 13
755 13
756 13
757 13
758 13
759 13
760 13
761 13
762 13
763 13
764 13
765 13
766 13
767 13
768 5
769 14
770 14
771 14
772 14
773 14
774 14
775 14
776 14
777 14
778 15
779 15
780 14
781 15
782 15
783 15
784 14
785 14
786 15
787 14
788 14
789 14
790 14
791 15
792 14
793 14
794 14
795 14
796 14
797 14
798 14
799 15
800 15
801 15
802 15
803 15
804 15
805 15
806 15
807 15
808 15
809 15
810 15
811 15
812 15
813 15
814 15
815 15
816 15
817 15
818 15
819 15
820 15
821 15
822 15
823 15
824 15
825 15
826 15
827 15
828 19
829 16
830 14
831 16
832 14
833 16
834 14
835 16
836 16
837 16
838 16
839 16
840 16
841 16
842 16
843 16
844 16
845 16
846 16
847 16
848 16
849 16
850 16
851 16
852 16
853 16
854 16
855 15
856 16
857 16
858 16
859 16
860 16
861 16
862 16
863 16
864 16
865 16
866 16
867 16
868 16
869 16
870 16
871 16
872 16
873 16
874 16
875 16
876 16
877 16
878 16
879 16
880 16
881 16
882 16
883 16
884 16
885 16
886 16
887 16
888 16
889 16
890 16
891 16
892 16
893 16
894 16
895 16
896 16
897 16
898 16
899 16
900 16
901 16
902 16
903 16
904 16
905 16
906 16
907 16
908 16
909 16
910 16
911 16
912 16
913 16
914 16
915 16
916 16
917 16
918 16
919 16
920 16
921 16
922 16
923 16
924 16
925 16
926 16
927 16
928 16
929 16
930 16
931 16
932 14
933 13
934 21
935 19
936 16
937 13
938 27
939 16
940 13
941 13
942 14
943 16
944 16
945 16
946 16
947 13
948 16
949 16
950 16
951 13
952 16
953 16
954 13
955 16
956 16
957 16
958 16
959 16
960 16
961 16
962 16
963 16
964 16
965 16
966 16
967 6
968 17
969 17
970 17
971 22
972 17
973 17
974 17
975 17
976 17
977 17
978 17
979 17
980 17
981 17
982 17
983 17
984 17
985 17
986 17
987 17
988 17
989 17
990 17
991 17
992 17
993 17
994 17
995 17
996 17
997 17
998 17
999 17
1000 17
1001 17
1002 17
1003 17
1004 17
1005 17
1006 17
1007 17
1008 17
1009 18
1010 18
1011 18
1012 18
1013 18
1014 18
1015 18
1016 18
1017 18
1018 18
1019 18
1020 18
1021 18
1022 18
1023 18
1024 18
1025 18
1026 18
1027 18
1028 18
1029 18
1030 18
1031 18
1032 18
1033 18
1034 18
1035 18
1036 18
1037 18
1038 18
1039 18
1040 18
1041 18
1042 18
1043 18
1044 18
1045 18
1046 18
1047 12
1048 12
1049 19
1050 19
1051 19
1052 19
1053 19
1054 19
1055 19
1056 19
1057 19
1058 19
1059 19
1060 19
1061 19
1062 19
1063 19
1064 19
1065 19
1066 19
1067 19
1068 19
1069 19
1070 19
1071 19
1072 19
1073 19
1074 19
1075 19
1076 19
1077 19
1078 19
1079 19
1080 19
1081 19
1082 19
1083 19
1084 20
1085 20
1086 20
1087 20
1088 20
1089 20
1090 20
1091 20
1092 20
1093 20
1094 20
1095 20
1096 20
1097 20
1098 20
1099 20
1100 20
1101 20
1102 20
1103 20
1104 20
1105 20
1106 20
1107 20
1108 20
1109 20
1110 20
1111 20
1112 20
1113 20
1114 20
1115 19
1116 16
1117 21
1118 15
1119 22
1120 22
1121 22
1122 22
1123 21
1124 21
1125 17
1126 21
1127 22
1128 21
1129 21
1130 22
1131 22
1132 17
1133 21
1134 22
1135 4
1136 21
1137 21
1138 22
1139 22
1140 22
1141 22
1142 22
1143 22
1144 22
1145 15
1146 22
1147 22
1148 15
1149 22
1150 22
1151 22
1152 22
1153 22
1154 22
1155 22
1156 22
1157 22
1158 22
1159 22
1160 22
1161 22
1162 22
1163 22
1164 22
1165 22
1166 22
1167 22
1168 22
1169 22
1170 21
1171 12
1172 21
1173 23
1174 23
1175 23
1176 23
1177 23
1178 23
1179 23
1180 23
1181 23
1182 23
1183 23
1184 23
1185 23
1186 23
1187 23
1188 23
1189 23
1190 23
1191 23
1192 23
1193 23
1194 23
1195 23
1196 23
1197 23
1198 23
1199 23
1200 23
1201 12
1202 21
1203 15
1204 26
1205 24
1206 24
1207 24
1208 24
1209 24
1210 24
1211 24
1212 24
1213 24
1214 24
1215 24
1216 24
1217 24
1218 24
1219 24
1220 24
1221 24
1222 24
1223 24
1224 24
1225 24
1226 24
1227 24
1228 24
1229 24
1230 24
1231 24
1232 24
1233 24
1234 24
1235 24
1236 24
1237 24
1238 24
1239 24
1240 24
1241 24
1242 24
1243 24
1244 24
1245 24
1246 24
1247 24
1248 24
1249 24
1250 24
1251 24
1252 25
1253 25
1254 25
1255 25
1256 25
1257 25
1258 25
1259 25
1260 25
1261 25
1262 25
1263 25
1264 25
1265 25
1266 25
1267 25
1268 25
1269 25
1270 25
1271 25
1272 25
1273 25
1274 25
1275 25
1276 25
1277 25
1278 25
1279 25
1280 25
1281 27
1282 1
1283 24
1284 18
1285 24
1286 18
1287 26
1288 26
1289 26
1290 26
1291 26
1292 26
1293 26
1294 26
1295 26
1296 26
1297 26
1298 26
1299 26
1300 26
1301 26
1302 26
1303 26
1304 26
1305 26
1306 26
1307 26
1308 26
1309 26
1310 26
1311 26
1312 26
1313 26
1314 26
1315 26
1316 26
1317 26
1318 26
1319 26
1320 26
1321 26
1322 26
1323 26
1324 26
1325 26
1326 26
1327 26
1328 26
1329 26
1330 26
1331 26
1332 26
1333 26
1334 26
1335 26
1336 26
1337 26
1338 26
1339 26
1340 26
1341 26
1342 26
1343 26
1344 26
1345 26
1346 24
1347 18
1348 27
1349 27
1350 18
1351 27
1352 27
1353 18
1354 18
1355 18
1356 27
1357 18
1358 18
1359 27
1360 27
1361 18
1362 0
1363 18
1364 18
1365 27
1366 18
1367 18
1368 18
1369 18
1370 18
1371 27
1372 27
1373 27
