2 -1
3 -1
4 -1
5 -1
6 -1
7 -1
8 27
9 -1
10 -1
11 -1
12 -1
13 -1
14 27
15 -1
16 27
17 18
18 27
19 -1
20 -1
21 -1
22 -1
23 -1
24 -1
25 -1
26 -1
27 -1
28 -1
29 -1
30 -1
31 -1
32 -1
33 -1
34 -1
35 -1
36 -1
37 -1
38 -1
39 27
40 18
41 18
42 18
43 27
44 18
45 26
46 0
47 0
48 0
49 26
50 25
51 25
52 5
53 18
54 0
55 17
56 17
57 0
58 17
59 0
60 0
61 0
62 0
63 0
64 1
65 18
66 25
67 0
68 5
69 17
70 5
71 0
72 0
73 0
74 0
75 0
76 0
77 0
78 1
79 0
80 0
81 0
82 0
83 0
84 5
85 1
86 0
87 0
88 0
89 0
90 25
91 0
92 0
93 0
94 1
95 0
96 0
97 0
98 0
99 0
100 25
101 0
102 0
103 1
104 0
105 1
106 11
107 7
108 7
109 26
110 7
111 7
112 7
113 3
114 3
115 3
116 17
117 17
118 17
119 4
120 0
121 0
122 0
123 0
124 0
125 0
126 16
127 0
128 0
129 0
130 0
131 0
132 0
133 0
134 0
135 0
136 0
137 0
138 0
139 0
140 0
141 0
142 0
143 0
144 0
145 0
146 0
147 0
148 0
149 0
150 0
151 0
152 0
153 0
154 0
155 0
156 0
157 0
158 0
159 0
160 0
161 0
162 0
163 0
164 0
165 0
166 0
167 0
168 0
169 0
170 0
171 1
172 1
173 1
174 1
175 1
176 1
177 1
178 1
179 1
180 1
181 1
182 1
183 1
184 0
185 1
186 0
187 1
188 1
189 1
190 1
191 1
192 1
193 1
194 1
195 1
196 1
197 1
198 0
199 1
200 1
201 0
202 0
203 1
204 1
205 0
206 1
207 1
208 1
209 1
210 1
211 1
212 1
213 0
214 1
215 1
216 0
217 1
218 0
219 0
220 1
221 1
222 1
223 1
224 1
225 1
226 1
227 1
228 1
229 1
230 1
231 1
232 1
233 1
234 1
235 1
236 1
237 1
238 1
239 1
240 1
241 1
242 1
243 1
244 1
245 1
246 1
247 1
248 1
249 1
250 1
251 1
252 1
253 1
254 7
255 2
256 2
257 2
258 2
259 2
260 2
261 2
262 2
263 2
264 2
265 2
266 2
267 2
268 2
269 2
270 2
271 2
272 2
273 2
274 2
275 2
276 2
277 2
278 2
279 2
280 2
281 2
282 2
283 2
284 2
285 2
286 2
287 2
288 2
289 2
290 2
291 2
292 2
293 2
294 2
295 2
296 2
297 2
298 2
299 2
300 2
301 3
302 3
303 3
304 3
305 3
306 3
307 3
308 3
309 3
310 3
311 3
312 3
313 3
314 3
315 3
316 3
317 3
318 3
319 3
320 3
321 3
322 3
323 3
324 3
325 26
326 4
327 4
328 6
329 4
330 4
331 8
332 27
333 8
334 4
335 4
336 4
337 4
338 4
339 2
340 2
341 3
342 6
343 3
344 4
345 4
346 4
347 4
348 27
349 27
350 4
351 4
352 4
353 4
354 4
355 6
356 4
357 4
358 4
359 4
360 4
361 6
362 4
363 4
364 4
365 4
366 4
367 3
368 4
369 4
370 16
371 5
372 9
373 5
374 15
375 5
376 5
377 5
378 5
379 5
380 5
381 5
382 5
383 5
384 5
385 5
386 5
387 5
388 5
389 5
390 5
391 5
392 5
393 5
394 5
395 5
396 5
397 5
398 5
399 5
400 5
401 5
402 5
403 5
404 5
405 5
406 5
407 5
408 5
409 5
410 5
411 5
412 5
413 5
414 5
415 5
416 5
417 5
418 5
419 5
420 5
421 5
422 5
423 5
424 5
425 5
426 5
427 5
428 5
429 5
430 5
431 5
432 5
433 5
434 22
435 5
436 5
437 5
438 5
439 5
440 22
441 5
442 5
443 5
444 5
445 5
446 5
447 5
448 5
449 22
450 5
451 22
452 22
453 22
454 5
455 5
456 5
457 5
458 5
459 5
460 5
461 5
462 5
463 12
464 5
465 22
466 5
467 5
468 5
469 5
470 5
471 5
472 5
473 14
474 16
475 6
476 14
477 21
478 6
479 6
480 15
481 5
482 15
483 15
484 15
485 15
486 15
487 15
488 15
489 6
490 14
491 15
492 15
493 15
494 15
495 6
496 6
497 14
498 6
499 14
500 5
501 6
502 6
503 6
504 14
505 6
506 14
507 14
508 15
509 15
510 5
511 5
512 15
513 22
514 7
515 7
516 7
517 7
518 7
519 7
520 7
521 7
522 7
523 7
524 7
525 7
526 7
527 7
528 7
529 7
530 7
531 7
532 7
533 7
534 7
535 7
536 7
537 7
538 7
539 7
540 7
541 7
542 7
543 7
544 7
545 7
546 7
547 7
548 7
549 7
550 7
551 8
552 8
553 8
554 8
555 8
556 8
557 8
558 8
559 8
560 8
561 8
562 8
563 8
564 8
565 8
566 8
567 8
568 8
569 8
570 8
571 8
572 8
573 8
574 8
575 8
576 8
577 8
578 8
579 8
580 8
581 8
582 8
583 8
584 8
585 8
586 8
587 8
588 8
589 8
590 8
591 8
592 8
593 8
594 2
595 9
596 9
597 9
598 2
599 9
600 9
601 9
602 9
603 9
604 9
605 9
606 9
607 9
608 9
609 9
610 9
611 9
612 9
613 9
614 9
615 2
616 9
617 9
618 9
619 9
620 9
621 9
622 9
623 9
624 9
625 9
626 9
627 3
628 9
629 3
630 2
631 2
632 2
633 2
634 2
635 3
636 9
637 10
638 10
639 10
640 10
641 10
642 10
643 10
644 10
645 10
646 10
647 10
648 10
649 10
650 10
651 10
652 10
653 10
654 10
655 10
656 10
657 10
658 10
659 10
660 10
661 10
662 10
663 9
664 9
665 2
666 11
667 11
668 11
669 11
670 11
671 11
672 11
673 11
674 11
675 11
676 11
677 11
678 11
679 11
680 11
681 11
682 11
683 9
684 11
685 11
686 11
687 11
688 11
689 11
690 11
691 11
692 11
693 11
694 11
695 11
696 11
697 11
698 11
699 11
700 11
701 11
702 8
703 0
704 0
705 0
706 0
707 0
708 0
709 0
710 0
711 0
712 0
713 3
714 19
715 12
716 12
717 12
718 12
719 12
720 12
721 13
722 12
723 12
724 12
725 12
726 12
727 12
728 12
729 13
730 13
731 13
732 12
733 12
734 12
735 12
736 12
737 13
738 12
739 12
740 12
741 12
742 12
743 12
744 12
745 13
746 13
747 13
748 13
749 13
750 13
751 13
752 13
753 13
754 13
755 13
756 13
757 13
758 13
759 13
760 13
761 13
762 13
763 13
764 13
765 13
766 13
767 13
768 13
769 13
770 15
771 15
772 15
773 14
774 14
775 14
776 14
777 14
778 14
779 14
780 14
781 14
782 14
783 14
784 14
785 14
786 14
787 14
788 14
789 14
790 14
791 14
792 14
793 14
794 14
795 14
796 14
797 14
798 14
799 14
800 14
801 14
802 14
803 14
804 14
805 15
806 15
807 15
808 15
809 22
810 15
811 15
812 15
813 15
814 15
815 15
816 15
817 22
818 15
819 22
820 15
821 22
822 15
823 15
824 15
825 15
826 15
827 15
828 15
829 15
830 15
831 15
832 15
833 15
834 15
835 16
836 21
837 16
838 16
839 14
840 14
841 14
842 14
843 14
844 14
845 14
846 14
847 14
848 16
849 16
850 16
851 16
852 16
853 16
854 16
855 16
856 16
857 16
858 16
859 16
860 16
861 16
862 16
863 16
864 16
865 16
866 16
867 16
868 16
869 16
870 16
871 16
872 16
873 16
874 16
875 16
876 16
877 16
878 16
879 16
880 16
881 16
882 16
883 16
884 16
885 16
886 16
887 16
888 17
889 17
890 17
891 17
892 17
893 17
894 17
895 17
896 17
897 17
898 17
899 17
900 17
901 17
902 17
903 17
904 17
905 17
906 17
907 17
908 17
909 17
910 17
911 17
912 17
913 17
914 17
915 17
916 17
917 17
918 17
919 17
920 17
921 17
922 2
923 0
924 18
925 18
926 18
927 18
928 18
929 18
930 18
931 18
932 18
933 18
934 18
935 18
936 18
937 18
938 18
939 18
940 18
941 18
942 18
943 18
944 18
945 18
946 18
947 18
948 18
949 18
950 18
951 18
952 18
953 15
954 20
955 19
956 19
957 19
958 19
959 19
960 19
961 19
962 19
963 19
964 19
965 19
966 19
967 19
968 19
969 19
970 19
971 20
972 19
973 19
974 19
975 19
976 19
977 19
978 19
979 19
980 20
981 20
982 20
983 20
984 20
985 20
986 20
987 20
988 20
989 20
990 20
991 20
992 20
993 20
994 20
995 20
996 20
997 20
998 20
999 20
1000 20
1001 20
1002 20
1003 20
1004 20
1005 20
1006 15
1007 16
1008 15
1009 22
1010 21
1011 21
1012 21
1013 21
1014 21
1015 21
1016 21
1017 21
1018 21
1019 21
1020 21
1021 21
1022 21
1023 21
1024 21
1025 21
1026 21
1027 21
1028 21
1029 21
1030 21
1031 21
1032 21
1033 21
1034 22
1035 22
1036 22
1037 22
1038 22
1039 22
1040 22
1041 22
1042 22
1043 22
1044 22
1045 22
1046 22
1047 22
1048 22
1049 2
1050 22
1051 22
1052 22
1053 22
1054 22
1055 22
1056 22
1057 22
1058 22
1059 22
1060 22
1061 22
1062 18
1063 18
1064 23
1065 23
1066 23
1067 23
1068 23
1069 23
1070 23
1071 23
1072 23
1073 23
1074 23
1075 23
1076 23
1077 23
1078 23
1079 23
1080 23
1081 23
1082 23
1083 23
1084 23
1085 23
1086 23
1087 23
1088 6
1089 24
1090 24
1091 24
1092 24
1093 24
1094 24
1095 24
1096 24
1097 24
1098 24
1099 24
1100 24
1101 24
1102 24
1103 24
1104 24
1105 24
1106 24
1107 24
1108 24
1109 24
1110 24
1111 24
1112 24
1113 24
1114 24
1115 24
1116 24
1117 24
1118 24
1119 24
1120 24
1121 24
1122 24
1123 24
1124 24
1125 24
1126 24
1127 24
1128 24
1129 24
1130 24
1131 24
1132 24
1133 24
1134 25
1135 25
1136 25
1137 25
1138 25
1139 25
1140 25
1141 25
1142 25
1143 25
1144 25
1145 25
1146 25
1147 25
1148 25
1149 25
1150 25
1151 25
1152 25
1153 25
1154 25
1155 25
1156 25
1157 25
1158 24
1159 24
1160 24
1161 24
1162 24
1163 24
1164 24
1165 24
1166 2
1167 0
1168 26
1169 0
1170 26
1171 26
1172 26
1173 26
1174 26
1175 26
1176 26
1177 26
1178 26
1179 26
1180 26
1181 26
1182 26
1183 26
1184 26
1185 26
1186 26
1187 26
1188 26
1189 26
1190 26
1191 26
1192 26
1193 26
1194 26
1195 26
1196 26
1197 26
1198 26
1199 26
1200 26
1201 26
1202 26
1203 26
1204 26
1205 26
1206 26
1207 26
1208 26
1209 26
1210 26
1211 26
1212 26
1213 26
1214 26
1215 26
1216 26
1217 26
1218 26
1219 24
1220 26
1221 26
1222 26
1223 26
1224 26
1225 26
1226 26
1227 26
1228 26
1229 26
1230 26
1231 26
1232 26
1233 26
1234 24
1235 26
1236 26
1237 26
1238 26
1239 26
1240 27
1241 27
1242 27
1243 27
1244 27
1245 27
1246 18
1247 27
1248 27
1249 27
1250 18
1251 27
1252 18
1253 18
1254 27
1255 18
1256 27
1257 18
1258 18
1259 27
1260 27
1261 27
1262 27
1263 27
1264 27
1265 27
1266 18
1267 18
1268 27
1269 18
1270 27
1271 27
1272 18
1273 27
1274 27
1275 27
1276 0
1277 18
1278 27
1279 27
1280 18
1281 27
1282 27
1283 18
1284 27
1285 27
1286 27
1287 27
1288 27
1289 27
1290 27
1291 27
1292 27
1293 27
1294 27
1295 27
1296 27
1297 27
1298 16
1299 27
1300 27
1301 27
1302 18
1303 27
1304 0
1305 18
1306 18
1307 27
1308 27
1309 18
1310 27
1311 18
1312 27
1313 27
1314 27
1315 27
1316 27
1317 27
1318 27
1319 27
1320 27
1321 27
1322 27
1323 27
1324 27
1325 27
1326 27
1327 27
1328 27
1329 27
1330 27
1331 27
1332 27
1333 27
1334 27
1335 27
1336 27
1337 27
1338 27
1339 27
1340 27
1341 27
1342 27
1343 27
1344 27
1345 27
1346 27
1347 27
1348 27
1349 27
1350 27
1351 27
1352 27
1353 27
1354 27
1355 27
1356 27
1357 27
1358 27
1359 27
1360 27
1361 27
1362 18
1363 27
1364 27
1365 27
1366 27
1367 27
1368 27
1369 27
1370 27
1371 27
1372 18
1373 27
1374 27
1375 27
1376 27
1377 27
1378 27
1379 27
1380 27
1381 18
1382 18
1383 18
1384 24
1385 0
1386 18
1387 27
1388 27
1389 18
1390 18
1391 18
