2 -1
3 -1
4 -1
5 -1
6 -1
7 -1
8 -1
9 -1
10 -1
11 -1
12 -1
13 -1
14 -1
15 -1
16 -1
17 -1
18 -1
19 -1
20 -1
21 -1
22 0
23 0
24 0
25 0
26 0
27 0
28 0
29 0
30 0
31 0
32 0
33 0
34 0
35 0
36 0
37 0
38 0
39 0
40 0
41 0
42 0
43 0
44 0
45 0
46 0
47 0
48 0
49 0
50 0
51 0
52 0
53 0
54 0
55 0
56 0
57 0
58 0
59 0
60 0
61 0
62 18
63 2
64 2
65 2
66 2
67 0
68 0
69 4
70 2
71 2
72 8
73 1
74 8
75 8
76 8
77 8
78 8
79 8
80 8
81 1
82 8
83 1
84 1
85 1
86 8
87 8
88 8
89 1
90 1
91 1
92 8
93 8
94 8
95 1
96 8
97 8
98 8
99 1
100 1
101 8
102 8
103 1
104 8
105 0
106 2
107 2
108 2
109 2
110 2
111 2
112 2
113 2
114 2
115 2
116 2
117 2
118 2
119 2
120 2
121 2
122 2
123 2
124 2
125 2
126 2
127 2
128 2
129 2
130 2
131 2
132 2
133 2
134 2
135 2
136 2
137 2
138 2
139 2
140 2
141 2
142 2
143 2
144 2
145 2
146 2
147 2
148 2
149 2
150 2
151 2
152 2
153 2
154 2
155 2
156 2
157 2
158 2
159 2
160 2
161 2
162 2
163 2
164 2
165 2
166 2
167 2
168 2
169 2
170 3
171 3
172 16
173 16
174 2
175 2
176 4
177 3
178 16
179 18
180 2
181 2
182 3
183 3
184 3
185 3
186 3
187 3
188 3
189 3
190 3
191 3
192 3
193 3
194 3
195 3
196 3
197 3
198 3
199 3
200 3
201 3
202 3
203 3
204 3
205 3
206 3
207 3
208 3
209 3
210 4
211 4
212 4
213 4
214 4
215 14
216 27
217 27
218 16
219 2
220 18
221 27
222 4
223 4
224 4
225 4
226 4
227 4
228 4
229 4
230 4
231 4
232 4
233 4
234 4
235 4
236 4
237 4
238 4
239 4
240 4
241 4
242 4
243 4
244 4
245 4
246 4
247 4
248 4
249 4
250 4
251 4
252 4
253 4
254 4
255 4
256 4
257 4
258 4
259 15
260 5
261 5
262 5
263 5
264 5
265 5
266 5
267 5
268 27
269 5
270 5
271 5
272 5
273 5
274 5
275 5
276 5
277 5
278 27
279 18
280 18
281 5
282 5
283 5
284 5
285 5
286 5
287 5
288 5
289 27
290 18
291 18
292 5
293 27
294 5
295 5
296 5
297 5
298 5
299 5
300 27
301 12
302 18
303 5
304 5
305 5
306 5
307 25
308 6
309 6
310 6
311 6
312 16
313 2
314 10
315 2
316 2
317 0
318 9
319 2
320 4
321 2
322 27
323 6
324 16
325 6
326 6
327 6
328 6
329 6
330 16
331 6
332 16
333 6
334 16
335 16
336 6
337 16
338 5
339 16
340 6
341 6
342 6
343 16
344 6
345 6
346 6
347 6
348 6
349 16
350 5
351 16
352 0
353 7
354 7
355 7
356 7
357 7
358 7
359 7
360 7
361 7
362 7
363 7
364 7
365 7
366 7
367 7
368 7
369 7
370 7
371 7
372 7
373 7
374 7
375 7
376 7
377 7
378 7
379 7
380 7
381 7
382 7
383 7
384 7
385 7
386 7
387 7
388 7
389 7
390 7
391 8
392 8
393 8
394 8
395 8
396 8
397 8
398 8
399 8
400 8
401 8
402 8
403 8
404 8
405 8
406 8
407 8
408 8
409 8
410 8
411 8
412 8
413 8
414 8
415 8
416 8
417 8
418 8
419 8
420 8
421 8
422 8
423 8
424 8
425 8
426 3
427 12
428 1
429 9
430 9
431 2
432 9
433 10
434 13
435 9
436 2
437 7
438 13
439 14
440 9
441 9
442 10
443 9
444 9
445 9
446 9
447 2
448 9
449 9
450 9
451 9
452 8
453 8
454 13
455 26
456 26
457 26
458 18
459 26
460 26
461 26
462 9
463 9
464 9
465 9
466 10
467 10
468 10
469 10
470 10
471 10
472 10
473 10
474 10
475 10
476 10
477 10
478 10
479 10
480 10
481 10
482 2
483 2
484 2
485 2
486 2
487 2
488 2
489 2
490 27
491 2
492 2
493 2
494 2
495 2
496 2
497 2
498 2
499 2
500 2
501 2
502 2
503 2
504 2
505 2
506 2
507 2
508 2
509 2
510 2
511 2
512 11
513 3
514 11
515 11
516 11
517 11
518 11
519 11
520 11
521 9
522 11
523 11
524 11
525 11
526 9
527 11
528 11
529 11
530 11
531 11
532 11
533 11
534 11
535 11
536 11
537 11
538 11
539 11
540 11
541 11
542 2
543 0
544 0
545 0
546 0
547 0
548 0
549 0
550 0
551 0
552 0
553 0
554 0
555 0
556 0
557 0
558 0
559 27
560 12
561 12
562 12
563 12
564 12
565 12
566 12
567 13
568 12
569 4
570 12
571 12
572 12
573 12
574 12
575 12
576 12
577 12
578 12
579 12
580 12
581 12
582 12
583 12
584 12
585 12
586 4
587 12
588 12
589 12
590 12
591 12
592 12
593 12
594 12
595 5
596 12
597 5
598 12
599 12
600 12
601 12
602 12
603 24
604 12
605 24
606 26
607 13
608 24
609 24
610 24
611 13
612 13
613 24
614 13
615 24
616 13
617 13
618 13
619 13
620 13
621 13
622 6
623 3
624 13
625 13
626 13
627 13
628 13
629 13
630 24
631 19
632 2
633 14
634 2
635 2
636 2
637 2
638 2
639 2
640 2
641 2
642 14
643 14
644 14
645 14
646 14
647 14
648 14
649 14
650 14
651 14
652 14
653 14
654 14
655 14
656 14
657 14
658 14
659 14
660 14
661 14
662 14
663 14
664 14
665 14
666 14
667 14
668 14
669 14
670 14
671 14
672 14
673 14
674 14
675 14
676 14
677 14
678 14
679 14
680 14
681 14
682 14
683 14
684 14
685 15
686 15
687 15
688 6
689 15
690 15
691 -1
692 14
693 15
694 15
695 15
696 15
697 15
698 15
699 15
700 15
701 15
702 15
703 15
704 15
705 15
706 15
707 15
708 15
709 15
710 15
711 15
712 15
713 15
714 15
715 15
716 15
717 15
718 15
719 15
720 15
721 15
722 15
723 13
724 16
725 16
726 16
727 16
728 16
729 16
730 16
731 16
732 16
733 16
734 16
735 16
736 16
737 16
738 16
739 16
740 16
741 16
742 16
743 16
744 16
745 16
746 6
747 16
748 16
749 16
750 16
751 16
752 11
753 15
754 2
755 2
756 18
757 16
758 18
759 16
760 18
761 2
762 16
763 16
764 16
765 16
766 16
767 16
768 16
769 16
770 16
771 16
772 16
773 16
774 16
775 13
776 17
777 17
778 0
779 0
780 7
781 17
782 17
783 17
784 17
785 17
786 17
787 17
788 17
789 17
790 17
791 17
792 0
793 17
794 7
795 17
796 7
797 17
798 7
799 17
800 7
801 17
802 7
803 17
804 17
805 7
806 5
807 17
808 7
809 17
810 7
811 17
812 17
813 17
814 17
815 17
816 17
817 7
818 1
819 17
820 17
821 5
822 17
823 7
824 17
825 17
826 17
827 0
828 17
829 7
830 7
831 0
832 6
833 1
834 7
835 13
836 24
837 7
838 7
839 1
840 13
841 7
842 0
843 1
844 7
845 7
846 0
847 1
848 0
849 1
850 1
851 18
852 0
853 1
854 1
855 1
856 0
857 1
858 0
859 1
860 7
861 1
862 1
863 1
864 18
865 18
866 1
867 18
868 18
869 1
870 1
871 1
872 1
873 1
874 1
875 7
876 1
877 7
878 1
879 4
880 4
881 1
882 18
883 18
884 1
885 18
886 7
887 18
888 18
889 18
890 7
891 18
892 18
893 18
894 7
895 7
896 18
897 7
898 18
899 18
900 1
901 18
902 1
903 7
904 18
905 0
906 7
907 19
908 19
909 19
910 19
911 19
912 19
913 19
914 19
915 19
916 19
917 19
918 19
919 19
920 19
921 19
922 19
923 19
924 19
925 19
926 19
927 19
928 19
929 27
930 19
931 19
932 11
933 3
934 27
935 10
936 27
937 3
938 -1
939 -1
940 0
941 4
942 -1
943 -1
944 -1
945 -1
946 -1
947 -1
948 2
949 -1
950 -1
951 -1
952 2
953 3
954 3
955 2
956 2
957 6
958 2
959 2
960 2
961 10
962 19
963 19
964 19
965 19
966 19
967 -1
968 19
969 19
970 19
971 19
972 19
973 10
974 27
975 9
976 4
977 4
978 -1
979 -1
980 27
981 9
982 -1
983 -1
984 -1
985 -1
986 -1
987 -1
988 -1
989 -1
990 -1
991 -1
992 -1
993 -1
994 -1
995 4
996 -1
997 -1
998 -1
999 -1
1000 -1
1001 -1
1002 -1
1003 -1
1004 -1
1005 -1
1006 -1
1007 -1
1008 -1
1009 -1
1010 20
1011 20
1012 20
1013 20
1014 20
1015 20
1016 20
1017 20
1018 20
1019 20
1020 20
1021 20
1022 20
1023 20
1024 20
1025 20
1026 20
1027 20
1028 20
1029 20
1030 20
1031 20
1032 2
1033 2
1034 2
1035 2
1036 2
1037 2
1038 2
1039 2
1040 2
1041 2
1042 -1
1043 20
1044 20
1045 20
1046 20
1047 27
1048 2
1049 15
1050 22
1051 1
1052 21
1053 21
1054 21
1055 21
1056 21
1057 21
1058 21
1059 21
1060 21
1061 21
1062 2
1063 2
1064 2
1065 2
1066 2
1067 2
1068 2
1069 2
1070 2
1071 4
1072 22
1073 22
1074 22
1075 22
1076 22
1077 22
1078 22
1079 15
1080 22
1081 21
1082 2
1083 2
1084 2
1085 2
1086 2
1087 2
1088 2
1089 2
1090 2
1091 2
1092 21
1093 21
1094 21
1095 26
1096 26
1097 26
1098 26
1099 26
1100 14
1101 26
1102 21
1103 21
1104 21
1105 21
1106 21
1107 15
1108 21
1109 21
1110 21
1111 21
1112 21
1113 21
1114 21
1115 21
1116 21
1117 21
1118 22
1119 21
1120 21
1121 12
1122 15
1123 12
1124 12
1125 14
1126 12
1127 21
1128 15
1129 15
1130 19
1131 21
1132 2
1133 2
1134 27
1135 2
1136 2
1137 2
1138 2
1139 2
1140 2
1141 0
1142 21
1143 21
1144 16
1145 21
1146 21
1147 21
1148 21
1149 21
1150 15
1151 16
1152 21
1153 21
1154 21
1155 21
1156 21
1157 21
1158 21
1159 21
1160 21
1161 21
1162 21
1163 21
1164 21
1165 21
1166 21
1167 21
1168 21
1169 21
1170 21
1171 21
1172 16
1173 27
1174 12
1175 2
1176 2
1177 2
1178 18
1179 18
1180 22
1181 2
1182 -1
1183 21
1184 22
1185 21
1186 22
1187 22
1188 22
1189 22
1190 22
1191 22
1192 21
1193 22
1194 22
1195 22
1196 22
1197 22
1198 22
1199 21
1200 22
1201 22
1202 22
1203 22
1204 22
1205 22
1206 22
1207 22
1208 22
1209 22
1210 21
1211 21
1212 22
1213 22
1214 21
1215 4
1216 23
1217 23
1218 15
1219 15
1220 15
1221 23
1222 2
1223 15
1224 23
1225 15
1226 2
1227 15
1228 23
1229 2
1230 23
1231 23
1232 15
1233 23
1234 15
1235 23
1236 15
1237 23
1238 15
1239 15
1240 14
1241 15
1242 15
1243 23
1244 14
1245 15
1246 15
1247 23
1248 15
1249 15
1250 15
1251 23
1252 23
1253 15
1254 23
1255 23
1256 15
1257 23
1258 23
1259 23
1260 15
1261 15
1262 23
1263 23
1264 23
1265 15
1266 26
1267 26
1268 24
1269 24
1270 24
1271 24
1272 14
1273 2
1274 2
1275 2
1276 2
1277 2
1278 2
1279 2
1280 2
1281 15
1282 24
1283 24
1284 24
1285 24
1286 24
1287 24
1288 24
1289 24
1290 24
1291 24
1292 1
1293 22
1294 22
1295 22
1296 2
1297 2
1298 17
1299 4
1300 4
1301 4
1302 24
1303 24
1304 24
1305 24
1306 24
1307 24
1308 24
1309 24
1310 24
1311 24
1312 24
1313 24
1314 24
1315 24
1316 24
1317 24
1318 24
1319 24
1320 24
1321 25
1322 25
1323 25
1324 25
1325 25
1326 25
1327 25
1328 25
1329 25
1330 25
1331 25
1332 25
1333 25
1334 25
1335 25
1336 25
1337 25
1338 25
1339 25
1340 25
1341 25
1342 25
1343 25
1344 25
1345 25
1346 25
1347 25
1348 25
1349 25
1350 25
1351 25
1352 25
1353 25
1354 25
1355 25
1356 25
1357 25
1358 25
1359 25
1360 25
1361 17
1362 15
1363 26
1364 26
1365 26
1366 26
1367 26
1368 26
1369 26
1370 26
1371 26
1372 26
1373 26
1374 26
1375 26
1376 26
1377 26
1378 26
1379 26
1380 26
1381 26
1382 1
1383 2
1384 2
1385 14
1386 1
1387 27
1388 2
1389 2
1390 27
1391 14
1392 26
1393 26
1394 26
1395 26
1396 26
1397 26
1398 26
1399 26
1400 26
1401 26
1402 26
1403 26
1404 26
1405 26
1406 26
1407 27
1408 27
1409 27
1410 27
1411 27
1412 27
1413 27
1414 27
1415 27
1416 27
1417 27
1418 27
1419 27
1420 27
1421 27
1422 27
1423 27
1424 27
1425 27
1426 27
1427 27
1428 27
1429 27
1430 27
1431 27
1432 27
1433 27
1434 27
1435 27
1436 27
1437 27
1438 27
1439 27
1440 27
1441 27
1442 27
1443 27
1444 27
1445 27
1446 27
1447 27
1448 27
1449 27
1450 27
1451 27
