2 -1
3 -1
4 -1
5 -1
6 -1
7 -1
8 14
9 27
10 11
11 18
12 18
13 -1
14 21
15 -1
16 -1
17 27
18 -1
19 27
20 16
21 25
22 9
23 16
24 3
25 2
26 6
27 -1
28 19
29 14
30 14
31 -1
32 4
33 22
34 4
35 4
36 4
37 4
38 4
39 4
40 3
41 4
42 6
43 6
44 25
45 25
46 6
47 14
48 2
49 -1
50 2
51 2
52 2
53 2
54 1
55 2
56 2
57 2
58 1
59 9
60 14
61 14
62 18
63 16
64 16
65 0
66 8
67 2
68 2
69 3
70 9
71 2
72 22
73 27
74 27
75 14
76 0
77 16
78 25
79 25
80 25
81 16
82 11
83 -1
84 11
85 17
86 1
87 0
88 27
89 4
90 6
91 21
92 -1
93 -1
94 11
95 25
96 15
97 15
98 12
99 7
100 6
101 3
102 0
103 0
104 0
105 0
106 1
107 24
108 24
109 24
110 24
111 24
112 24
113 7
114 0
115 0
116 0
117 0
118 0
119 0
120 0
121 0
122 0
123 0
124 0
125 0
126 0
127 0
128 0
129 0
130 0
131 0
132 0
133 0
134 0
135 0
136 0
137 0
138 0
139 0
140 0
141 0
142 0
143 0
144 0
145 0
146 0
147 0
148 0
149 0
150 0
151 0
152 0
153 7
154 0
155 0
156 0
157 0
158 23
159 23
160 23
161 23
162 23
163 23
164 23
165 23
166 23
167 23
168 23
169 23
170 23
171 23
172 4
173 11
174 11
175 23
176 18
177 1
178 0
179 0
180 0
181 0
182 7
183 0
184 0
185 0
186 0
187 0
188 7
189 0
190 7
191 0
192 0
193 0
194 0
195 0
196 0
197 0
198 0
199 0
200 0
201 0
202 0
203 0
204 0
205 0
206 0
207 0
208 7
209 0
210 0
211 0
212 0
213 0
214 0
215 0
216 0
217 7
218 7
219 0
220 0
221 0
222 0
223 0
224 0
225 0
226 0
227 0
228 0
229 0
230 0
231 0
232 0
233 0
234 0
235 0
236 7
237 0
238 0
239 0
240 0
241 0
242 0
243 0
244 0
245 0
246 0
247 0
248 2
249 0
250 0
251 0
252 0
253 0
254 0
255 0
256 0
257 0
258 0
259 0
260 0
261 0
262 2
263 2
264 2
265 3
266 2
267 2
268 2
269 2
270 2
271 2
272 2
273 0
274 16
275 16
276 3
277 2
278 0
279 16
280 2
281 15
282 0
283 0
284 7
285 0
286 0
287 26
288 7
289 26
290 26
291 3
292 3
293 2
294 2
295 2
296 2
297 2
298 2
299 3
300 2
301 2
302 0
303 0
304 0
305 0
306 0
307 0
308 0
309 0
310 0
311 0
312 2
313 2
314 0
315 3
316 7
317 4
318 6
319 0
320 2
321 2
322 0
323 0
324 0
325 0
326 0
327 1
328 1
329 1
330 1
331 1
332 1
333 1
334 1
335 1
336 1
337 1
338 1
339 1
340 1
341 1
342 2
343 3
344 2
345 2
346 2
347 2
348 2
349 2
350 18
351 3
352 8
353 8
354 1
355 1
356 1
357 1
358 1
359 1
360 1
361 1
362 1
363 1
364 1
365 1
366 1
367 2
368 2
369 2
370 2
371 2
372 2
373 2
374 2
375 2
376 2
377 2
378 2
379 2
380 2
381 2
382 2
383 27
384 27
385 2
386 27
387 22
388 2
389 27
390 6
391 2
392 2
393 18
394 27
395 2
396 2
397 2
398 2
399 2
400 2
401 16
402 2
403 2
404 2
405 2
406 3
407 3
408 3
409 3
410 3
411 3
412 2
413 3
414 3
415 2
416 2
417 3
418 3
419 12
420 3
421 3
422 3
423 3
424 3
425 3
426 3
427 3
428 3
429 3
430 3
431 3
432 3
433 3
434 3
435 3
436 3
437 3
438 3
439 3
440 3
441 3
442 3
443 3
444 2
445 3
446 10
447 3
448 3
449 10
450 3
451 3
452 3
453 3
454 3
455 3
456 3
457 3
458 3
459 3
460 3
461 3
462 3
463 3
464 3
465 3
466 3
467 3
468 4
469 4
470 15
471 4
472 4
473 4
474 4
475 4
476 8
477 4
478 4
479 4
480 4
481 4
482 4
483 23
484 4
485 23
486 23
487 4
488 4
489 4
490 4
491 4
492 4
493 8
494 4
495 4
496 8
497 16
498 14
499 4
500 4
501 4
502 14
503 4
504 4
505 4
506 4
507 4
508 4
509 8
510 4
511 14
512 14
513 15
514 15
515 5
516 5
517 5
518 5
519 5
520 5
521 5
522 5
523 4
524 5
525 12
526 5
527 4
528 4
529 12
530 5
531 12
532 12
533 5
534 12
535 4
536 12
537 5
538 5
539 5
540 12
541 12
542 5
543 5
544 12
545 5
546 12
547 12
548 12
549 5
550 12
551 12
552 1
553 2
554 2
555 2
556 2
557 2
558 2
559 3
560 3
561 2
562 7
563 7
564 6
565 6
566 6
567 6
568 6
569 6
570 6
571 6
572 6
573 6
574 6
575 6
576 6
577 6
578 6
579 6
580 6
581 6
582 6
583 6
584 16
585 6
586 6
587 16
588 6
589 4
590 6
591 4
592 6
593 4
594 6
595 6
596 6
597 6
598 6
599 6
600 6
601 6
602 6
603 6
604 6
605 0
606 7
607 7
608 8
609 7
610 7
611 7
612 7
613 7
614 7
615 7
616 7
617 7
618 7
619 7
620 7
621 7
622 7
623 7
624 7
625 7
626 7
627 7
628 7
629 7
630 7
631 7
632 7
633 7
634 7
635 7
636 7
637 7
638 7
639 7
640 7
641 7
642 7
643 7
644 7
645 7
646 7
647 8
648 8
649 8
650 8
651 8
652 8
653 8
654 8
655 8
656 8
657 8
658 8
659 8
660 8
661 8
662 8
663 8
664 2
665 8
666 27
667 2
668 8
669 8
670 8
671 8
672 8
673 8
674 8
675 8
676 8
677 8
678 8
679 8
680 8
681 8
682 8
683 3
684 2
685 2
686 9
687 9
688 9
689 9
690 9
691 9
692 9
693 9
694 9
695 9
696 9
697 9
698 9
699 9
700 9
701 9
702 9
703 9
704 9
705 9
706 9
707 9
708 9
709 9
710 9
711 9
712 2
713 27
714 3
715 3
716 3
717 2
718 2
719 3
720 10
721 2
722 9
723 9
724 9
725 9
726 9
727 10
728 10
729 10
730 10
731 10
732 27
733 10
734 10
735 10
736 27
737 10
738 2
739 2
740 10
741 10
742 10
743 10
744 10
745 10
746 10
747 10
748 10
749 10
750 10
751 10
752 10
753 10
754 10
755 10
756 10
757 10
758 10
759 10
760 10
761 10
762 10
763 10
764 10
765 9
766 10
767 19
768 3
769 2
770 2
771 2
772 11
773 11
774 11
775 11
776 9
777 11
778 11
779 11
780 11
781 11
782 11
783 11
784 11
785 11
786 11
787 11
788 11
789 11
790 11
791 11
792 11
793 11
794 11
795 11
796 11
797 11
798 11
799 11
800 11
801 11
802 11
803 11
804 11
805 11
806 11
807 16
808 0
809 0
810 0
811 0
812 0
813 0
814 0
815 0
816 0
817 0
818 0
819 0
820 0
821 0
822 0
823 0
824 0
825 0
826 0
827 0
828 0
829 0
830 0
831 0
832 0
833 0
834 0
835 17
836 17
837 12
838 12
839 12
840 12
841 12
842 12
843 4
844 12
845 4
846 12
847 12
848 12
849 12
850 12
851 12
852 0
853 0
854 0
855 3
856 1
857 0
858 11
859 11
860 12
861 11
862 12
863 12
864 12
865 12
866 12
867 12
868 12
869 12
870 7
871 12
872 13
873 4
874 13
875 12
876 13
877 13
878 12
879 4
880 4
881 4
882 12
883 12
884 13
885 13
886 13
887 13
888 13
889 13
890 13
891 13
892 6
893 25
894 25
895 26
896 26
897 14
898 26
899 25
900 21
901 13
902 26
903 26
904 1
905 26
906 1
907 2
908 4
909 26
910 26
911 1
912 7
913 26
914 26
915 7
916 26
917 26
918 13
919 19
920 14
921 14
922 25
923 14
924 27
925 14
926 14
927 14
928 14
929 14
930 14
931 14
932 14
933 14
934 14
935 14
936 14
937 14
938 14
939 14
940 14
941 14
942 14
943 14
944 14
945 14
946 14
947 14
948 14
949 14
950 14
951 14
952 14
953 14
954 15
955 13
956 15
957 15
958 15
959 15
960 15
961 15
962 15
963 15
964 15
965 15
966 15
967 15
968 15
969 15
970 15
971 15
972 15
973 15
974 15
975 15
976 15
977 15
978 15
979 15
980 15
981 15
982 15
983 15
984 15
985 15
986 15
987 15
988 13
989 19
990 16
991 16
992 16
993 16
994 16
995 16
996 16
997 16
998 16
999 16
1000 16
1001 16
1002 16
1003 16
1004 16
1005 16
1006 16
1007 16
1008 16
1009 16
1010 16
1011 16
1012 16
1013 16
1014 20
1015 16
1016 16
1017 16
1018 16
1019 16
1020 16
1021 16
1022 16
1023 16
1024 16
1025 16
1026 16
1027 16
1028 16
1029 16
1030 16
1031 16
1032 16
1033 16
1034 16
1035 17
1036 17
1037 17
1038 17
1039 17
1040 17
1041 17
1042 3
1043 3
1044 3
1045 3
1046 2
1047 2
1048 3
1049 2
1050 2
1051 2
1052 17
1053 17
1054 17
1055 17
1056 17
1057 17
1058 17
1059 17
1060 17
1061 17
1062 17
1063 17
1064 17
1065 17
1066 17
1067 17
1068 17
1069 17
1070 17
1071 17
1072 17
1073 17
1074 17
1075 17
1076 17
1077 17
1078 17
1079 17
1080 17
1081 17
1082 2
1083 2
1084 2
1085 2
1086 2
1087 2
1088 3
1089 2
1090 2
1091 2
1092 2
1093 7
1094 1
1095 7
1096 2
1097 6
1098 1
1099 1
1100 1
1101 7
1102 27
1103 7
1104 7
1105 7
1106 7
1107 18
1108 7
1109 18
1110 18
1111 18
1112 7
1113 18
1114 7
1115 0
1116 7
1117 7
1118 7
1119 0
1120 7
1121 7
1122 7
1123 18
1124 7
1125 7
1126 18
1127 18
1128 1
1129 7
1130 18
1131 1
1132 0
1133 1
1134 18
1135 7
1136 0
1137 7
1138 7
1139 18
1140 20
1141 19
1142 19
1143 19
1144 19
1145 19
1146 19
1147 19
1148 19
1149 19
1150 19
1151 19
1152 19
1153 19
1154 26
1155 19
1156 19
1157 19
1158 0
1159 19
1160 19
1161 19
1162 2
1163 2
1164 27
1165 2
1166 2
1167 2
1168 2
1169 2
1170 19
1171 2
1172 19
1173 19
1174 19
1175 19
1176 19
1177 19
1178 3
1179 2
1180 0
1181 -1
1182 2
1183 2
1184 2
1185 2
1186 2
1187 2
1188 2
1189 2
1190 2
1191 2
1192 2
1193 2
1194 2
1195 2
1196 2
1197 2
1198 2
1199 2
1200 2
1201 2
1202 2
1203 15
1204 4
1205 20
1206 27
1207 18
1208 20
1209 16
1210 20
1211 16
1212 20
1213 20
1214 20
1215 20
1216 20
1217 20
1218 20
1219 20
1220 20
1221 20
1222 20
1223 20
1224 20
1225 20
1226 20
1227 20
1228 20
1229 26
1230 20
1231 20
1232 20
1233 20
1234 20
1235 20
1236 20
1237 20
1238 20
1239 20
1240 20
1241 20
1242 13
1243 15
1244 14
1245 15
1246 15
1247 15
1248 15
1249 15
1250 15
1251 15
1252 22
1253 15
1254 15
1255 18
1256 15
1257 21
1258 23
1259 23
1260 21
1261 21
1262 22
1263 21
1264 21
1265 22
1266 22
1267 22
1268 21
1269 21
1270 21
1271 21
1272 22
1273 22
1274 22
1275 22
1276 22
1277 14
1278 22
1279 22
1280 14
1281 22
1282 22
1283 22
1284 22
1285 22
1286 22
1287 22
1288 22
1289 22
1290 22
1291 22
1292 22
1293 22
1294 22
1295 22
1296 22
1297 22
1298 22
1299 22
1300 22
1301 22
1302 22
1303 22
1304 22
1305 22
1306 22
1307 22
1308 22
1309 22
1310 22
1311 22
1312 2
1313 2
1314 2
1315 15
1316 2
1317 2
1318 8
1319 2
1320 2
1321 2
1322 15
1323 15
1324 15
1325 24
1326 24
1327 23
1328 23
1329 24
1330 23
1331 26
1332 23
1333 23
1334 23
1335 23
1336 15
1337 15
1338 15
1339 15
1340 23
1341 23
1342 23
1343 23
1344 23
1345 23
1346 23
1347 23
1348 23
1349 23
1350 23
1351 23
1352 14
1353 16
1354 23
1355 1
1356 16
1357 0
1358 2
1359 18
1360 0
1361 16
1362 15
1363 26
1364 24
1365 24
1366 24
1367 24
1368 24
1369 26
1370 24
1371 24
1372 24
1373 18
1374 1
1375 26
1376 26
1377 24
1378 24
1379 24
1380 24
1381 24
1382 24
1383 24
1384 24
1385 24
1386 24
1387 24
1388 24
1389 24
1390 24
1391 24
1392 24
1393 24
1394 24
1395 24
1396 24
1397 24
1398 24
1399 24
1400 24
1401 24
1402 24
1403 24
1404 24
1405 24
1406 24
1407 24
1408 24
1409 24
1410 24
1411 24
1412 24
1413 24
1414 24
1415 24
1416 24
1417 24
1418 24
1419 25
1420 25
1421 25
1422 25
1423 25
1424 25
1425 25
1426 25
1427 25
1428 25
1429 25
1430 25
1431 25
1432 25
1433 25
1434 25
1435 25
1436 25
1437 25
1438 25
1439 25
1440 25
1441 25
1442 18
1443 18
1444 25
1445 0
1446 18
1447 18
1448 18
1449 18
1450 18
1451 18
1452 25
1453 25
1454 25
1455 25
1456 25
1457 26
1458 26
1459 26
1460 26
1461 26
1462 26
1463 26
1464 26
1465 26
1466 26
1467 26
1468 26
1469 26
1470 26
1471 26
1472 26
1473 26
1474 26
1475 26
1476 26
1477 26
1478 26
1479 26
1480 26
1481 26
1482 26
1483 26
1484 26
1485 26
1486 26
1487 26
1488 26
1489 26
1490 26
1491 26
1492 26
1493 26
1494 26
1495 26
1496 26
1497 26
1498 26
1499 26
1500 26
1501 26
1502 2
1503 9
1504 2
1505 -1
1506 26
1507 -1
1508 -1
1509 -1
1510 27
1511 27
1512 11
1513 27
1514 27
1515 16
1516 2
1517 2
1518 25
1519 3
1520 14
1521 27
1522 27
1523 27
1524 27
1525 27
1526 27
1527 27
1528 27
1529 27
1530 27
1531 27
1532 27
1533 27
1534 27
1535 27
