2 -1
3 -1
4 -1
5 -1
6 -1
7 -1
8 -1
9 -1
10 -1
11 -1
12 -1
13 -1
14 -1
15 -1
16 -1
17 -1
18 -1
19 -1
20 -1
21 -1
22 -1
23 -1
24 -1
25 -1
26 -1
27 -1
28 -1
29 -1
30 -1
31 -1
32 3
33 3
34 3
35 2
36 3
37 3
38 3
39 3
40 2
41 2
42 2
43 2
44 2
45 2
46 2
47 2
48 2
49 2
50 27
51 2
52 27
53 4
54 18
55 11
56 27
57 12
58 27
59 27
60 16
61 2
62 25
63 27
64 0
65 4
66 2
67 0
68 1
69 16
70 5
71 5
72 12
73 12
74 12
75 12
76 12
77 12
78 12
79 12
80 12
81 12
82 12
83 12
84 12
85 12
86 12
87 12
88 12
89 12
90 12
91 15
92 12
93 0
94 0
95 0
96 0
97 0
98 0
99 1
100 0
101 1
102 1
103 1
104 1
105 1
106 1
107 1
108 1
109 1
110 1
111 1
112 0
113 3
114 0
115 0
116 0
117 0
118 0
119 0
120 0
121 3
122 0
123 1
124 27
125 3
126 27
127 9
128 1
129 3
130 1
131 5
132 0
133 0
134 0
135 0
136 1
137 0
138 1
139 13
140 13
141 0
142 0
143 0
144 13
145 14
146 14
147 14
148 14
149 14
150 14
151 14
152 14
153 14
154 13
155 0
156 1
157 1
158 1
159 1
160 11
161 3
162 27
163 5
164 16
165 16
166 27
167 15
168 16
169 2
170 18
171 27
172 1
173 0
174 0
175 0
176 0
177 1
178 0
179 0
180 0
181 1
182 1
183 0
184 1
185 0
186 1
187 0
188 0
189 0
190 1
191 0
192 10
193 9
194 1
195 3
196 5
197 1
198 3
199 0
200 9
201 9
202 1
203 1
204 1
205 1
206 1
207 1
208 1
209 1
210 0
211 1
212 1
213 3
214 1
215 3
216 1
217 1
218 1
219 1
220 1
221 1
222 1
223 1
224 1
225 1
226 1
227 1
228 1
229 1
230 1
231 1
232 1
233 1
234 1
235 1
236 1
237 1
238 1
239 1
240 0
241 1
242 1
243 1
244 1
245 1
246 2
247 2
248 2
249 2
250 2
251 2
252 2
253 2
254 2
255 2
256 2
257 2
258 2
259 2
260 2
261 2
262 2
263 2
264 3
265 2
266 2
267 2
268 2
269 2
270 2
271 2
272 2
273 2
274 2
275 2
276 2
277 2
278 2
279 2
280 2
281 2
282 3
283 3
284 2
285 2
286 2
287 3
288 3
289 2
290 2
291 2
292 2
293 2
294 18
295 18
296 27
297 3
298 3
299 3
300 3
301 3
302 3
303 3
304 3
305 3
306 3
307 3
308 3
309 3
310 3
311 3
312 3
313 3
314 3
315 3
316 3
317 3
318 3
319 3
320 3
321 3
322 3
323 4
324 15
325 18
326 4
327 18
328 4
329 4
330 4
331 15
332 4
333 4
334 27
335 4
336 4
337 4
338 4
339 4
340 4
341 4
342 4
343 16
344 16
345 4
346 4
347 4
348 27
349 4
350 27
351 27
352 18
353 8
354 27
355 4
356 14
357 18
358 4
359 2
360 27
361 4
362 19
363 5
364 5
365 5
366 12
367 5
368 5
369 5
370 5
371 14
372 5
373 5
374 5
375 5
376 5
377 5
378 5
379 5
380 5
381 5
382 2
383 2
384 2
385 5
386 2
387 5
388 11
389 5
390 5
391 5
392 5
393 5
394 5
395 5
396 5
397 5
398 5
399 5
400 5
401 5
402 5
403 5
404 5
405 5
406 5
407 5
408 5
409 5
410 5
411 5
412 5
413 25
414 5
415 5
416 16
417 27
418 6
419 19
420 6
421 6
422 18
423 18
424 18
425 17
426 17
427 14
428 9
429 3
430 18
431 4
432 19
433 19
434 19
435 19
436 5
437 19
438 19
439 27
440 27
441 19
442 9
443 19
444 18
445 6
446 19
447 27
448 13
449 19
450 19
451 5
452 19
453 19
454 19
455 22
456 6
457 19
458 6
459 16
460 16
461 6
462 27
463 27
464 27
465 15
466 27
467 11
468 11
469 27
470 27
471 15
472 16
473 6
474 6
475 16
476 16
477 6
478 16
479 6
480 16
481 6
482 27
483 2
484 18
485 18
486 24
487 4
488 4
489 4
490 18
491 16
492 22
493 22
494 22
495 14
496 2
497 22
498 22
499 22
500 22
501 6
502 0
503 7
504 7
505 7
506 7
507 3
508 3
509 7
510 1
511 7
512 4
513 18
514 7
515 7
516 0
517 1
518 7
519 7
520 7
521 7
522 7
523 7
524 7
525 7
526 7
527 7
528 7
529 7
530 7
531 7
532 7
533 7
534 7
535 7
536 7
537 7
538 1
539 1
540 1
541 1
542 1
543 8
544 8
545 8
546 8
547 8
548 8
549 8
550 8
551 8
552 17
553 24
554 18
555 24
556 6
557 13
558 13
559 13
560 19
561 16
562 1
563 8
564 1
565 8
566 8
567 8
568 7
569 8
570 9
571 8
572 8
573 8
574 1
575 8
576 8
577 1
578 1
579 1
580 1
581 8
582 11
583 9
584 9
585 9
586 9
587 9
588 9
589 9
590 9
591 9
592 9
593 9
594 9
595 9
596 9
597 9
598 9
599 9
600 9
601 9
602 9
603 9
604 9
605 7
606 0
607 0
608 9
609 9
610 9
611 2
612 26
613 18
614 18
615 18
616 16
617 18
618 6
619 9
620 16
621 20
622 9
623 9
624 9
625 9
626 3
627 3
628 3
629 3
630 3
631 3
632 3
633 3
634 9
635 3
636 16
637 9
638 3
639 9
640 4
641 9
642 3
643 3
644 3
645 3
646 3
647 3
648 9
649 3
650 3
651 9
652 3
653 0
654 3
655 3
656 3
657 3
658 3
659 3
660 3
661 3
662 15
663 3
664 27
665 9
666 9
667 15
668 3
669 15
670 3
671 3
672 3
673 3
674 2
675 2
676 2
677 2
678 2
679 2
680 7
681 18
682 3
683 3
684 2
685 3
686 2
687 2
688 2
689 2
690 3
691 2
692 2
693 2
694 2
695 3
696 2
697 2
698 2
699 2
700 0
701 2
702 2
703 2
704 2
705 18
706 3
707 27
708 2
709 2
710 2
711 2
712 2
713 2
714 2
715 2
716 11
717 2
718 2
719 2
720 2
721 3
722 3
723 2
724 3
725 2
726 3
727 2
728 3
729 2
730 3
731 2
732 3
733 3
734 3
735 3
736 3
737 3
738 3
739 2
740 3
741 3
742 18
743 27
744 18
745 0
746 7
747 18
748 1
749 16
750 27
751 0
752 0
753 0
754 6
755 14
756 27
757 0
758 3
759 0
760 0
761 0
762 18
763 18
764 27
765 16
766 9
767 27
768 17
769 18
770 2
771 2
772 0
773 1
774 1
775 27
776 27
777 27
778 0
779 0
780 0
781 1
782 0
783 0
784 0
785 0
786 0
787 0
788 0
789 0
790 0
791 0
792 0
793 0
794 0
795 0
796 0
797 1
798 18
799 5
800 13
801 25
802 12
803 13
804 12
805 12
806 13
807 12
808 13
809 12
810 12
811 12
812 12
813 13
814 11
815 12
816 12
817 12
818 12
819 12
820 12
821 12
822 12
823 12
824 12
825 12
826 12
827 12
828 12
829 12
830 12
831 12
832 6
833 18
834 6
835 6
836 5
837 27
838 2
839 6
840 2
841 2
842 12
843 12
844 12
845 12
846 12
847 12
848 12
849 12
850 12
851 12
852 13
853 13
854 13
855 13
856 13
857 13
858 13
859 13
860 13
861 13
862 11
863 19
864 11
865 4
866 1
867 14
868 27
869 18
870 13
871 18
872 13
873 13
874 13
875 13
876 13
877 13
878 13
879 13
880 13
881 13
882 13
883 13
884 13
885 13
886 14
887 14
888 14
889 14
890 14
891 14
892 14
893 14
894 14
895 14
896 14
897 14
898 14
899 14
900 14
901 14
902 18
903 18
904 14
905 14
906 14
907 14
908 14
909 14
910 14
911 14
912 14
913 14
914 14
915 14
916 14
917 14
918 14
919 14
920 14
921 14
922 10
923 2
924 2
925 16
926 2
927 11
928 27
929 2
930 12
931 3
932 14
933 14
934 14
935 14
936 14
937 14
938 14
939 14
940 15
941 14
942 14
943 14
944 15
945 14
946 15
947 14
948 14
949 14
950 15
951 15
952 15
953 15
954 15
955 15
956 15
957 15
958 15
959 15
960 15
961 15
962 15
963 15
964 14
965 15
966 15
967 14
968 15
969 15
970 15
971 15
972 15
973 15
974 14
975 15
976 14
977 15
978 15
979 15
980 15
981 15
982 18
983 18
984 18
985 14
986 16
987 18
988 0
989 18
990 14
991 0
992 14
993 2
994 14
995 14
996 15
997 14
998 14
999 15
1000 16
1001 13
1002 4
1003 16
1004 16
1005 16
1006 16
1007 4
1008 16
1009 16
1010 16
1011 6
1012 27
1013 6
1014 16
1015 27
1016 16
1017 18
1018 5
1019 27
1020 4
1021 18
1022 16
1023 16
1024 18
1025 11
1026 4
1027 4
1028 18
1029 4
1030 11
1031 16
1032 16
1033 18
1034 13
1035 16
1036 4
1037 16
1038 11
1039 16
1040 16
1041 16
1042 16
1043 16
1044 16
1045 18
1046 23
1047 26
1048 4
1049 17
1050 17
1051 17
1052 17
1053 17
1054 17
1055 17
1056 17
1057 17
1058 17
1059 17
1060 17
1061 17
1062 17
1063 17
1064 17
1065 22
1066 18
1067 17
1068 17
1069 18
1070 17
1071 18
1072 17
1073 17
1074 17
1075 17
1076 17
1077 17
1078 17
1079 17
1080 17
1081 17
1082 18
1083 16
1084 8
1085 18
1086 18
1087 16
1088 16
1089 16
1090 16
1091 16
1092 15
1093 16
1094 16
1095 16
1096 9
1097 16
1098 16
1099 16
1100 16
1101 16
1102 16
1103 18
1104 16
1105 18
1106 16
1107 16
1108 18
1109 18
1110 16
1111 16
1112 16
1113 12
1114 18
1115 16
1116 16
1117 16
1118 16
1119 16
1120 16
1121 6
1122 18
1123 2
1124 16
1125 7
1126 16
1127 11
1128 18
1129 16
1130 16
1131 11
1132 27
1133 16
1134 1
1135 19
1136 20
1137 19
1138 19
1139 19
1140 19
1141 19
1142 20
1143 19
1144 13
1145 20
1146 19
1147 24
1148 19
1149 19
1150 19
1151 13
1152 19
1153 19
1154 19
1155 19
1156 19
1157 19
1158 19
1159 19
1160 19
1161 19
1162 19
1163 13
1164 19
1165 19
1166 19
1167 19
1168 19
1169 19
1170 13
1171 19
1172 20
1173 20
1174 20
1175 20
1176 20
1177 4
1178 20
1179 20
1180 20
1181 20
1182 20
1183 20
1184 20
1185 20
1186 20
1187 20
1188 20
1189 20
1190 20
1191 20
1192 20
1193 20
1194 20
1195 20
1196 20
1197 20
1198 20
1199 20
1200 20
1201 20
1202 20
1203 20
1204 20
1205 20
1206 20
1207 20
1208 20
1209 20
1210 20
1211 20
1212 18
1213 20
1214 18
1215 20
1216 20
1217 20
1218 18
1219 20
1220 16
1221 2
1222 23
1223 19
1224 15
1225 15
1226 15
1227 15
1228 12
1229 15
1230 12
1231 21
1232 15
1233 15
1234 15
1235 15
1236 14
1237 21
1238 15
1239 15
1240 21
1241 15
1242 21
1243 21
1244 15
1245 15
1246 21
1247 15
1248 21
1249 21
1250 21
1251 21
1252 21
1253 15
1254 15
1255 21
1256 21
1257 21
1258 21
1259 21
1260 21
1261 21
1262 15
1263 21
1264 15
1265 15
1266 15
1267 21
1268 15
1269 22
1270 22
1271 15
1272 22
1273 21
1274 21
1275 22
1276 21
1277 21
1278 21
1279 21
1280 21
1281 21
1282 21
1283 21
1284 15
1285 21
1286 21
1287 21
1288 22
1289 15
1290 15
1291 21
1292 22
1293 15
1294 15
1295 15
1296 15
1297 22
1298 22
1299 21
1300 22
1301 15
1302 4
1303 15
1304 14
1305 15
1306 7
1307 7
1308 7
1309 7
1310 7
1311 7
1312 7
1313 25
1314 7
1315 7
1316 7
1317 5
1318 16
1319 14
1320 14
1321 14
1322 15
1323 14
1324 15
1325 16
1326 18
1327 16
1328 23
1329 18
1330 14
1331 14
1332 11
1333 26
1334 17
1335 17
1336 14
1337 23
1338 14
1339 23
1340 15
1341 23
1342 14
1343 14
1344 15
1345 14
1346 23
1347 23
1348 26
1349 15
1350 14
1351 23
1352 15
1353 23
1354 23
1355 14
1356 18
1357 14
1358 14
1359 18
1360 16
1361 16
1362 11
1363 6
1364 16
1365 4
1366 11
1367 26
1368 26
1369 26
1370 26
1371 11
1372 16
1373 4
1374 18
1375 18
1376 16
1377 16
1378 2
1379 18
1380 24
1381 24
1382 24
1383 24
1384 24
1385 24
1386 24
1387 24
1388 24
1389 24
1390 24
1391 24
1392 24
1393 24
1394 24
1395 24
1396 24
1397 24
1398 24
1399 24
1400 24
1401 24
1402 24
1403 24
1404 24
1405 24
1406 24
1407 24
1408 24
1409 26
1410 25
1411 24
1412 4
1413 24
1414 24
1415 25
1416 25
1417 25
1418 1
1419 4
1420 4
1421 4
1422 25
1423 25
1424 25
1425 25
1426 18
1427 5
1428 25
1429 25
1430 25
1431 25
1432 25
1433 25
1434 16
1435 16
1436 16
1437 16
1438 25
1439 5
1440 13
1441 25
1442 16
1443 13
1444 23
1445 25
1446 5
1447 25
1448 13
1449 24
1450 5
1451 25
1452 13
1453 25
1454 25
1455 25
1456 25
1457 14
1458 25
1459 26
1460 26
1461 26
1462 26
1463 26
1464 26
1465 18
1466 26
1467 26
1468 26
1469 26
1470 26
1471 26
1472 26
1473 26
1474 26
1475 26
1476 26
1477 26
1478 26
1479 26
1480 26
1481 26
1482 26
1483 26
1484 26
1485 26
1486 26
1487 26
1488 26
1489 26
1490 26
1491 26
1492 26
1493 26
1494 26
1495 26
1496 26
1497 26
1498 26
1499 26
1500 27
1501 26
1502 18
1503 26
1504 18
1505 18
1506 9
1507 6
1508 12
1509 4
1510 2
1511 4
1512 3
1513 18
1514 27
1515 18
1516 3
1517 2
1518 15
1519 1
1520 1
1521 16
1522 18
1523 16
1524 2
1525 18
1526 18
1527 16
1528 18
1529 18
1530 11
1531 18
1532 18
1533 27
1534 27
1535 18
1536 2
1537 2
1538 18
1539 18
1540 27
1541 11
1542 24
1543 18
1544 18
1545 7
1546 0
1547 18
1548 16
1549 26
1550 27
1551 7
1552 18
1553 2
1554 18
1555 18
1556 6
1557 26
1558 16
1559 18
1560 16
1561 2
1562 26
1563 16
1564 26
1565 18
1566 16
1567 16
1568 16
1569 16
1570 18
1571 16
1572 27
1573 16
1574 16
1575 18
1576 18
1577 16
1578 16
1579 18
1580 16
1581 18
1582 16
1583 27
1584 16
1585 16
1586 26
1587 11
1588 17
1589 16
1590 16
1591 18
1592 14
1593 2
1594 2
1595 6
1596 15
1597 26
1598 27
1599 12
1600 27
1601 16
1602 2
1603 18
1604 0
1605 16
1606 18
1607 18
1608 18
1609 18
1610 18
1611 10
1612 16
1613 2
1614 16
1615 16
1616 27
1617 16
1618 16
1619 16
1620 18
1621 16
1622 18
1623 18
1624 26
1625 18
1626 27
1627 27
1628 27
1629 27
1630 27
1631 16
1632 18
1633 16
1634 18
1635 16
1636 16
1637 16
1638 0
1639 18
1640 18
1641 16
1642 26
1643 16
1644 16
1645 11
1646 25
1647 16
1648 27
1649 27
1650 16
1651 6
1652 18
1653 18
1654 2
1655 27
1656 27
1657 27
1658 18
1659 18
1660 18
1661 27
1662 16
1663 16
1664 18
1665 16
1666 16
1667 16
1668 9
1669 16
1670 11
1671 16
1672 18
1673 18
1674 16
1675 16
1676 16
1677 16
1678 25
1679 13
1680 13
1681 13
1682 18
1683 16
1684 16
1685 16
1686 16
1687 16
1688 18
1689 18
1690 18
1691 14
1692 11
1693 16
1694 16
1695 16
1696 19
1697 18
1698 18
