2 27
3 4
4 12
5 3
6 12
7 2
8 2
9 6
10 11
11 12
12 14
13 14
14 14
15 14
16 14
17 14
18 14
19 14
20 14
21 14
22 9
23 6
24 11
25 2
26 2
27 6
28 13
29 3
30 18
31 2
32 18
33 12
34 2
35 12
36 12
37 12
38 7
39 12
40 12
41 12
42 10
43 12
44 10
45 9
46 0
47 1
48 4
49 2
50 9
51 13
52 2
53 9
54 1
55 6
56 0
57 13
58 8
59 1
60 1
61 3
62 6
63 6
64 27
65 6
66 2
67 27
68 1
69 3
70 1
71 6
72 2
73 2
74 2
75 1
76 2
77 11
78 6
79 9
80 2
81 2
82 13
83 5
84 6
85 3
86 13
87 4
88 13
89 6
90 13
91 13
92 2
93 0
94 1
95 0
96 2
97 0
98 3
99 3
100 10
101 10
102 3
103 3
104 3
105 3
106 6
107 13
108 3
109 3
110 2
111 3
112 10
113 3
114 2
115 2
116 27
117 3
118 27
119 14
120 14
121 17
122 13
123 13
124 3
125 3
126 3
127 8
128 0
129 3
130 13
131 3
132 3
133 5
134 7
135 13
136 3
137 0
138 5
139 0
140 5
141 0
142 6
143 13
144 6
145 13
146 1
147 1
148 9
149 1
150 17
151 3
152 1
153 11
154 11
155 11
156 9
157 5
158 3
159 9
160 9
161 9
162 14
163 23
164 6
165 27
166 4
167 3
168 11
169 27
170 6
171 6
172 21
173 3
174 10
175 9
176 17
177 6
178 10
179 21
180 13
181 21
182 5
183 17
184 21
185 6
186 21
187 22
188 6
189 13
190 6
191 4
192 6
193 6
194 5
195 5
196 5
197 6
198 16
199 10
200 6
201 10
202 12
203 10
204 10
205 11
206 19
207 12
208 12
209 10
210 11
211 5
212 13
213 8
214 8
215 7
216 18
217 7
218 2
219 2
220 8
221 9
222 13
223 16
224 13
225 7
226 5
227 25
228 21
229 11
230 11
231 21
232 13
233 6
234 11
235 2
236 9
237 2
238 9
239 27
240 2
241 2
242 25
243 2
244 6
245 6
246 2
247 2
248 2
249 6
250 2
251 2
252 4
253 2
254 19
255 4
256 27
257 11
258 4
259 2
260 7
261 4
262 2
263 6
264 2
265 2
266 6
267 2
268 12
269 12
270 0
271 2
272 2
273 1
274 0
275 1
276 7
277 1
278 1
279 0
280 0
281 0
282 2
283 27
284 16
285 5
286 8
287 6
288 8
289 16
290 1
291 6
292 10
293 10
294 10
295 13
296 13
297 10
298 5
299 10
300 21
301 2
302 7
303 7
304 3
305 2
306 7
307 0
308 1
309 0
310 7
311 0
312 19
313 10
314 10
315 10
316 10
317 4
318 6
319 6
320 6
321 6
322 6
323 6
324 2
325 2
326 4
327 9
328 25
329 2
330 16
331 6
332 2
333 10
334 10
335 2
336 3
337 0
338 3
339 10
340 8
341 13
342 6
343 6
344 6
345 6
346 3
347 9
348 6
349 3
350 6
351 6
352 11
353 27
354 11
355 2
356 6
357 2
358 9
359 11
360 9
361 6
362 1
363 27
364 11
365 6
366 3
367 11
368 9
369 3
370 6
371 2
372 1
373 9
374 11
375 9
376 9
377 9
378 0
379 9
380 1
381 3
382 9
383 18
384 19
385 9
386 26
387 9
388 9
389 9
390 9
391 9
392 9
393 2
394 9
395 9
396 15
397 7
398 9
399 2
400 2
401 2
402 9
403 9
404 9
405 0
406 10
407 10
408 24
409 2
410 2
411 10
412 1
413 6
414 9
415 6
416 6
417 6
418 6
419 6
420 0
421 9
422 3
423 3
424 3
425 3
426 13
427 7
428 9
429 4
430 4
431 3
432 3
433 3
434 3
435 3
436 3
437 2
438 2
439 3
440 3
441 2
442 2
443 2
444 2
445 2
446 3
447 2
448 2
449 2
450 27
451 2
452 6
453 9
454 24
455 2
456 9
457 16
458 11
459 16
460 4
461 6
462 6
463 2
464 13
465 3
466 8
467 13
468 13
469 13
470 8
471 7
472 7
473 14
474 0
475 6
476 2
477 10
478 27
479 2
480 6
481 0
482 6
483 4
484 6
485 16
486 24
487 24
488 5
489 16
490 5
491 5
492 5
493 11
494 6
495 14
496 1
497 6
498 11
499 2
500 16
501 27
502 6
503 27
504 2
505 9
506 16
507 11
508 3
509 2
510 27
511 9
512 2
513 2
514 6
515 14
516 2
517 18
518 18
519 15
520 18
521 7
522 1
523 1
524 23
525 27
526 1
527 1
528 1
529 26
530 15
531 2
532 2
533 12
534 10
535 3
536 18
537 14
538 27
539 23
540 1
541 27
542 7
543 27
544 27
545 27
546 7
547 7
548 2
549 2
550 21
551 2
552 13
553 15
554 13
555 6
556 6
557 27
558 13
559 13
560 13
561 13
562 9
563 2
564 2
565 11
566 27
567 16
568 2
569 6
570 2
571 9
572 6
573 9
574 2
575 2
576 6
577 6
578 6
579 6
580 11
581 6
582 16
583 14
584 14
585 4
586 16
587 5
588 27
589 18
590 1
591 18
592 18
593 6
594 4
595 0
596 4
597 6
598 17
599 27
600 2
601 9
602 6
603 11
604 2
605 11
606 6
607 9
608 0
609 8
610 2
611 6
612 16
613 2
614 18
615 10
616 9
617 10
618 9
619 5
620 4
621 14
622 5
623 18
624 2
625 5
626 5
627 2
628 2
629 27
630 4
631 6
632 16
633 18
634 11
635 6
636 16
637 27
638 11
639 16
640 23
641 27
642 11
643 2
644 11
645 10
646 18
647 27
648 2
649 11
650 6
651 6
652 7
653 4
654 12
655 12
656 7
657 4
658 12
659 4
660 7
661 4
662 2
663 2
664 2
665 9
666 11
667 27
668 18
669 14
670 2
671 14
672 13
673 13
674 9
675 13
676 2
677 6
678 2
679 23
680 3
681 13
682 14
683 6
684 11
685 6
686 2
687 2
688 9
689 6
690 6
691 6
692 5
693 13
694 5
695 5
696 5
697 19
698 12
699 22
700 13
701 13
702 12
703 10
704 5
705 18
706 27
707 27
708 5
709 6
710 6
711 4
712 2
713 0
714 11
715 11
716 2
717 6
718 2
719 2
720 2
721 2
722 12
723 22
724 12
725 12
726 12
727 12
728 3
729 12
730 12
731 12
732 19
733 19
734 19
735 19
736 19
737 19
738 20
739 20
740 19
741 20
742 27
743 15
744 3
745 27
746 4
747 15
748 18
749 7
750 2
751 18
752 6
753 22
754 15
755 27
756 22
757 22
758 22
759 15
760 15
761 2
762 1
763 8
764 2
765 11
766 7
767 23
768 7
769 8
770 8
771 13
772 0
773 27
774 2
775 15
776 27
777 6
778 7
779 18
780 9
781 2
782 18
783 14
784 16
785 14
786 4
787 4
788 22
789 22
790 22
791 22
792 16
793 2
794 2
795 23
796 27
797 18
798 14
799 23
800 18
801 23
802 11
803 0
804 18
805 7
806 1
807 2
808 2
809 4
810 7
811 18
812 22
813 6
814 2
815 18
816 2
817 9
818 6
819 9
820 2
821 15
822 23
823 23
824 23
825 23
826 23
827 23
828 23
829 23
830 23
831 23
832 10
833 23
834 1
835 18
836 18
837 24
838 26
839 18
840 8
841 10
842 18
843 18
844 2
845 10
846 12
847 2
848 7
849 27
850 2
851 2
852 2
853 2
854 6
855 16
856 9
857 11
858 2
859 6
860 6
861 2
862 8
863 13
864 6
865 6
866 8
867 13
868 25
869 18
870 14
871 14
872 13
873 9
874 11
875 11
876 17
877 6
878 6
879 6
880 15
881 11
882 16
883 2
884 13
885 2
886 6
887 6
888 8
889 6
890 2
891 14
892 2
893 0
894 2
895 2
896 2
897 11
898 2
899 4
900 16
901 2
902 6
903 6
904 11
905 9
906 2
907 6
908 2
909 6
910 6
911 9
912 23
913 6
914 2
915 9
916 14
917 6
918 2
919 2
920 2
921 9
922 6
923 6
924 11
925 10
926 17
927 27
928 7
929 27
930 11
931 18
932 26
933 27
934 6
935 27
936 7
937 16
938 16
939 17
940 6
941 6
942 3
943 18
944 4
945 9
946 17
947 17
948 17
949 2
950 0
951 27
952 9
