2 27
3 0
4 27
5 0
6 0
7 0
8 1
9 0
10 27
11 4
12 27
13 0
14 0
15 1
16 1
17 1
18 1
19 27
20 0
21 1
22 0
23 27
24 1
25 0
26 0
27 1
28 0
29 27
30 0
31 0
32 1
33 0
34 0
35 0
36 27
37 0
38 0
39 1
40 27
41 0
42 1
43 0
44 0
45 0
46 0
47 1
48 27
49 1
50 27
51 0
52 27
53 27
54 27
55 18
56 27
57 0
58 27
59 27
60 27
61 18
62 0
63 0
64 0
65 2
66 1
67 7
68 1
69 1
70 1
71 0
72 1
73 1
74 1
75 1
76 1
77 1
78 1
79 1
80 1
81 0
82 1
83 1
84 1
85 1
86 1
87 1
88 1
89 0
90 0
91 1
92 1
93 1
94 1
95 1
96 0
97 0
98 1
99 1
100 0
101 1
102 1
103 1
104 1
105 1
106 1
107 1
108 1
109 1
110 1
111 1
112 1
113 13
114 13
115 0
116 0
117 0
118 14
119 2
120 2
121 2
122 12
123 12
124 2
125 2
126 12
127 12
128 2
129 12
130 12
131 12
132 2
133 14
134 9
135 4
136 14
137 15
138 0
139 4
140 16
141 4
142 27
143 27
144 16
145 16
146 26
147 4
148 4
149 13
150 4
151 2
152 0
153 16
154 27
155 15
156 25
157 16
158 18
159 18
160 5
161 27
162 27
163 18
164 27
165 27
166 7
167 7
168 7
169 18
170 14
171 14
172 14
173 0
174 14
175 14
176 14
177 14
178 14
179 0
180 14
181 14
182 14
183 14
184 14
185 14
186 14
187 14
188 2
189 1
190 15
191 13
192 27
193 1
194 22
195 27
196 0
197 27
198 27
199 16
200 27
201 16
202 0
203 1
204 18
205 2
206 0
207 7
208 2
209 13
210 7
211 16
212 15
213 12
214 15
215 15
216 15
217 23
218 12
219 9
220 9
221 18
222 16
223 18
224 19
225 19
226 16
227 16
228 27
229 16
230 27
231 0
232 27
233 18
234 27
235 18
236 0
237 27
238 27
239 0
240 0
241 27
242 27
243 16
244 18
245 18
246 27
247 18
248 27
249 27
250 27
251 27
252 7
253 16
254 3
255 16
256 18
257 16
258 27
259 26
260 16
261 7
262 16
263 27
264 16
265 27
266 27
267 27
268 27
269 16
270 16
271 16
272 27
273 7
274 16
275 27
276 6
277 7
278 27
279 27
280 6
281 27
282 16
283 27
284 27
285 18
286 27
287 18
288 0
289 27
290 16
291 16
292 10
293 3
294 2
295 4
296 2
297 0
298 10
299 3
300 2
301 27
302 26
303 16
304 27
305 18
306 27
307 27
308 19
309 18
310 16
311 27
312 16
313 16
314 16
315 27
316 7
317 16
318 16
319 1
320 2
321 2
322 2
323 2
324 3
325 0
326 27
327 2
328 27
329 27
330 1
331 2
332 27
333 27
334 27
335 27
336 27
337 1
338 18
339 2
340 27
341 27
342 2
343 2
344 3
345 2
346 27
347 3
348 2
349 2
350 2
351 2
352 10
353 4
354 4
355 3
356 3
357 6
358 7
359 2
360 2
361 4
362 2
363 2
364 17
365 7
366 21
367 9
368 10
369 2
370 2
371 2
372 10
373 2
374 2
375 9
376 2
377 3
378 10
379 9
380 10
381 3
382 9
383 21
384 17
385 21
386 15
387 14
388 14
389 14
390 22
391 14
392 14
393 4
394 21
395 4
396 15
397 21
398 21
399 21
400 15
401 21
402 16
403 18
404 18
405 21
406 4
407 21
408 15
409 18
410 21
411 15
412 21
413 11
414 27
415 18
416 18
417 21
418 18
419 14
420 4
421 27
422 3
423 3
424 3
425 27
426 16
427 16
428 18
429 18
430 18
431 27
432 27
433 18
434 18
435 27
436 2
437 18
438 4
439 4
440 6
441 7
442 14
443 16
444 16
445 18
446 0
447 7
448 18
449 16
450 18
451 18
452 10
453 25
454 25
455 25
456 25
457 5
458 25
459 18
460 5
461 5
462 18
463 5
464 18
465 16
466 27
467 5
468 15
469 15
470 16
471 18
472 26
473 18
474 18
475 18
476 18
477 18
478 18
479 21
480 21
481 21
482 21
483 21
484 21
485 21
486 21
487 27
488 21
489 21
490 21
491 21
492 4
493 27
494 6
495 9
496 5
497 5
498 4
499 26
500 27
501 4
502 12
503 4
504 26
505 21
506 12
507 10
508 5
509 10
510 9
511 9
512 9
513 2
514 9
515 27
516 0
517 10
518 16
519 6
520 9
521 5
522 26
523 5
524 10
525 10
526 10
527 27
528 17
529 27
530 27
531 2
532 27
533 7
534 3
535 7
536 7
537 8
538 1
539 7
540 7
541 8
542 7
543 8
544 1
545 8
546 1
547 1
548 1
549 7
550 7
551 8
552 8
553 8
554 8
555 1
556 1
557 8
558 1
559 8
560 21
561 21
562 7
563 10
564 1
565 19
566 10
567 4
568 5
569 26
570 5
571 16
572 9
573 9
574 27
575 9
576 9
577 1
578 9
579 6
580 9
581 9
582 9
583 9
584 9
585 11
586 9
587 9
588 9
589 6
590 9
591 10
592 27
593 3
594 10
595 9
596 3
597 3
598 10
599 5
600 10
601 9
602 10
603 10
604 5
605 10
606 10
607 10
608 3
609 5
610 10
611 27
612 27
613 27
614 9
615 0
616 0
617 0
618 3
619 3
620 11
621 11
622 25
623 11
624 11
625 5
626 19
627 25
628 11
629 10
630 10
631 11
632 16
633 9
634 11
635 11
636 5
637 11
638 27
639 10
640 11
641 11
642 19
643 11
644 11
645 14
646 2
647 15
648 18
649 16
650 5
651 12
652 5
653 5
654 5
655 26
656 5
657 12
658 4
659 5
660 12
661 5
662 12
663 6
664 5
665 12
666 26
667 6
668 9
669 12
670 12
671 2
672 5
673 12
674 12
675 12
676 5
677 6
678 12
679 5
680 12
681 2
682 12
683 5
684 5
685 12
686 5
687 2
688 2
689 6
690 12
691 5
692 4
693 5
694 12
695 5
696 5
697 7
698 12
699 12
700 12
701 5
702 5
703 12
704 12
705 12
706 12
707 13
708 5
709 4
710 13
711 25
712 18
713 5
714 12
715 5
716 2
717 5
718 5
719 12
720 12
721 5
722 6
723 12
724 5
725 11
726 12
727 12
728 12
729 18
730 18
731 16
732 18
733 6
734 16
735 16
736 2
737 12
738 18
739 16
740 3
741 27
742 17
743 5
744 12
745 21
746 22
747 12
748 18
749 4
750 17
751 5
752 5
753 14
754 25
755 18
756 5
757 5
758 5
759 2
760 24
761 0
762 15
763 15
764 15
765 15
766 15
767 15
768 15
769 15
770 15
771 21
772 20
773 24
774 18
775 2
776 10
777 11
778 5
779 5
780 16
781 21
782 0
783 27
784 14
785 15
786 15
787 18
788 15
789 15
790 14
791 21
792 22
793 7
794 18
795 12
796 12
797 12
798 5
799 12
800 7
801 21
802 15
803 2
804 0
805 0
806 14
807 14
808 14
809 27
810 14
811 14
812 0
813 11
814 8
815 0
816 6
817 26
818 18
819 18
820 6
821 18
822 18
823 11
824 2
825 2
826 26
827 17
828 2
829 18
830 27
831 23
832 27
833 10
834 23
835 7
836 22
837 17
838 18
839 7
840 11
841 14
842 18
843 17
844 17
845 12
846 7
847 2
848 7
849 12
850 12
851 17
852 18
853 23
854 18
855 18
856 2
857 5
858 24
859 12
860 5
861 6
862 17
863 2
864 2
865 0
866 4
867 27
868 2
869 27
870 6
871 18
872 12
873 21
874 12
875 3
876 7
877 7
878 18
879 10
880 5
881 0
882 5
883 12
884 21
885 7
886 2
887 12
888 12
889 14
890 5
891 21
892 22
893 7
894 7
895 12
896 12
897 12
898 13
899 7
900 26
901 5
902 12
903 5
904 16
905 27
906 9
907 18
908 18
909 7
910 5
911 12
912 5
913 7
914 7
915 7
916 7
917 19
918 5
919 12
920 5
921 7
922 19
923 19
924 19
925 19
926 19
927 5
928 19
929 19
930 19
931 19
932 19
933 19
934 7
935 18
936 16
937 19
938 10
939 18
940 17
941 19
942 19
943 19
944 20
945 20
946 20
947 20
948 20
949 20
950 20
951 20
952 11
953 20
954 20
955 5
956 18
957 5
958 17
959 20
960 24
961 17
962 20
963 20
964 6
965 6
966 20
967 20
968 20
969 12
970 27
971 5
972 12
973 12
974 5
975 27
976 12
977 27
978 27
979 12
980 18
981 12
982 12
983 21
984 5
985 7
986 4
987 26
988 12
989 7
990 4
991 21
992 3
993 0
994 2
995 27
996 6
997 0
998 6
999 2
1000 12
1001 5
1002 12
1003 12
1004 6
1005 12
1006 5
1007 22
1008 22
1009 22
1010 12
1011 3
1012 12
1013 5
1014 0
1015 17
1016 12
1017 17
1018 5
1019 5
1020 17
1021 12
1022 5
1023 5
1024 22
1025 22
1026 5
1027 7
1028 5
1029 12
1030 17
1031 22
1032 12
1033 5
1034 12
1035 22
1036 5
1037 12
1038 12
1039 12
1040 12
1041 5
1042 21
1043 5
1044 5
1045 12
1046 12
1047 12
1048 5
1049 12
1050 5
1051 4
1052 12
1053 12
1054 7
1055 12
1056 26
1057 7
1058 21
1059 22
1060 5
1061 5
1062 6
1063 0
1064 5
1065 6
1066 12
1067 6
1068 12
1069 7
1070 12
1071 21
1072 12
1073 12
1074 24
1075 12
1076 0
1077 12
1078 5
1079 5
1080 5
1081 12
1082 12
1083 5
1084 12
1085 22
1086 26
1087 5
1088 5
1089 12
1090 2
1091 12
1092 5
1093 1
1094 9
1095 16
1096 13
1097 13
1098 27
1099 12
1100 26
1101 12
1102 12
1103 12
1104 12
1105 12
1106 12
1107 22
1108 12
1109 12
1110 12
1111 12
1112 0
1113 22
1114 15
1115 3
1116 18
1117 12
1118 12
1119 6
1120 6
1121 5
1122 12
1123 12
1124 12
1125 21
1126 22
1127 26
1128 13
1129 5
1130 12
1131 7
1132 18
1133 5
1134 5
1135 12
1136 12
1137 16
1138 5
1139 12
1140 3
1141 7
1142 4
1143 3
1144 12
1145 0
1146 6
1147 3
1148 0
1149 12
1150 18
1151 10
1152 7
1153 6
1154 5
1155 0
1156 0
1157 12
1158 0
1159 2
1160 0
1161 2
1162 15
1163 7
1164 12
1165 6
1166 9
1167 7
1168 17
1169 27
1170 3
1171 4
1172 14
1173 0
1174 7
1175 3
1176 0
1177 22
1178 0
1179 12
1180 6
1181 7
1182 7
1183 0
1184 7
1185 5
1186 12
