2 0
3 0
4 26
5 1
6 0
7 0
8 0
9 0
10 0
11 0
12 0
13 0
14 0
15 0
16 0
17 0
18 0
19 0
20 0
21 0
22 0
23 26
24 1
25 3
26 12
27 0
28 0
29 0
30 1
31 0
32 0
33 0
34 0
35 0
36 0
37 0
38 0
39 0
40 0
41 0
42 0
43 0
44 1
45 0
46 0
47 3
48 0
49 1
50 0
51 0
52 1
53 0
54 0
55 1
56 0
57 0
58 0
59 0
60 0
61 18
62 0
63 27
64 0
65 0
66 0
67 0
68 0
69 0
70 0
71 0
72 0
73 0
74 0
75 0
76 0
77 1
78 1
79 1
80 1
81 1
82 18
83 2
84 2
85 1
86 2
87 2
88 2
89 2
90 18
91 26
92 1
93 1
94 1
95 1
96 1
97 1
98 1
99 1
100 0
101 1
102 2
103 2
104 4
105 27
106 2
107 4
108 11
109 11
110 2
111 4
112 1
113 1
114 1
115 1
116 1
117 1
118 0
119 22
120 0
121 1
122 1
123 2
124 2
125 2
126 3
127 3
128 3
129 3
130 1
131 3
132 27
133 3
134 3
135 3
136 3
137 0
138 1
139 3
140 3
141 3
142 3
143 3
144 3
145 3
146 3
147 3
148 3
149 3
150 3
151 3
152 3
153 3
154 3
155 3
156 3
157 3
158 3
159 3
160 3
161 3
162 3
163 0
164 4
165 4
166 2
167 4
168 4
169 4
170 4
171 6
172 4
173 26
174 4
175 4
176 4
177 4
178 3
179 16
180 27
181 3
182 3
183 3
184 3
185 2
186 2
187 2
188 2
189 2
190 3
191 2
192 3
193 3
194 3
195 3
196 2
197 3
198 3
199 2
200 2
201 2
202 2
203 2
204 3
205 3
206 2
207 3
208 2
209 3
210 3
211 3
212 3
213 3
214 3
215 3
216 14
217 14
218 14
219 22
220 5
221 14
222 27
223 6
224 6
225 6
226 6
227 6
228 6
229 13
230 6
231 9
232 13
233 13
234 14
235 14
236 14
237 14
238 14
239 14
240 14
241 13
242 14
243 14
244 14
245 14
246 14
247 2
248 2
249 2
250 3
251 9
252 3
253 2
254 3
255 3
256 9
257 3
258 2
259 2
260 3
261 3
262 2
263 3
264 3
265 3
266 2
267 2
268 2
269 3
270 3
271 3
272 3
273 3
274 3
275 3
276 3
277 2
278 3
279 3
280 3
281 2
282 3
283 9
284 3
285 2
286 3
287 2
288 2
289 3
290 3
291 2
292 3
293 3
294 3
295 2
296 3
297 2
298 3
299 2
300 3
301 3
302 3
303 3
304 3
305 3
306 2
307 3
308 2
309 3
310 2
311 3
312 16
313 3
314 3
315 3
316 3
317 3
318 2
319 3
320 3
321 1
322 3
323 1
324 15
325 14
326 14
327 14
328 14
329 14
330 14
331 14
332 14
333 14
334 14
335 14
336 14
337 14
338 14
339 14
340 14
341 14
342 14
343 14
344 14
345 14
346 14
347 14
348 14
349 14
350 14
351 3
352 3
353 3
354 3
355 3
356 3
357 3
358 3
359 3
360 3
361 3
362 3
363 3
364 3
365 3
366 0
367 3
368 3
369 3
370 3
371 3
372 3
373 3
374 3
375 3
376 3
377 3
378 3
379 3
380 3
381 3
382 3
383 3
384 3
385 3
386 3
387 3
388 3
389 3
390 3
391 3
392 3
393 3
394 3
395 3
396 3
397 16
398 4
399 4
400 4
401 4
402 4
403 4
404 4
405 4
406 4
407 4
408 6
409 6
410 4
411 4
412 4
413 4
414 4
415 4
416 4
417 4
418 4
419 4
420 4
421 4
422 4
423 4
424 6
425 4
426 4
427 4
428 4
429 4
430 4
431 4
432 4
433 4
434 4
435 4
436 4
437 4
438 4
439 4
440 4
441 4
442 4
443 4
444 4
445 4
446 6
447 4
448 4
449 4
450 4
451 4
452 23
453 27
454 16
455 4
456 4
457 4
458 2
459 16
460 24
461 4
462 25
463 5
464 25
465 25
466 5
467 5
468 5
469 25
470 5
471 5
472 2
473 2
474 0
475 2
476 27
477 2
478 27
479 2
480 2
481 2
482 5
483 5
484 5
485 5
486 5
487 5
488 5
489 5
490 25
491 5
492 5
493 5
494 5
495 5
496 5
497 5
498 5
499 5
500 5
501 5
502 5
503 5
504 5
505 5
506 5
507 5
508 5
509 25
510 5
511 5
512 5
513 5
514 5
515 5
516 5
517 24
518 18
519 5
520 1
521 16
522 7
523 6
524 4
525 18
526 6
527 6
528 6
529 6
530 6
531 6
532 6
533 6
534 6
535 6
536 6
537 6
538 6
539 4
540 6
541 6
542 4
543 6
544 6
545 6
546 4
547 6
548 4
549 6
550 6
551 6
552 4
553 4
554 6
555 6
556 6
557 6
558 6
559 6
560 6
561 4
562 4
563 4
564 16
565 6
566 9
567 6
568 6
569 2
570 6
571 1
572 4
573 4
574 6
575 6
576 4
577 6
578 4
579 4
580 6
581 6
582 27
583 6
584 6
585 6
586 6
587 7
588 7
589 7
590 7
591 7
592 7
593 7
594 7
595 7
596 7
597 7
598 7
599 7
600 7
601 7
602 7
603 7
604 7
605 7
606 7
607 7
608 7
609 7
610 7
611 7
612 7
613 7
614 7
615 7
616 7
617 7
618 7
619 7
620 7
621 7
622 7
623 7
624 7
625 8
626 7
627 7
628 7
629 7
630 7
631 7
632 2
633 13
634 6
635 27
636 18
637 6
638 23
639 0
640 13
641 13
642 26
643 18
644 10
645 2
646 8
647 10
648 10
649 27
650 15
651 2
652 8
653 11
654 8
655 8
656 8
657 8
658 8
659 8
660 8
661 2
662 8
663 8
664 8
665 8
666 8
667 8
668 8
669 8
670 8
671 8
672 1
673 8
674 8
675 7
676 14
677 5
678 14
679 14
680 14
681 14
682 14
683 14
684 14
685 14
686 14
687 14
688 14
689 0
690 12
691 0
692 10
693 12
694 1
695 1
696 8
697 8
698 8
699 8
700 8
701 8
702 1
703 8
704 1
705 1
706 8
707 1
708 8
709 1
710 8
711 8
712 8
713 8
714 7
715 7
716 8
717 8
718 8
719 4
720 7
721 4
722 8
723 8
724 8
725 8
726 7
727 7
728 7
729 0
730 7
731 27
732 9
733 27
734 4
735 9
736 4
737 4
738 10
739 10
740 4
741 4
742 10
743 5
744 10
745 10
746 4
747 10
748 0
749 10
750 10
751 10
752 10
753 9
754 9
755 0
756 10
757 10
758 9
759 9
760 3
761 3
762 10
763 3
764 10
765 10
766 10
767 10
768 10
769 10
770 10
771 10
772 10
773 3
774 27
775 3
776 1
777 10
778 2
779 10
780 10
781 10
782 9
783 9
784 10
785 10
786 10
787 10
788 10
789 10
790 10
791 10
792 12
793 19
794 2
795 2
796 2
797 0
798 2
799 9
800 12
801 3
802 10
803 10
804 10
805 10
806 10
807 10
808 10
809 10
810 10
811 10
812 3
813 10
814 10
815 10
816 10
817 10
818 10
819 10
820 10
821 3
822 10
823 10
824 10
825 10
826 10
827 10
828 10
829 9
830 9
831 9
832 2
833 2
834 2
835 2
836 2
837 2
838 2
839 2
840 2
841 2
842 3
843 0
844 3
845 2
846 10
847 10
848 10
849 10
850 10
851 10
852 10
853 4
854 10
855 10
856 10
857 10
858 4
859 4
860 16
861 8
862 10
863 10
864 10
865 10
866 10
867 10
868 10
869 10
870 10
871 10
872 10
873 10
874 10
875 10
876 10
877 10
878 10
879 10
880 10
881 10
882 10
883 10
884 10
885 10
886 10
887 10
888 10
889 0
890 10
891 10
892 10
893 10
894 3
895 3
896 3
897 3
898 3
899 3
900 3
901 3
902 3
903 3
904 3
905 2
906 3
907 2
908 3
909 3
910 2
911 3
912 3
913 3
914 3
915 3
916 3
917 3
918 3
919 3
920 3
921 3
922 0
923 0
924 3
925 3
926 0
927 0
928 0
929 11
930 0
931 16
932 11
933 7
934 2
935 0
936 1
937 0
938 6
939 7
940 6
941 0
942 0
943 0
944 27
945 26
946 27
947 5
948 27
949 27
950 0
951 27
952 16
953 6
954 27
955 5
956 1
957 5
958 0
959 3
960 7
961 6
962 7
963 7
964 3
965 3
966 0
967 0
968 2
969 16
970 1
971 0
972 0
973 0
974 0
975 0
976 16
977 16
978 6
979 16
980 5
981 0
982 5
983 14
984 14
985 14
986 14
987 14
988 14
989 14
990 14
991 14
992 14
993 14
994 14
995 14
996 14
997 14
998 26
999 24
1000 14
1001 21
1002 0
1003 2
1004 2
1005 2
1006 2
1007 0
1008 0
1009 2
1010 4
1011 15
1012 11
1013 1
1014 11
1015 11
1016 11
1017 11
1018 11
1019 1
1020 11
1021 2
1022 11
1023 11
1024 11
1025 11
1026 11
1027 2
1028 3
1029 11
1030 2
1031 11
1032 11
1033 11
1034 11
1035 11
1036 11
1037 11
1038 11
1039 11
1040 11
1041 11
1042 11
1043 11
1044 11
1045 2
1046 2
1047 3
1048 3
1049 3
1050 1
1051 11
1052 11
1053 1
1054 3
1055 1
1056 7
1057 7
1058 1
1059 16
1060 7
1061 1
1062 16
1063 18
1064 7
1065 0
1066 7
1067 6
1068 7
1069 1
1070 0
1071 7
1072 0
1073 1
1074 1
1075 0
1076 5
1077 25
1078 6
1079 14
1080 27
1081 25
1082 15
1083 4
1084 15
1085 15
1086 5
1087 18
1088 0
1089 4
1090 27
1091 16
1092 12
1093 17
1094 12
1095 12
1096 12
1097 12
1098 12
1099 12
1100 12
1101 12
1102 13
1103 12
1104 12
1105 12
1106 12
1107 12
1108 12
1109 12
1110 12
1111 12
1112 12
1113 12
1114 12
1115 22
1116 12
1117 12
1118 26
1119 14
1120 14
1121 14
1122 14
1123 14
1124 14
1125 7
1126 10
1127 1
1128 2
1129 10
1130 1
1131 1
1132 1
1133 1
1134 1
1135 1
1136 1
1137 5
1138 5
1139 26
1140 17
1141 12
1142 12
1143 22
1144 12
1145 22
1146 22
1147 12
1148 12
1149 22
1150 22
1151 22
1152 22
1153 22
1154 22
1155 22
1156 22
1157 22
1158 12
1159 12
1160 12
1161 12
1162 13
1163 12
1164 12
1165 22
1166 12
1167 22
1168 12
1169 22
1170 22
1171 12
1172 12
1173 12
1174 12
1175 12
1176 12
1177 12
1178 17
1179 12
1180 12
1181 22
1182 22
1183 22
1184 12
1185 12
1186 12
1187 22
1188 12
1189 12
1190 12
1191 12
1192 22
1193 22
1194 12
1195 12
1196 13
1197 26
1198 26
1199 12
1200 13
1201 13
1202 2
1203 3
1204 2
1205 3
1206 2
1207 2
1208 2
1209 2
1210 2
1211 9
1212 13
1213 12
1214 13
1215 13
1216 13
1217 12
1218 13
1219 13
1220 13
1221 12
1222 12
1223 26
1224 12
1225 15
1226 13
1227 12
1228 12
1229 12
1230 12
1231 12
1232 20
1233 24
1234 15
1235 15
1236 4
1237 26
1238 24
1239 14
1240 14
1241 14
1242 10
1243 15
1244 14
1245 15
1246 15
1247 15
1248 15
1249 15
1250 15
1251 15
1252 15
1253 15
1254 15
1255 15
1256 15
1257 13
1258 15
1259 12
1260 2
1261 4
1262 14
1263 14
1264 13
1265 13
1266 14
1267 15
1268 15
1269 14
1270 15
1271 15
1272 15
1273 15
1274 15
1275 15
1276 15
1277 15
1278 15
1279 15
1280 15
1281 15
1282 26
1283 3
1284 15
1285 15
1286 4
1287 15
1288 15
1289 15
1290 15
1291 22
1292 15
1293 15
1294 15
1295 15
1296 15
1297 15
1298 15
1299 15
1300 22
1301 15
1302 15
1303 15
1304 15
1305 15
1306 15
1307 15
1308 15
1309 22
1310 15
1311 15
1312 15
1313 15
1314 15
1315 15
1316 15
1317 15
1318 15
1319 15
1320 15
1321 15
1322 15
1323 13
1324 27
1325 26
1326 27
1327 16
1328 16
1329 16
1330 7
1331 16
1332 16
1333 16
1334 16
1335 27
1336 27
1337 16
1338 27
1339 16
1340 16
1341 27
1342 16
1343 27
1344 27
1345 27
1346 16
1347 27
1348 16
1349 27
1350 26
1351 16
1352 26
1353 16
1354 27
1355 16
1356 16
1357 6
1358 16
1359 6
1360 16
1361 16
1362 16
1363 26
1364 27
1365 16
1366 16
1367 27
1368 16
1369 16
1370 16
1371 16
1372 0
1373 2
1374 2
1375 27
1376 17
1377 17
1378 4
1379 2
1380 2
1381 27
1382 17
1383 17
1384 17
1385 17
1386 17
1387 17
1388 17
1389 17
1390 17
1391 17
1392 17
1393 12
1394 12
1395 17
1396 17
1397 17
1398 17
1399 17
1400 17
1401 17
1402 17
1403 17
1404 17
1405 17
1406 17
1407 12
1408 17
1409 27
1410 17
1411 17
1412 17
1413 17
1414 17
1415 17
1416 17
1417 17
1418 17
1419 17
1420 12
1421 17
1422 17
1423 17
1424 0
1425 17
1426 17
1427 0
1428 0
1429 27
1430 18
1431 27
1432 18
1433 18
1434 18
1435 0
1436 27
1437 18
1438 27
1439 27
1440 27
1441 27
1442 0
1443 27
1444 18
1445 18
1446 18
1447 18
1448 26
1449 18
1450 18
1451 18
1452 26
1453 18
1454 18
1455 18
1456 18
1457 0
1458 27
1459 27
1460 18
1461 27
1462 0
1463 27
1464 27
1465 27
1466 27
1467 27
1468 0
1469 18
1470 18
1471 18
1472 27
1473 27
1474 27
1475 27
1476 27
1477 0
1478 27
1479 0
1480 27
1481 27
1482 3
1483 27
1484 27
1485 27
1486 27
1487 2
1488 18
1489 1
1490 27
1491 9
1492 16
1493 20
1494 20
1495 20
1496 20
1497 20
1498 20
1499 20
1500 20
1501 19
1502 16
1503 19
1504 20
1505 20
1506 20
1507 20
1508 20
1509 19
1510 19
1511 19
1512 18
1513 1
1514 1
1515 10
1516 2
1517 10
1518 9
1519 2
1520 11
1521 10
1522 20
1523 19
1524 19
1525 19
1526 20
1527 20
1528 19
1529 19
1530 20
1531 19
1532 19
1533 19
1534 19
1535 19
1536 19
1537 20
1538 19
1539 19
1540 19
1541 19
1542 20
1543 19
1544 19
1545 19
1546 19
1547 19
1548 19
1549 20
1550 19
1551 19
1552 1
1553 4
1554 8
1555 2
1556 18
1557 4
1558 17
1559 4
1560 18
1561 27
1562 20
1563 20
1564 20
1565 20
1566 20
1567 20
1568 20
1569 20
1570 20
1571 20
1572 18
1573 18
1574 15
1575 27
1576 16
1577 18
1578 2
1579 12
1580 0
1581 12
1582 20
1583 20
1584 20
1585 20
1586 20
1587 20
1588 20
1589 20
1590 20
1591 20
1592 6
1593 20
1594 20
1595 20
1596 20
1597 20
1598 20
1599 20
1600 20
1601 20
1602 7
1603 27
1604 27
1605 1
1606 2
1607 27
1608 2
1609 2
1610 2
1611 27
1612 2
1613 16
1614 2
1615 2
1616 2
1617 2
1618 27
1619 2
1620 27
1621 16
1622 9
1623 9
1624 9
1625 27
1626 3
1627 2
1628 3
1629 2
1630 3
1631 2
1632 2
1633 2
1634 2
1635 2
1636 2
1637 2
1638 2
1639 2
1640 2
1641 2
1642 27
1643 27
1644 27
1645 3
1646 2
1647 2
1648 27
1649 14
1650 14
1651 14
1652 14
1653 14
1654 14
1655 14
1656 14
1657 22
1658 15
1659 15
1660 5
1661 9
1662 2
1663 2
1664 2
1665 12
1666 3
1667 3
1668 3
1669 2
1670 3
1671 3
1672 10
1673 2
1674 13
1675 13
1676 12
1677 13
1678 12
1679 23
1680 23
1681 23
1682 13
1683 15
1684 16
1685 6
1686 2
1687 26
1688 26
1689 16
1690 2
1691 2
1692 4
1693 4
1694 4
1695 26
1696 4
1697 26
1698 2
1699 6
1700 26
1701 3
1702 2
1703 2
1704 3
1705 2
1706 2
1707 2
1708 16
1709 2
1710 2
1711 2
1712 4
1713 26
1714 27
1715 4
1716 26
1717 4
1718 27
1719 27
1720 26
1721 12
1722 -1
1723 26
1724 -1
1725 4
1726 26
1727 15
1728 15
1729 21
1730 21
1731 21
1732 15
1733 15
1734 15
1735 4
1736 15
1737 15
1738 12
1739 15
1740 4
1741 12
1742 15
1743 4
1744 15
1745 17
1746 12
1747 17
1748 17
1749 4
1750 17
1751 4
1752 15
1753 15
1754 17
1755 15
1756 17
1757 15
1758 21
1759 4
1760 17
1761 15
1762 17
1763 15
1764 15
1765 4
1766 4
1767 15
1768 17
1769 19
1770 15
1771 13
1772 17
1773 17
1774 4
1775 4
1776 4
1777 19
1778 4
1779 17
1780 17
1781 17
1782 17
1783 15
1784 15
1785 21
1786 12
1787 12
1788 15
1789 15
1790 12
1791 17
1792 15
1793 17
1794 12
1795 15
1796 15
1797 15
1798 17
1799 15
1800 15
1801 12
1802 15
1803 22
1804 15
1805 22
1806 15
1807 15
1808 15
1809 22
1810 22
1811 15
1812 22
1813 22
1814 22
1815 22
1816 22
1817 22
1818 22
1819 22
1820 22
1821 22
1822 22
1823 22
1824 22
1825 22
1826 22
1827 22
1828 22
1829 22
1830 22
1831 22
1832 22
1833 22
1834 22
1835 22
1836 22
1837 22
1838 22
1839 22
1840 22
1841 22
1842 22
1843 22
1844 22
1845 22
1846 22
1847 22
1848 22
1849 22
1850 22
1851 22
1852 4
1853 27
1854 27
1855 18
1856 18
1857 18
1858 18
1859 0
1860 18
1861 18
1862 18
1863 26
1864 0
1865 18
1866 13
1867 26
1868 0
1869 26
1870 18
1871 18
1872 18
1873 18
1874 18
1875 18
1876 18
1877 18
1878 15
1879 18
1880 18
1881 26
1882 26
1883 -1
1884 26
1885 26
1886 26
1887 2
1888 2
1889 27
1890 4
1891 26
1892 -1
1893 4
1894 4
1895 26
1896 15
1897 -1
1898 3
1899 15
1900 -1
1901 -1
1902 11
1903 3
1904 2
1905 27
1906 25
1907 15
1908 2
1909 6
1910 9
1911 4
1912 26
1913 -1
1914 4
1915 3
1916 -1
1917 -1
1918 -1
1919 15
1920 4
1921 15
1922 15
1923 15
1924 15
1925 26
1926 12
1927 26
1928 2
1929 4
1930 26
1931 -1
1932 24
1933 24
1934 24
1935 24
1936 24
1937 24
1938 24
1939 24
1940 24
1941 24
1942 24
1943 24
1944 24
1945 24
1946 24
1947 24
1948 24
1949 24
1950 4
1951 4
1952 4
1953 4
1954 2
1955 4
1956 2
1957 3
1958 26
1959 26
1960 4
1961 4
1962 -1
1963 2
1964 4
1965 4
1966 26
1967 -1
1968 -1
1969 2
1970 4
1971 -1
1972 26
1973 26
1974 26
1975 26
1976 26
1977 24
1978 26
1979 24
1980 24
1981 24
1982 16
1983 3
1984 4
1985 4
1986 26
1987 4
1988 4
1989 3
1990 4
1991 3
1992 27
1993 16
1994 -1
1995 26
1996 -1
1997 -1
1998 26
1999 26
2000 4
2001 2
2002 2
2003 26
2004 25
2005 24
2006 24
2007 14
2008 24
2009 24
2010 24
2011 25
2012 25
2013 25
2014 25
2015 25
2016 25
2017 25
2018 25
2019 25
2020 25
2021 25
2022 25
2023 25
2024 25
2025 25
2026 25
2027 25
2028 25
2029 25
2030 25
2031 25
2032 25
2033 25
2034 25
2035 25
2036 25
2037 25
2038 5
2039 25
2040 25
2041 25
2042 5
2043 25
2044 24
2045 25
2046 25
2047 25
2048 25
2049 25
2050 25
2051 25
2052 25
2053 22
2054 27
2055 21
2056 27
2057 1
2058 25
2059 25
2060 10
2061 14
2062 25
2063 25
2064 25
2065 25
2066 25
2067 25
2068 25
2069 25
2070 25
2071 12
2072 25
2073 25
2074 25
2075 25
2076 25
2077 25
2078 25
2079 25
2080 22
2081 25
2082 25
2083 25
2084 25
2085 25
2086 25
2087 25
2088 25
2089 25
2090 25
2091 25
2092 25
2093 25
2094 25
2095 25
2096 25
2097 25
2098 25
2099 25
2100 15
2101 25
2102 25
2103 14
2104 15
2105 15
2106 25
2107 16
2108 15
2109 16
2110 6
2111 15
2112 15
2113 14
2114 25
2115 25
2116 25
2117 18
2118 26
2119 26
2120 18
2121 18
2122 27
2123 18
2124 18
2125 24
2126 18
2127 18
2128 18
2129 18
2130 18
2131 18
2132 26
2133 18
2134 18
2135 26
2136 18
2137 18
2138 18
2139 18
2140 18
2141 18
2142 18
2143 18
2144 26
2145 26
2146 18
2147 26
2148 26
2149 18
2150 26
2151 26
2152 26
2153 7
2154 27
2155 26
2156 6
2157 2
2158 6
2159 3
2160 2
2161 16
2162 26
2163 26
2164 26
2165 18
2166 26
2167 18
2168 18
2169 18
2170 18
2171 0
2172 18
2173 18
2174 27
2175 27
2176 27
2177 27
2178 18
2179 27
2180 18
2181 18
2182 27
2183 18
2184 18
2185 18
2186 18
2187 18
2188 27
2189 27
2190 18
2191 27
2192 27
