2 -1
3 -1
4 -1
5 -1
6 -1
7 -1
8 -1
9 -1
10 -1
11 -1
12 -1
13 -1
14 -1
15 -1
16 -1
17 -1
18 -1
19 -1
20 0
21 0
22 0
23 -1
24 -1
25 -1
26 -1
27 -1
28 -1
29 -1
30 -1
31 -1
32 -1
33 -1
34 -1
35 -1
36 -1
37 -1
38 -1
39 -1
40 0
41 0
42 0
43 -1
44 -1
45 -1
46 -1
47 -1
48 -1
49 -1
50 26
51 26
52 26
53 -1
54 -1
55 -1
56 -1
57 -1
58 -1
59 -1
60 0
61 0
62 0
63 0
64 0
65 0
66 0
67 0
68 -1
69 -1
70 -1
71 -1
72 -1
73 -1
74 -1
75 1
76 1
77 1
78 1
79 1
80 1
81 1
82 1
83 1
84 1
85 1
86 1
87 1
88 1
89 1
90 1
91 1
92 1
93 -1
94 -1
95 -1
96 -1
97 -1
98 -1
99 -1
100 -1
101 2
102 2
103 2
104 2
105 2
106 2
107 2
108 2
109 2
110 2
111 2
112 2
113 2
114 2
115 2
116 2
117 2
118 2
119 2
120 2
121 2
122 -1
123 -1
124 -1
125 -1
126 -1
127 -1
128 -1
129 3
130 3
131 3
132 3
133 3
134 3
135 3
136 -1
137 -1
138 -1
139 3
140 -1
141 3
142 -1
143 -1
144 -1
145 -1
146 -1
147 -1
148 -1
149 -1
150 -1
151 -1
152 -1
153 -1
154 -1
155 -1
156 -1
157 -1
158 -1
159 -1
160 -1
161 -1
162 -1
163 -1
164 -1
165 -1
166 -1
167 -1
168 -1
169 -1
170 -1
171 -1
172 -1
173 -1
174 -1
175 -1
176 -1
177 -1
178 -1
179 -1
180 4
181 4
182 4
183 4
184 4
185 4
186 -1
187 -1
188 -1
189 4
190 -1
191 -1
192 -1
193 -1
194 -1
195 -1
196 -1
197 -1
198 -1
199 -1
200 -1
201 -1
202 -1
203 -1
204 -1
205 -1
206 -1
207 -1
208 -1
209 -1
210 -1
211 -1
212 -1
213 -1
214 -1
215 -1
216 -1
217 -1
218 -1
219 -1
220 5
221 5
222 5
223 5
224 5
225 -1
226 5
227 5
228 5
229 5
230 5
231 5
232 -1
233 -1
234 -1
235 -1
236 -1
237 -1
238 -1
239 -1
240 -1
241 -1
242 -1
243 -1
244 -1
245 -1
246 -1
247 -1
248 -1
249 -1
250 -1
251 -1
252 -1
253 -1
254 -1
255 -1
256 -1
257 -1
258 -1
259 -1
260 -1
261 -1
262 -1
263 -1
264 -1
265 -1
266 -1
267 -1
268 -1
269 -1
270 -1
271 -1
272 6
273 -1
274 -1
275 -1
276 -1
277 -1
278 -1
279 -1
280 -1
281 -1
282 -1
283 7
284 7
285 7
286 7
287 7
288 7
289 7
290 7
291 7
292 7
293 7
294 7
295 7
296 7
297 7
298 7
299 7
300 7
301 7
302 7
303 7
304 7
305 7
306 7
307 7
308 7
309 7
310 7
311 7
312 7
313 -1
314 -1
315 -1
316 -1
317 -1
318 -1
319 -1
320 8
321 8
322 8
323 8
324 8
325 8
326 8
327 8
328 8
329 8
330 8
331 8
332 8
333 8
334 8
335 8
336 8
337 8
338 8
339 8
340 8
341 8
342 8
343 8
344 8
345 8
346 8
347 8
348 8
349 8
350 8
351 8
352 8
353 -1
354 -1
355 -1
356 -1
357 -1
358 -1
359 -1
360 -1
361 -1
362 9
363 9
364 9
365 9
366 9
367 9
368 -1
369 9
370 9
371 9
372 9
373 9
374 9
375 9
376 -1
377 9
378 -1
379 9
380 9
381 9
382 -1
383 -1
384 -1
385 -1
386 -1
387 -1
388 -1
389 10
390 10
391 10
392 10
393 10
394 10
395 10
396 10
397 10
398 10
399 10
400 10
401 10
402 10
403 10
404 10
405 10
406 10
407 -1
408 -1
409 -1
410 -1
411 -1
412 -1
413 -1
414 -1
415 -1
416 -1
417 -1
418 -1
419 11
420 11
421 11
422 11
423 11
424 11
425 11
426 11
427 11
428 11
429 11
430 11
431 11
432 11
433 11
434 -1
435 -1
436 -1
437 -1
438 -1
439 -1
440 -1
441 -1
442 -1
443 -1
444 -1
445 -1
446 0
447 0
448 0
449 0
450 0
451 0
452 0
453 0
454 0
455 0
456 0
457 0
458 0
459 -1
460 -1
461 -1
462 -1
463 -1
464 -1
465 -1
466 -1
467 -1
468 -1
469 12
470 12
471 12
472 12
473 12
474 12
475 12
476 12
477 12
478 12
479 12
480 12
481 12
482 12
483 12
484 12
485 12
486 12
487 12
488 12
489 12
490 12
491 12
492 12
493 12
494 12
495 12
496 12
497 12
498 12
499 12
500 12
501 12
502 12
503 12
504 -1
505 12
506 -1
507 -1
508 -1
509 -1
510 -1
511 -1
512 -1
513 -1
514 -1
515 12
516 12
517 12
518 12
519 12
520 -1
521 -1
522 -1
523 -1
524 -1
525 -1
526 -1
527 -1
528 13
529 13
530 13
531 13
532 13
533 13
534 13
535 13
536 13
537 13
538 13
539 13
540 13
541 13
542 13
543 13
544 13
545 13
546 -1
547 -1
548 -1
549 -1
550 -1
551 -1
552 -1
553 -1
554 14
555 14
556 14
557 14
558 14
559 14
560 14
561 14
562 14
563 14
564 14
565 14
566 14
567 14
568 14
569 14
570 14
571 14
572 14
573 -1
574 -1
575 -1
576 -1
577 -1
578 -1
579 -1
580 -1
581 -1
582 15
583 15
584 15
585 15
586 15
587 15
588 15
589 15
590 15
591 15
592 15
593 15
594 15
595 15
596 15
597 15
598 15
599 15
600 15
601 15
602 15
603 15
604 15
605 15
606 15
607 15
608 15
609 -1
610 -1
611 -1
612 -1
613 -1
614 -1
615 -1
616 -1
617 -1
618 -1
619 -1
620 -1
621 -1
622 -1
623 -1
624 -1
625 -1
626 -1
627 -1
628 -1
629 -1
630 16
631 16
632 16
633 16
634 16
635 16
636 16
637 16
638 -1
639 -1
640 -1
641 -1
642 -1
643 -1
644 -1
645 -1
646 17
647 17
648 17
649 17
650 17
651 17
652 17
653 17
654 17
655 17
656 17
657 17
658 17
659 17
660 17
661 17
662 17
663 17
664 17
665 17
666 17
667 17
668 17
669 17
670 17
671 17
672 17
673 17
674 17
675 -1
676 -1
677 -1
678 -1
679 -1
680 -1
681 -1
682 18
683 18
684 18
685 18
686 18
687 18
688 18
689 18
690 -1
691 -1
692 -1
693 18
694 18
695 18
696 18
697 18
698 18
699 18
700 18
701 18
702 -1
703 -1
704 -1
705 -1
706 -1
707 -1
708 -1
709 -1
710 -1
711 -1
712 19
713 19
714 19
715 19
716 19
717 19
718 19
719 19
720 19
721 19
722 19
723 19
724 19
725 19
726 19
727 19
728 19
729 19
730 19
731 19
732 19
733 19
734 19
735 -1
736 -1
737 -1
738 -1
739 -1
740 -1
741 -1
742 -1
743 20
744 20
745 20
746 20
747 20
748 20
749 20
750 20
751 20
752 20
753 -1
754 -1
755 -1
756 -1
757 -1
758 -1
759 -1
760 -1
761 -1
762 -1
763 -1
764 -1
765 -1
766 -1
767 -1
768 -1
769 -1
770 -1
771 -1
772 21
773 21
774 21
775 21
776 21
777 21
778 21
779 21
780 21
781 21
782 21
783 21
784 21
785 21
786 21
787 21
788 21
789 21
790 21
791 -1
792 -1
793 -1
794 -1
795 -1
796 -1
797 -1
798 -1
799 -1
800 -1
801 -1
802 -1
803 -1
804 -1
805 -1
806 -1
807 -1
808 -1
809 -1
810 -1
811 -1
812 -1
813 -1
814 -1
815 -1
816 -1
817 -1
818 -1
819 -1
820 -1
821 -1
822 -1
823 -1
824 -1
825 -1
826 -1
827 -1
828 -1
829 -1
830 -1
831 -1
832 -1
833 -1
834 -1
835 -1
836 -1
837 -1
838 -1
839 23
840 23
841 23
842 23
843 23
844 23
845 23
846 23
847 23
848 23
849 23
850 23
851 23
852 23
853 23
854 23
855 23
856 23
857 23
858 -1
859 -1
860 -1
861 -1
862 -1
863 -1
864 -1
865 -1
866 -1
867 -1
868 -1
869 -1
870 -1
871 -1
872 -1
873 -1
874 -1
875 -1
876 -1
877 -1
878 -1
879 -1
880 -1
881 -1
882 -1
883 -1
884 -1
885 -1
886 -1
887 -1
888 -1
889 -1
890 24
891 24
892 24
893 24
894 -1
895 -1
896 -1
897 -1
898 -1
899 -1
900 -1
901 25
902 25
903 25
904 25
905 25
906 25
907 25
908 25
909 25
910 25
911 25
912 25
913 25
914 25
915 25
916 25
917 25
918 25
919 25
920 25
921 25
922 25
923 25
924 25
925 -1
926 -1
927 -1
928 -1
929 -1
930 -1
931 -1
932 -1
933 26
934 26
935 26
936 26
937 26
938 26
939 26
940 26
941 26
942 26
943 26
944 26
945 26
946 26
947 26
948 26
949 26
950 26
951 26
952 26
953 26
954 26
955 26
956 26
957 26
958 26
959 26
960 26
961 26
962 26
963 26
964 26
965 26
966 26
967 26
968 26
969 26
970 26
971 26
972 -1
973 -1
974 -1
975 -1
976 -1
977 -1
978 -1
979 -1
980 -1
981 -1
982 25
983 25
984 25
985 25
986 25
987 25
988 25
989 -1
990 -1
991 -1
992 -1
993 -1
994 -1
995 -1
996 -1
997 -1
998 -1
999 -1
1000 -1
1001 -1
1002 -1
1003 -1
1004 -1
1005 -1
1006 -1
1007 27
1008 -1
1009 27
1010 27
1011 27
1012 27
1013 27
1014 27
1015 27
1016 27
1017 27
1018 27
1019 27
1020 27
1021 27
1022 27
1023 -1
1024 -1
1025 -1
1026 -1
1027 -1
1028 -1
1029 -1
1030 -1
1031 -1
1032 -1
1033 -1
1034 -1
1035 -1
1036 -1
1037 -1
1038 -1
1039 -1
1040 -1
1041 -1
1042 -1
1043 -1
1044 -1
1045 -1
1046 -1
1047 -1
1048 -1
1049 -1
1050 -1
1051 -1
1052 -1
1053 -1
1054 -1
1055 -1
1056 -1
1057 -1
1058 -1
1059 -1
1060 -1
1061 -1
1062 -1
1063 -1
1064 -1
1065 -1
1066 -1
1067 -1
1068 -1
1069 -1
1070 -1
1071 -1
1072 -1
1073 -1
1074 -1
1075 -1
1076 -1
1077 -1
1078 -1
1079 -1
1080 -1
1081 27
1082 27
1083 27
1084 -1
1085 27
1086 27
1087 27
1088 27
1089 27
1090 -1
1091 -1
1092 -1
1093 -1
1094 -1
1095 27
1096 -1
1097 -1
1098 -1
1099 -1
1100 -1
1101 -1
1102 -1
1103 27
1104 27
1105 27
1106 27
1107 27
1108 27
1109 27
1110 27
1111 27
1112 -1
1113 27
1114 27
1115 27
1116 27
1117 27
1118 27
1119 27
1120 27
1121 27
1122 27
1123 27
1124 27
1125 27
1126 27
1127 27
1128 27
1129 27
1130 27
1131 27
1132 -1
1133 27
1134 -1
1135 27
1136 -1
1137 -1
1138 -1
1139 -1
1140 -1
1141 -1
1142 -1
1143 -1
1144 -1
1145 -1
1146 -1
1147 -1
1148 -1
1149 -1
1150 -1
1151 -1
1152 -1
1153 -1
1154 -1
1155 -1
1156 -1
1157 -1
1158 -1
1159 -1
1160 -1
1161 -1
1162 -1
1163 -1
1164 -1
1165 -1
1166 -1
1167 -1
1168 -1
1169 -1
1170 -1
1171 -1
1172 -1
1173 -1
1174 -1
1175 -1
1176 -1
1177 -1
1178 -1
1179 -1
1180 -1
1181 -1
1182 -1
1183 -1
1184 -1
1185 -1
1186 -1
1187 -1
1188 -1
1189 -1
1190 -1
1191 -1
1192 -1
1193 -1
1194 -1
1195 -1
1196 -1
1197 -1
1198 -1
1199 -1
1200 25
1201 25
1202 25
1203 -1
