2 -1
3 -1
4 -1
5 -1
6 -1
7 -1
8 -1
9 -1
10 -1
11 -1
12 -1
13 -1
14 -1
15 -1
16 -1
17 -1
18 -1
19 -1
20 -1
21 -1
22 -1
23 -1
24 0
25 0
26 0
27 0
28 0
29 0
30 0
31 -1
32 -1
33 -1
34 -1
35 -1
36 -1
37 -1
38 1
39 1
40 1
41 1
42 1
43 1
44 1
45 1
46 1
47 1
48 1
49 1
50 1
51 1
52 1
53 1
54 1
55 1
56 1
57 1
58 1
59 1
60 1
61 1
62 1
63 1
64 -1
65 -1
66 -1
67 -1
68 -1
69 -1
70 -1
71 -1
72 2
73 2
74 2
75 2
76 2
77 2
78 2
79 2
80 2
81 2
82 2
83 2
84 2
85 2
86 2
87 2
88 2
89 2
90 2
91 2
92 2
93 2
94 2
95 2
96 2
97 2
98 2
99 2
100 2
101 2
102 2
103 2
104 -1
105 2
106 2
107 2
108 -1
109 2
110 -1
111 -1
112 -1
113 2
114 2
115 2
116 2
117 2
118 2
119 -1
120 -1
121 -1
122 -1
123 -1
124 -1
125 -1
126 -1
127 -1
128 -1
129 -1
130 -1
131 -1
132 -1
133 -1
134 3
135 3
136 3
137 3
138 -1
139 3
140 -1
141 3
142 -1
143 3
144 3
145 3
146 3
147 -1
148 -1
149 -1
150 -1
151 -1
152 -1
153 -1
154 -1
155 -1
156 -1
157 -1
158 -1
159 -1
160 -1
161 -1
162 -1
163 -1
164 -1
165 -1
166 -1
167 -1
168 -1
169 -1
170 -1
171 -1
172 -1
173 -1
174 -1
175 -1
176 -1
177 4
178 -1
179 4
180 -1
181 -1
182 -1
183 -1
184 -1
185 4
186 4
187 4
188 -1
189 -1
190 -1
191 -1
192 -1
193 -1
194 -1
195 5
196 5
197 5
198 5
199 5
200 5
201 5
202 5
203 5
204 5
205 5
206 5
207 5
208 5
209 5
210 5
211 5
212 5
213 5
214 5
215 5
216 5
217 5
218 5
219 5
220 5
221 5
222 5
223 5
224 5
225 5
226 5
227 5
228 5
229 5
230 5
231 5
232 5
233 -1
234 -1
235 -1
236 -1
237 -1
238 -1
239 -1
240 -1
241 -1
242 -1
243 -1
244 -1
245 -1
246 -1
247 -1
248 -1
249 -1
250 -1
251 -1
252 -1
253 -1
254 -1
255 -1
256 -1
257 -1
258 -1
259 -1
260 -1
261 -1
262 -1
263 -1
264 -1
265 -1
266 -1
267 -1
268 -1
269 -1
270 -1
271 -1
272 -1
273 -1
274 -1
275 -1
276 -1
277 -1
278 -1
279 -1
280 -1
281 -1
282 -1
283 -1
284 -1
285 -1
286 -1
287 -1
288 -1
289 -1
290 -1
291 -1
292 -1
293 -1
294 -1
295 -1
296 7
297 7
298 7
299 7
300 7
301 7
302 7
303 7
304 7
305 7
306 7
307 7
308 7
309 7
310 7
311 7
312 7
313 7
314 7
315 7
316 7
317 7
318 7
319 7
320 -1
321 -1
322 -1
323 -1
324 -1
325 -1
326 -1
327 8
328 8
329 8
330 8
331 8
332 8
333 8
334 8
335 8
336 8
337 8
338 8
339 8
340 8
341 8
342 8
343 8
344 8
345 8
346 8
347 8
348 -1
349 -1
350 -1
351 -1
352 -1
353 -1
354 -1
355 -1
356 9
357 9
358 9
359 9
360 9
361 9
362 9
363 9
364 9
365 9
366 9
367 9
368 9
369 9
370 9
371 9
372 9
373 9
374 9
375 9
376 9
377 9
378 9
379 9
380 9
381 9
382 9
383 9
384 9
385 9
386 9
387 9
388 9
389 9
390 9
391 9
392 9
393 9
394 9
395 9
396 9
397 9
398 9
399 9
400 9
401 -1
402 -1
403 -1
404 -1
405 -1
406 -1
407 -1
408 -1
409 -1
410 -1
411 -1
412 -1
413 -1
414 11
415 11
416 11
417 11
418 11
419 11
420 11
421 11
422 11
423 11
424 11
425 11
426 11
427 11
428 11
429 11
430 11
431 11
432 11
433 11
434 11
435 -1
436 -1
437 -1
438 -1
439 -1
440 -1
441 -1
442 -1
443 -1
444 -1
445 -1
446 12
447 12
448 12
449 12
450 12
451 12
452 12
453 12
454 12
455 12
456 12
457 12
458 12
459 12
460 12
461 12
462 12
463 12
464 12
465 12
466 12
467 12
468 12
469 12
470 12
471 12
472 12
473 -1
474 -1
475 -1
476 -1
477 -1
478 -1
479 -1
480 13
481 13
482 13
483 13
484 13
485 13
486 13
487 13
488 13
489 13
490 13
491 13
492 13
493 13
494 13
495 13
496 13
497 13
498 13
499 13
500 13
501 13
502 13
503 13
504 -1
505 -1
506 -1
507 -1
508 -1
509 -1
510 -1
511 14
512 14
513 14
514 14
515 14
516 14
517 14
518 14
519 14
520 14
521 14
522 14
523 14
524 14
525 14
526 14
527 14
528 14
529 14
530 14
531 14
532 14
533 14
534 14
535 14
536 14
537 14
538 14
539 14
540 14
541 14
542 -1
543 -1
544 -1
545 -1
546 -1
547 -1
548 -1
549 15
550 15
551 15
552 15
553 15
554 15
555 15
556 15
557 15
558 15
559 15
560 15
561 15
562 15
563 15
564 15
565 15
566 15
567 15
568 15
569 15
570 15
571 15
572 -1
573 -1
574 -1
575 -1
576 -1
577 -1
578 -1
579 -1
580 -1
581 -1
582 -1
583 -1
584 -1
585 -1
586 -1
587 -1
588 -1
589 -1
590 -1
591 16
592 16
593 16
594 -1
595 16
596 16
597 16
598 16
599 16
600 16
601 16
602 16
603 16
604 -1
605 -1
606 -1
607 16
608 -1
609 16
610 16
611 16
612 16
613 16
614 -1
615 16
616 -1
617 16
618 -1
619 -1
620 -1
621 -1
622 -1
623 16
624 16
625 16
626 16
627 16
628 -1
629 -1
630 -1
631 16
632 16
633 16
634 16
635 -1
636 -1
637 -1
638 -1
639 -1
640 -1
641 -1
642 -1
643 -1
644 -1
645 -1
646 -1
647 17
648 17
649 17
650 17
651 17
652 17
653 17
654 17
655 17
656 17
657 17
658 17
659 17
660 17
661 17
662 17
663 17
664 17
665 17
666 17
667 17
668 17
669 17
670 17
671 -1
672 -1
673 -1
674 -1
675 -1
676 -1
677 -1
678 -1
679 -1
680 18
681 18
682 18
683 18
684 18
685 18
686 18
687 18
688 18
689 18
690 18
691 18
692 18
693 18
694 18
695 18
696 18
697 18
698 18
699 18
700 18
701 18
702 18
703 18
704 18
705 18
706 -1
707 -1
708 -1
709 -1
710 -1
711 -1
712 -1
713 -1
714 -1
715 19
716 19
717 19
718 19
719 19
720 19
721 19
722 19
723 19
724 19
725 19
726 19
727 19
728 19
729 19
730 19
731 19
732 19
733 19
734 19
735 19
736 19
737 19
738 19
739 19
740 19
741 19
742 -1
743 -1
744 -1
745 -1
746 -1
747 -1
748 -1
749 20
750 20
751 20
752 20
753 20
754 20
755 20
756 20
757 20
758 20
759 20
760 20
761 20
762 20
763 20
764 20
765 20
766 20
767 20
768 -1
769 -1
770 -1
771 -1
772 -1
773 -1
774 -1
775 -1
776 -1
777 -1
778 -1
779 -1
780 -1
781 -1
782 -1
783 -1
784 -1
785 -1
786 -1
787 -1
788 -1
789 -1
790 -1
791 -1
792 -1
793 -1
794 -1
795 -1
796 -1
797 -1
798 -1
799 -1
800 -1
801 -1
802 -1
803 -1
804 -1
805 22
806 22
807 22
808 22
809 22
810 22
811 22
812 22
813 22
814 22
815 22
816 22
817 -1
818 -1
819 -1
820 -1
821 -1
822 -1
823 -1
824 -1
825 -1
826 -1
827 -1
828 -1
829 -1
830 -1
831 -1
832 -1
833 -1
834 -1
835 -1
836 22
837 -1
838 -1
839 -1
840 -1
841 -1
842 -1
843 -1
844 -1
845 -1
846 23
847 23
848 23
849 23
850 23
851 23
852 23
853 23
854 23
855 23
856 23
857 23
858 23
859 23
860 23
861 23
862 23
863 23
864 23
865 23
866 23
867 23
868 23
869 -1
870 -1
871 -1
872 -1
873 -1
874 -1
875 -1
876 -1
877 24
878 24
879 24
880 24
881 24
882 24
883 24
884 24
885 24
886 24
887 24
888 24
889 24
890 24
891 24
892 24
893 24
894 24
895 24
896 -1
897 -1
898 -1
899 -1
900 -1
901 -1
902 -1
903 25
904 25
905 25
906 25
907 25
908 25
909 25
910 25
911 25
912 25
913 25
914 25
915 25
916 25
917 25
918 25
919 25
920 25
921 25
922 25
923 -1
924 -1
925 -1
926 -1
927 -1
928 -1
929 -1
930 -1
931 26
932 26
933 26
934 26
935 26
936 26
937 26
938 26
939 26
940 26
941 26
942 26
943 26
944 26
945 26
946 26
947 26
948 26
949 26
950 26
951 26
952 26
953 26
954 26
955 26
956 26
957 26
958 26
959 26
960 26
961 26
962 -1
963 -1
964 -1
965 -1
966 -1
967 -1
968 -1
969 27
970 27
971 27
972 27
973 27
974 27
975 27
976 27
977 27
