2 -1
3 -1
4 -1
5 -1
6 -1
7 -1
8 -1
9 -1
10 0
11 0
12 0
13 0
14 0
15 0
16 0
17 0
18 0
19 0
20 0
21 0
22 0
23 0
24 0
25 0
26 0
27 0
28 0
29 0
30 0
31 0
32 0
33 0
34 0
35 0
36 0
37 0
38 0
39 0
40 0
41 0
42 0
43 0
44 0
45 0
46 -1
47 -1
48 -1
49 -1
50 -1
51 -1
52 -1
53 -1
54 -1
55 1
56 1
57 1
58 1
59 1
60 1
61 1
62 1
63 1
64 1
65 1
66 1
67 1
68 1
69 1
70 1
71 1
72 1
73 1
74 1
75 1
76 1
77 1
78 1
79 1
80 -1
81 -1
82 -1
83 -1
84 -1
85 -1
86 -1
87 2
88 2
89 2
90 2
91 2
92 2
93 2
94 2
95 2
96 2
97 2
98 2
99 2
100 2
101 2
102 2
103 2
104 2
105 2
106 2
107 2
108 2
109 2
110 2
111 2
112 2
113 2
114 2
115 2
116 2
117 2
118 2
119 2
120 -1
121 2
122 -1
123 -1
124 -1
125 -1
126 -1
127 -1
128 -1
129 -1
130 3
131 3
132 3
133 3
134 3
135 3
136 3
137 3
138 3
139 3
140 3
141 3
142 3
143 3
144 3
145 3
146 3
147 3
148 3
149 3
150 -1
151 -1
152 -1
153 -1
154 -1
155 -1
156 -1
157 -1
158 -1
159 4
160 4
161 4
162 4
163 4
164 4
165 4
166 4
167 4
168 4
169 4
170 4
171 4
172 4
173 4
174 4
175 4
176 4
177 4
178 4
179 4
180 4
181 4
182 4
183 4
184 -1
185 -1
186 -1
187 -1
188 -1
189 -1
190 -1
191 -1
192 -1
193 -1
194 -1
195 -1
196 -1
197 -1
198 -1
199 -1
200 -1
201 -1
202 -1
203 -1
204 -1
205 -1
206 -1
207 -1
208 -1
209 -1
210 -1
211 -1
212 -1
213 -1
214 5
215 5
216 5
217 5
218 5
219 5
220 5
221 5
222 5
223 5
224 5
225 -1
226 -1
227 -1
228 5
229 5
230 5
231 -1
232 -1
233 -1
234 -1
235 -1
236 -1
237 -1
238 -1
239 -1
240 -1
241 -1
242 -1
243 -1
244 14
245 14
246 14
247 14
248 14
249 14
250 14
251 14
252 14
253 14
254 14
255 14
256 14
257 14
258 14
259 14
260 14
261 14
262 14
263 14
264 14
265 14
266 14
267 -1
268 14
269 -1
270 14
271 -1
272 -1
273 -1
274 -1
275 -1
276 -1
277 -1
278 -1
279 -1
280 -1
281 -1
282 -1
283 -1
284 -1
285 -1
286 -1
287 -1
288 -1
289 -1
290 -1
291 -1
292 -1
293 -1
294 -1
295 -1
296 -1
297 -1
298 -1
299 -1
300 -1
301 -1
302 -1
303 -1
304 -1
305 -1
306 -1
307 -1
308 -1
309 -1
310 -1
311 -1
312 -1
313 -1
314 -1
315 -1
316 6
317 -1
318 6
319 -1
320 -1
321 -1
322 -1
323 -1
324 -1
325 -1
326 -1
327 -1
328 -1
329 -1
330 -1
331 7
332 7
333 7
334 7
335 7
336 7
337 7
338 7
339 7
340 7
341 7
342 7
343 -1
344 7
345 -1
346 -1
347 -1
348 -1
349 -1
350 -1
351 -1
352 -1
353 -1
354 -1
355 -1
356 -1
357 -1
358 -1
359 -1
360 -1
361 -1
362 -1
363 -1
364 -1
365 -1
366 -1
367 -1
368 -1
369 -1
370 -1
371 -1
372 -1
373 8
374 8
375 8
376 8
377 8
378 8
379 8
380 8
381 8
382 8
383 8
384 8
385 8
386 8
387 8
388 8
389 8
390 8
391 8
392 8
393 -1
394 -1
395 -1
396 -1
397 -1
398 -1
399 -1
400 -1
401 -1
402 -1
403 -1
404 -1
405 9
406 9
407 9
408 9
409 9
410 9
411 9
412 9
413 9
414 9
415 9
416 9
417 9
418 9
419 9
420 9
421 9
422 9
423 9
424 9
425 9
426 9
427 9
428 9
429 9
430 9
431 -1
432 -1
433 -1
434 -1
435 -1
436 -1
437 -1
438 10
439 10
440 10
441 10
442 10
443 10
444 10
445 10
446 10
447 10
448 10
449 10
450 10
451 10
452 10
453 10
454 10
455 10
456 10
457 10
458 10
459 -1
460 -1
461 -1
462 -1
463 -1
464 -1
465 -1
466 -1
467 -1
468 -1
469 -1
470 11
471 11
472 11
473 11
474 11
475 11
476 -1
477 -1
478 -1
479 -1
480 -1
481 -1
482 -1
483 -1
484 -1
485 11
486 11
487 11
488 11
489 11
490 11
491 11
492 11
493 -1
494 -1
495 -1
496 -1
497 -1
498 -1
499 -1
500 -1
501 -1
502 -1
503 -1
504 -1
505 -1
506 -1
507 -1
508 -1
509 -1
510 12
511 12
512 12
513 12
514 12
515 12
516 12
517 12
518 12
519 12
520 12
521 12
522 12
523 12
524 12
525 12
526 12
527 12
528 12
529 12
530 12
531 12
532 12
533 12
534 12
535 12
536 12
537 12
538 12
539 12
540 12
541 12
542 12
543 12
544 -1
545 -1
546 -1
547 -1
548 -1
549 -1
550 -1
551 -1
552 -1
553 -1
554 -1
555 -1
556 -1
557 -1
558 -1
559 13
560 13
561 13
562 13
563 13
564 13
565 13
566 13
567 13
568 13
569 13
570 13
571 13
572 13
573 13
574 13
575 13
576 13
577 -1
578 -1
579 -1
580 -1
581 -1
582 -1
583 -1
584 -1
585 -1
586 14
587 14
588 14
589 14
590 14
591 14
592 14
593 14
594 14
595 14
596 14
597 14
598 14
599 14
600 14
601 14
602 14
603 14
604 14
605 14
606 14
607 14
608 14
609 14
610 14
611 14
612 14
613 14
614 14
615 14
616 14
617 14
618 -1
619 14
620 -1
621 -1
622 -1
623 -1
624 -1
625 -1
626 -1
627 14
628 14
629 14
630 14
631 14
632 14
633 14
634 14
635 14
636 14
637 14
638 14
639 14
640 14
641 -1
642 -1
643 -1
644 -1
645 -1
646 -1
647 -1
648 15
649 15
650 15
651 15
652 15
653 -1
654 15
655 15
656 15
657 15
658 15
659 -1
660 15
661 -1
662 -1
663 -1
664 -1
665 -1
666 -1
667 -1
668 -1
669 -1
670 -1
671 -1
672 -1
673 -1
674 -1
675 -1
676 -1
677 -1
678 -1
679 -1
680 -1
681 -1
682 -1
683 -1
684 -1
685 -1
686 -1
687 -1
688 -1
689 -1
690 -1
691 -1
692 -1
693 -1
694 -1
695 -1
696 -1
697 -1
698 -1
699 -1
700 -1
701 -1
702 -1
703 -1
704 16
705 16
706 16
707 16
708 16
709 16
710 16
711 16
712 16
713 16
714 16
715 16
716 16
717 16
718 16
719 16
720 16
721 16
722 16
723 16
724 16
725 16
726 16
727 16
728 16
729 16
730 16
731 16
732 16
733 -1
734 -1
735 -1
736 -1
737 -1
738 -1
739 -1
740 -1
741 -1
742 -1
743 -1
744 -1
745 -1
746 -1
747 -1
748 -1
749 -1
750 -1
751 -1
752 -1
753 -1
754 -1
755 -1
756 -1
757 -1
758 -1
759 -1
760 -1
761 -1
762 17
763 17
764 17
765 17
766 17
767 17
768 17
769 17
770 17
771 17
772 17
773 -1
774 -1
775 -1
776 -1
777 -1
778 -1
779 -1
780 -1
781 -1
782 -1
783 -1
784 -1
785 -1
786 -1
787 -1
788 -1
789 -1
790 -1
791 -1
792 -1
793 -1
794 -1
795 -1
796 17
797 17
798 17
799 17
800 17
801 17
802 17
803 -1
804 -1
805 -1
806 -1
807 -1
808 -1
809 -1
810 -1
811 -1
812 -1
813 -1
814 -1
815 -1
816 18
817 18
818 18
819 18
820 18
821 18
822 18
823 -1
824 -1
825 -1
826 -1
827 -1
828 -1
829 -1
830 -1
831 -1
832 -1
833 -1
834 -1
835 -1
836 -1
837 -1
838 -1
839 -1
840 -1
841 -1
842 -1
843 -1
844 -1
845 -1
846 -1
847 -1
848 -1
849 -1
850 -1
851 -1
852 -1
853 -1
854 -1
855 -1
856 -1
857 -1
858 -1
859 -1
860 19
861 -1
862 -1
863 -1
864 -1
865 -1
866 -1
867 -1
868 -1
869 -1
870 19
871 19
872 19
873 19
874 19
875 19
876 19
877 19
878 19
879 19
880 19
881 19
882 19
883 19
884 19
885 -1
886 -1
887 -1
888 -1
889 -1
890 -1
891 -1
892 20
893 20
894 20
895 20
896 20
897 20
898 20
899 20
900 20
901 20
902 20
903 20
904 20
905 20
906 20
907 20
908 20
909 20
910 20
911 20
912 20
913 -1
914 -1
915 -1
916 -1
917 -1
918 -1
919 -1
920 -1
921 -1
922 -1
923 -1
924 -1
925 -1
926 -1
927 -1
928 -1
929 -1
930 -1
931 -1
932 -1
933 -1
934 -1
935 -1
936 -1
937 -1
938 -1
939 -1
940 -1
941 -1
942 -1
943 -1
944 -1
945 -1
946 -1
947 -1
948 -1
949 -1
950 -1
951 -1
952 -1
953 -1
954 -1
955 -1
956 -1
957 -1
958 -1
959 -1
960 -1
961 -1
962 -1
963 -1
964 -1
965 -1
966 -1
967 -1
968 -1
969 22
970 22
971 22
972 22
973 22
974 22
975 22
976 22
977 22
978 22
979 22
980 -1
981 22
982 -1
983 -1
984 -1
985 -1
986 -1
987 -1
988 -1
989 -1
990 -1
991 -1
992 -1
993 -1
994 -1
995 -1
996 -1
997 -1
998 -1
999 -1
1000 -1
1001 -1
1002 -1
1003 -1
1004 -1
1005 -1
1006 -1
1007 -1
1008 -1
1009 -1
1010 -1
1011 -1
1012 -1
1013 -1
1014 -1
1015 -1
1016 -1
1017 -1
1018 -1
1019 -1
1020 -1
1021 -1
1022 -1
1023 -1
1024 -1
1025 -1
1026 -1
1027 -1
1028 -1
1029 -1
1030 -1
1031 -1
1032 -1
1033 -1
1034 -1
1035 -1
1036 -1
1037 -1
1038 -1
1039 -1
1040 -1
1041 -1
1042 -1
1043 -1
1044 -1
1045 -1
1046 -1
1047 -1
1048 -1
1049 -1
1050 24
1051 24
1052 24
1053 24
1054 24
1055 24
1056 24
1057 24
1058 24
1059 24
1060 24
1061 24
1062 24
1063 24
1064 24
1065 24
1066 24
1067 24
1068 24
1069 24
1070 24
1071 24
1072 24
1073 24
1074 24
1075 24
1076 24
1077 24
1078 24
1079 24
1080 24
1081 24
1082 -1
1083 -1
1084 -1
1085 -1
1086 -1
1087 -1
1088 -1
1089 25
1090 25
1091 25
1092 25
1093 25
1094 25
1095 25
1096 25
1097 25
1098 25
1099 25
1100 25
1101 25
1102 25
1103 25
1104 25
1105 25
1106 25
1107 25
1108 25
1109 25
1110 25
1111 25
1112 25
1113 25
1114 25
1115 25
1116 25
1117 25
1118 -1
1119 -1
1120 -1
1121 -1
1122 -1
1123 -1
1124 -1
1125 -1
1126 -1
1127 27
1128 27
1129 27
1130 -1
1131 -1
1132 -1
1133 -1
1134 -1
1135 -1
1136 -1
1137 26
1138 26
1139 26
1140 26
1141 26
1142 26
1143 26
1144 26
1145 26
1146 26
1147 26
1148 26
1149 26
1150 26
1151 26
1152 26
1153 26
1154 26
1155 26
1156 26
1157 26
1158 26
1159 26
1160 26
1161 26
1162 26
1163 26
1164 26
1165 26
1166 26
1167 26
1168 26
1169 26
1170 26
1171 26
1172 26
1173 26
1174 26
1175 26
1176 26
1177 26
1178 26
1179 26
1180 26
1181 26
1182 -1
1183 -1
1184 -1
1185 -1
1186 -1
1187 -1
1188 -1
1189 -1
1190 27
1191 27
1192 27
1193 27
1194 27
1195 27
1196 27
1197 27
1198 27
1199 27
1200 27
1201 27
1202 27
1203 27
1204 27
1205 27
1206 27
1207 27
1208 27
1209 27
1210 27
1211 27
1212 27
1213 27
1214 27
1215 27
1216 27
1217 27
1218 27
1219 27
1220 27
1221 27
1222 27
1223 27
1224 -1
1225 -1
1226 -1
1227 -1
1228 -1
1229 -1
1230 -1
1231 -1
1232 -1
1233 2
1234 2
1235 2
1236 2
1237 -1
1238 -1
1239 -1
1240 -1
1241 -1
1242 -1
1243 -1
1244 -1
1245 -1
1246 -1
1247 -1
1248 -1
1249 -1
1250 -1
1251 -1
1252 27
1253 27
1254 27
1255 27
1256 27
1257 27
1258 27
1259 27
1260 27
1261 27
1262 27
1263 27
1264 27
1265 27
1266 27
1267 27
1268 27
1269 27
1270 27
1271 27
1272 27
1273 -1
1274 -1
1275 -1
1276 27
1277 27
1278 27
1279 27
1280 27
1281 27
1282 27
1283 27
1284 27
1285 27
1286 27
1287 27
1288 27
1289 27
1290 27
1291 27
1292 27
1293 27
1294 27
1295 27
1296 27
1297 27
1298 27
1299 27
1300 27
1301 27
1302 27
1303 27
1304 27
1305 27
1306 27
1307 27
1308 27
1309 27
1310 27
1311 -1
1312 -1
1313 -1
1314 -1
1315 -1
1316 -1
1317 -1
1318 -1
1319 -1
1320 -1
1321 -1
1322 -1
1323 -1
1324 -1
1325 -1
1326 -1
1327 -1
1328 27
1329 27
1330 27
1331 27
1332 27
1333 27
1334 27
1335 27
1336 27
1337 -1
1338 27
1339 27
1340 27
1341 27
1342 27
1343 27
1344 27
1345 27
1346 27
1347 27
1348 27
1349 27
1350 27
1351 27
1352 27
1353 27
1354 27
