    44    11     1     4     1     0     1     2     0     0     0     0     1     0     0     0     1     0     4     0     0     0     0     0     0     1     0     3
     9    59     0     0     0     0     1     0     1     0     0     0     1     0     0     0     0     0     0     0     0     0     0     0     0     0     1     2
     1     0    54     6     4     0     2     0     0     0     0     2     1     0     0     1     1     0     0     0     0     0     0     1     0     0     0     1
     0     0    16    49     1     1     0     0     0     0     0     1     1     0     0     0     2     0     0     0     0     0     0     1     0     1     0     1
     1     0     2     0    52     1     5     0     0     0     2     1     1     0     0     0     1     0     2     0     1     0     1     0     0     1     1     2
     0     1     0     0     0    60     0     1     0     0     1     0     0     0     3     0     0     0     0     3     0     0     1     0     0     2     0     2
     1     0     0     1     8     1    40     1     0     1     2     2     0     1     3     1     5     0     1     0     0     0     0     0     0     3     0     3
     1     0     2     1     0     0     0    66     2     0     0     0     0     1     0     0     1     0     0     0     0     0     0     0     0     0     0     0
     1     1     0     0     1     0     0     6    62     0     1     0     0     0     1     0     0     0     0     0     0     0     0     0     1     0     0     0
     1     0     4     0     1     0     0     0     0    52     3     8     0     0     0     0     1     0     0     0     0     0     0     0     0     3     0     1
     1     0     0     5     2     4     1     0     0     5    46     1     2     1     0     0     3     0     0     0     0     0     0     0     0     0     1     2
     0     0     3     5     1     0     0     0     0     5     0    52     0     0     0     1     3     0     1     0     0     0     0     0     0     0     0     3
     1     0     0     0     0     1     0     0     0     0     1     0    66     0     0     1     0     1     0     1     0     0     0     0     0     1     0     1
     0     0     0     0     1     0     0     0     0     0     0     0     6    61     2     0     0     0     0     0     2     0     0     1     0     1     0     0
     0     0     0     0     0     0     0     1     0     0     1     0     0     0    59     4     1     0     1     1     0     2     0     0     0     2     0     2
     0     0     1     0     0     0     0     0     0     0     0     0     0     0     9    59     1     0     0     0     0     0     2     0     0     0     1     1
     0     0     0     0     4     0     1     0     0     0     2     1     0     2     6     0    47     1     0     0     0     2     0     1     0     2     0     5
     0     0     0     1     0     0     0     0     0     0     0     0     0     0     1     0     0    66     3     0     0     1     0     0     0     0     0     2
     0     0     0     0     2     0     0     1     0     0     0     0     0     1     0     0     3     1    61     1     0     0     0     1     0     0     0     3
     1     0     0     0     0     2     0     0     0     0     1     0     0     0     0     1     1     0     0    65     2     0     0     0     0     0     0     1
     0     0     0     0     1     1     0     0     0     0     0     0     0     2     0     0     1     0     0    10    59     0     0     0     0     0     0     0
     0     0     0     0     1     0     2     0     0     0     0     0     1     0    10     4     3     1     0     0     0    38    11     0     0     2     0     1
     0     0     0     0     0     0     0     0     0     0     0     0     2     0     2     8     0     0     0     0     0     6    53     1     0     0     0     2
     0     0     1     1     0     0     0     0     0     0     0     0     1     0     3     3     1     0     1     0     0     1     0    58     0     1     2     1
     0     0     0     0     0     0     0     0     0     0     0     0     1     0     0     0     0     0     2     0     0     0     0     0    66     1     4     0
     0     0     0     0     0     1     2     0     0     0     2     1     0     1     1     0     2     0     1     0     0     0     0     1     1    59     1     1
     0     0     0     0     0     0     1     1     0     0     0     0     1     0     2     0     0     0     3     0     0     0     0     0     2     0    59     5
     2     0     1     0     0     0     0     0     0     0     0     0     1     0     1     0     4     2     6     0     0     0     0     0     1     2     2    52

