    55     7     2     0     1     0     1     1     0     0     0     0     1     0     0     0     0     0     2     0     0     0     0     0     0     0     1     3
    13    55     0     0     1     0     1     0     1     0     0     0     1     0     0     0     0     0     0     0     0     0     0     0     0     0     2     0
     2     0    54    10     3     0     0     0     0     0     0     1     1     0     1     0     1     0     0     0     0     0     0     1     0     0     0     0
     0     0    11    52     1     1     0     0     0     0     1     1     1     0     0     0     2     0     0     1     0     0     0     0     0     1     0     2
     2     0     1     1    48     1    10     1     0     0     1     1     2     0     0     0     1     0     0     0     0     1     0     0     0     1     0     3
     1     1     0     0     1    53     3     1     0     0     2     0     1     1     1     0     0     0     0     4     0     0     0     1     0     4     0     0
     1     0     0     0    14     4    34     2     1     1     0     0     0     0     2     0     7     0     0     0     0     0     1     0     0     4     1     2
     3     2     1     0     1     3     0    59     3     0     0     0     0     0     0     0     0     0     0     0     0     0     0     0     0     0     2     0
     1     9     0     0     0     0     2     8    53     0     0     1     0     0     0     0     0     0     0     0     0     0     0     0     0     0     0     0
     1     1     2     1     1     0     1     0     0    43     4    17     0     0     0     0     1     0     0     0     0     0     0     1     0     1     0     0
     0     0     0     3     1     5     2     1     0    10    43     0     2     1     0     0     2     0     0     0     0     0     0     0     0     2     2     0
     0     1     3     7     1     1     0     0     0     5     1    48     1     0     0     0     4     0     0     0     0     0     0     0     0     0     0     2
     0     0     1     0     0     3     0     2     0     0     1     0    64     1     0     0     0     1     0     0     0     0     0     0     0     0     0     1
     0     0     0     0     2     0     1     0     0     0     0     0     3    65     0     0     0     0     0     1     1     0     0     1     0     0     0     0
     0     0     0     0     2     0     1     1     0     0     0     0     0     0    56     7     4     0     1     0     0     0     0     0     0     1     0     1
     0     0     1     0     1     1     0     0     0     0     0     0     0     0     9    56     0     0     1     0     0     1     3     0     0     0     1     0
     1     0     0     0     6     0     2     1     0     1     2     1     1     0     7     0    38     1     1     1     0     2     0     0     0     2     1     6
     0     1     0     1     0     1     0     0     0     0     0     0     0     0     0     0     0    61     0     1     0     1     4     0     0     1     1     2
     3     0     0     0     1     0     0     1     0     0     0     0     0     1     0     0     3     0    50     1     1     0     1     2     0     1     2     7
     0     0     1     1     2     1     0     0     0     0     0     0     0     0     0     0     2     0     1    64     1     0     0     0     0     0     1     0
     0     0     0     0     1     2     2     0     0     0     0     0     0     1     0     0     0     0     0     9    59     0     0     0     0     0     0     0
     0     0     0     0     3     2     1     0     0     1     0     0     1     0     8     4     3     1     0     1     0    36     9     2     0     2     0     0
     0     0     0     0     1     0     0     0     0     0     0     0     1     0     2     9     0     4     0     0     0     7    49     0     0     1     0     0
     0     0     1     1     0     0     0     1     0     0     0     0     2     0     1     1     0     0     2     0     0     3     0    58     0     1     1     2
     1     0     0     0     0     1     0     1     0     0     0     0     1     1     0     0     0     0     1     0     0     0     0     0    62     0     4     2
     0     0     1     0     0     1     3     1     0     0     0     0     0     1     0     0     3     0     1     0     0     1     0     0     0    60     1     1
     1     1     1     0     0     0     0     2     0     0     0     0     0     0     1     0     0     0     3     0     1     1     0     0     1     0    57     5
     2     0     0     1     2     0     1     0     0     1     0     1     1     0     1     0     5     0     3     0     0     1     0     0     2     0     4    49

