    50     3     0     2     1     0     1     0     0     0     0     1     0     0     0     0     0     0    10     0     0     1     0     1     0     0     0     4
    10    47     0     0     1     1     0     0     2     1     0     0     0     0     0     0     0     0     7     0     0     0     0     1     0     0     2     2
     0     0    46    17     2     1     0     0     0     0     1     0     0     0     0     0     2     0     0     0     0     1     0     1     0     0     0     3
     0     0     9    48     7     2     1     1     0     0     1     1     0     0     0     0     2     0     0     0     0     0     0     0     0     0     0     2
     0     0     0     0    55     2     6     1     1     0     1     0     0     0     0     0     3     0     1     0     0     0     0     0     0     0     1     3
     0     0     0     0     3    44     3     1     0     0     1     0     1     0     2     4     2     0     1     0     0     0     1     0     1    10     0     0
     0     0     0     1    16     1    36     1     0     0     0     0     0     1     0     1    10     0     2     0     0     1     0     0     0     4     0     0
     4     3     0     2     0     0     2    53     1     0     2     0     2     0     0     0     0     0     1     0     0     0     0     0     0     2     0     2
     3    11     0     0     1     1     1     4    48     0     0     0     0     0     0     0     0     0     0     1     0     0     0     1     0     0     2     1
     1     0     8     4     1     0     1     0     0    31     9    15     0     0     0     0     0     0     1     0     0     0     0     0     0     3     0     0
     2     1     0     4     2     8     2     0     0     8    34     0     1     1     0     0     3     1     0     0     0     0     0     1     0     4     0     2
     0     0     8     6     1     1     1     0     0     3     0    43     0     0     0     0     4     0     2     1     0     1     0     0     0     0     0     3
     0     0     0     0     0     2     6     1     0     0     1     0    61     0     0     1     0     0     0     0     0     0     0     0     1     0     0     1
     0     0     0     0     1     1     0     1     0     0     1     0     9    53     0     0     1     0     0     2     3     0     0     0     0     0     0     2
     0     0     0     1     2     0     2     0     0     0     0     0     0     0    54     8     2     0     2     0     0     1     0     0     0     2     0     0
     0     0     1     0     0     0     1     0     0     0     0     0     1     1     7    54     1     0     1     1     0     0     4     0     0     1     1     0
     1     0     0     0     5     1     5     0     0     0     1     1     1     0     2     0    37     0     9     1     0     1     0     1     0     3     2     3
     0     0     0     1     1     0     1     0     0     0     0     0     1     0     0     0     1    61     2     1     0     0     3     0     0     0     0     2
     0     0     0     0     3     1     0     1     0     0     0     0     0     0     0     0     1     2    62     0     1     0     0     0     0     0     0     3
     1     0     0     0     1     1     1     0     0     0     0     0     4     0     0     2     0     0     1    57     4     1     0     0     0     1     0     0
     0     0     0     0     1     2     1     0     0     0     0     0     0     5     0     0     1     0     0     7    57     0     0     0     0     0     0     0
     0     0     0     0     3     1     0     1     0     0     1     0     2     0     9     6     3     2     1     0     0    34     7     2     0     2     0     0
     0     0     0     0     1     2     0     0     0     0     1     0     0     0     5    10     0     5     1     0     0     6    41     1     0     1     0     0
     0     0     0     0     0     1     1     0     0     0     2     0     2     0     3     0     1     0     6     0     0     2     1    55     0     0     0     0
     0     0     0     0     0     0     0     0     0     0     1     0     0     1     0     2     1     0     2     0     0     0     0     0    52     6     8     1
     1     0     0     0     2     0     1     1     0     0     0     1     1     0     0     0     5     0     3     0     0     0     0     0     1    56     2     0
     0     1     0     0     1     0     0     1     0     0     2     0     1     1     0     4     1     0     8     0     0     0     0     0     2     2    48     2
     1     0     0     0     2     0     0     0     0     0     2     0     0     0     0     1     2     3    23     0     0     0     0     0     0     0     0    40

