full scale accuracy 83.67%

    31     5     1     0     0     0     0     1     0     0     0     0     0     0     0     0     0     0     1     0     0     0     0     0     0     0     0     3
     5    35     0     1     0     0     0     1     0     0     0     0     0     0     0     0     0     0     0     0     0     0     0     0     0     0     0     0
     0     0    33     3     2     0     0     0     0     1     0     1     0     0     0     0     0     0     0     0     0     0     0     0     0     0     0     2
     0     0     4    32     3     0     0     0     0     0     0     1     0     0     0     0     0     0     0     0     0     0     0     0     0     0     0     2
     0     0     1     1    27     0     6     0     1     0     0     1     0     0     1     0     0     0     1     0     0     0     0     0     0     0     0     3
     0     0     0     0     0    37     0     0     0     0     0     0     0     0     1     1     0     0     0     1     0     0     0     0     0     2     0     0
     0     0     0     1     4     0    28     2     0     1     0     0     0     0     0     1     0     1     0     1     0     1     0     0     0     0     0     2
     0     0     0     0     0     0     0    40     1     0     0     0     0     0     0     0     1     0     0     0     0     0     0     0     0     0     0     0
     0     1     0     0     0     0     0     6    35     0     0     0     0     0     0     0     0     0     0     0     0     0     0     0     0     0     0     0
     0     0     3     0     0     0     0     0     0    31     1     6     0     0     0     0     0     0     0     0     0     0     0     0     0     0     0     1
     0     0     0     1     0     0     0     0     0     4    34     0     0     0     0     0     0     1     1     0     0     0     0     0     0     0     0     1
     0     0     0     1     1     0     0     0     0     1     0    38     0     0     0     0     0     0     0     0     0     0     0     0     0     0     0     1
     0     0     0     0     0     0     0     0     0     0     0     0    42     0     0     0     0     0     0     0     0     0     0     0     0     0     0     0
     0     0     0     0     0     0     0     0     0     0     0     0     4    36     0     0     0     0     0     0     2     0     0     0     0     0     0     0
     0     0     0     0     0     0     0     0     0     0     0     0     0     0    36     4     1     0     0     0     0     0     0     0     0     0     0     1
     0     0     0     0     0     0     0     0     0     0     0     0     0     0     4    34     0     0     1     0     0     0     3     0     0     0     0     0
     0     0     0     0     3     0     0     0     0     0     0     1     0     0     3     0    29     1     1     1     0     1     0     0     0     0     0     2
     0     0     0     0     0     0     0     0     0     0     0     0     0     0     0     0     0    40     0     0     0     1     0     0     0     0     0     1
     0     0     0     0     0     0     0     0     0     0     0     0     0     0     0     0     0     0    37     0     1     0     0     2     0     0     0     2
     0     0     0     0     0     0     0     0     0     0     0     0     0     0     0     0     0     0     0    41     1     0     0     0     0     0     0     0
     0     0     0     0     0     0     0     0     0     0     0     0     0     0     0     0     0     0     0     6    36     0     0     0     0     0     0     0
     0     0     0     0     1     0     2     0     0     0     0     0     0     0     2     3     0     1     0     0     0    26     5     1     0     0     0     1
     0     0     0     0     0     0     0     0     0     0     0     0     0     0     1     5     0     0     0     0     0     3    32     0     0     0     0     1
     0     0     0     0     0     0     0     0     0     0     0     0     0     0     2     1     0     0     1     0     0     2     0    34     0     0     1     1
     0     0     0     0     0     0     0     0     0     0     0     0     0     0     0     0     0     0     0     0     0     0     0     0    42     0     0     0
     0     0     0     0     0     0     0     0     0     0     0     0     0     0     0     0     0     0     0     0     0     0     0     0     0    41     0     1
     0     0     0     0     0     0     0     0     0     0     0     0     0     0     1     0     0     0     1     0     0     0     0     0     0     0    40     0
     1     0     0     0     0     0     0     0     0     1     0     0     0     0     0     0     0     2     1     0     0     0     0     0     0     0     0    37

major scale accuracy 89.70%

    76     2     0     0     2     0     0     0     0     0     1     0     0     0
     0    72     5     0     0     1     2     0     0     0     0     0     0     0
     0     2    27     6     1     0     1     0     1     0     1     0     0     0
     0     1     4    65     2     1     0     0     3     0     1     2     1     0
     1     0     0     0    82     0     0     0     0     1     0     0     0     0
     0     4     0     0     0    70     6     0     0     0     2     0     0     0
     0     1     1     0     0     1    38     0     0     0     0     0     0     0
     0     0     0     0     0     0     0    82     0     0     0     2     0     0
     0     0     0     0     0     0     0     0    78     1     1     0     3     0
     0     0     3     0     0     0     1     0     3    29     2     1     1     0
     0     0     0     0     0     0     0     0     0     0    77     1     1     2
     0     0     0     0     0     0     0     0     0     0     0    84     0     0
     0     0     1     2     0     0     0     0    11     0     1     0    66     1
     0     0     0     0     0     0     0     0     3     0     1     0     2    34

