2 -1
3 -1
4 -1
5 -1
6 -1
7 -1
8 -1
9 -1
10 -1
11 -1
12 -1
13 -1
14 -1
15 -1
16 -1
17 -1
18 -1
19 -1
20 -1
21 -1
22 0
23 0
24 0
25 0
26 0
27 0
28 0
29 0
30 0
31 0
32 0
33 0
34 0
35 0
36 0
37 0
38 0
39 0
40 0
41 0
42 0
43 0
44 0
45 0
46 0
47 0
48 0
49 0
50 0
51 0
52 0
53 0
54 0
55 -1
56 -1
57 -1
58 -1
59 -1
60 -1
61 -1
62 1
63 1
64 1
65 1
66 1
67 1
68 1
69 1
70 1
71 1
72 1
73 1
74 1
75 1
76 1
77 1
78 1
79 1
80 -1
81 -1
82 -1
83 -1
84 -1
85 -1
86 -1
87 2
88 2
89 2
90 2
91 2
92 2
93 2
94 2
95 2
96 2
97 2
98 2
99 2
100 2
101 2
102 2
103 2
104 2
105 2
106 2
107 2
108 2
109 2
110 2
111 2
112 2
113 2
114 2
115 2
116 2
117 2
118 2
119 2
120 2
121 2
122 2
123 -1
124 -1
125 -1
126 -1
127 -1
128 -1
129 -1
130 3
131 3
132 3
133 3
134 3
135 3
136 3
137 3
138 -1
139 -1
140 -1
141 -1
142 -1
143 -1
144 -1
145 2
146 -1
147 -1
148 -1
149 -1
150 -1
151 -1
152 -1
153 -1
154 -1
155 3
156 3
157 3
158 3
159 3
160 3
161 3
162 3
163 3
164 3
165 3
166 3
167 3
168 3
169 3
170 3
171 3
172 3
173 3
174 3
175 3
176 3
177 3
178 3
179 3
180 3
181 3
182 3
183 3
184 -1
185 -1
186 -1
187 -1
188 -1
189 -1
190 -1
191 4
192 4
193 4
194 4
195 4
196 4
197 4
198 4
199 4
200 4
201 4
202 4
203 4
204 4
205 4
206 4
207 4
208 4
209 4
210 4
211 4
212 4
213 4
214 4
215 4
216 4
217 -1
218 -1
219 -1
220 -1
221 -1
222 -1
223 -1
224 -1
225 -1
226 -1
227 -1
228 -1
229 -1
230 -1
231 5
232 5
233 5
234 5
235 5
236 5
237 5
238 5
239 5
240 5
241 5
242 5
243 5
244 5
245 5
246 5
247 5
248 5
249 5
250 5
251 5
252 5
253 5
254 5
255 5
256 5
257 5
258 5
259 5
260 5
261 5
262 5
263 5
264 -1
265 -1
266 -1
267 5
268 -1
269 5
270 5
271 5
272 5
273 5
274 -1
275 -1
276 -1
277 -1
278 -1
279 -1
280 -1
281 -1
282 -1
283 19
284 -1
285 -1
286 -1
287 19
288 19
289 19
290 19
291 -1
292 -1
293 -1
294 19
295 19
296 19
297 19
298 19
299 19
300 19
301 19
302 19
303 19
304 19
305 19
306 19
307 19
308 19
309 19
310 19
311 19
312 19
313 19
314 19
315 19
316 19
317 19
318 19
319 19
320 19
321 19
322 19
323 19
324 -1
325 -1
326 -1
327 -1
328 -1
329 -1
330 -1
331 -1
332 -1
333 7
334 7
335 7
336 7
337 7
338 7
339 7
340 7
341 7
342 7
343 7
344 7
345 7
346 7
347 7
348 7
349 7
350 7
351 7
352 7
353 7
354 7
355 7
356 7
357 7
358 7
359 7
360 7
361 7
362 7
363 7
364 7
365 7
366 7
367 7
368 7
369 7
370 7
371 7
372 7
373 7
374 7
375 7
376 7
377 7
378 7
379 7
380 7
381 7
382 7
383 7
384 7
385 7
386 7
387 7
388 7
389 7
390 7
391 7
392 7
393 7
394 7
395 7
396 7
397 7
398 7
399 7
400 7
401 7
402 7
403 7
404 7
405 7
406 7
407 -1
408 -1
409 -1
410 -1
411 -1
412 -1
413 -1
414 -1
415 -1
416 2
417 2
418 2
419 2
420 2
421 2
422 2
423 2
424 2
425 2
426 2
427 2
428 2
429 2
430 2
431 2
432 2
433 2
434 2
435 -1
436 -1
437 -1
438 -1
439 -1
440 -1
441 -1
442 -1
443 7
444 7
445 7
446 7
447 7
448 7
449 7
450 7
451 7
452 7
453 7
454 7
455 7
456 7
457 7
458 7
459 7
460 7
461 7
462 7
463 7
464 7
465 7
466 7
467 7
468 7
469 7
470 7
471 7
472 7
473 7
474 7
475 7
476 7
477 7
478 7
479 7
480 7
481 7
482 7
483 7
484 7
485 7
486 7
487 -1
488 -1
489 -1
490 -1
491 -1
492 -1
493 -1
494 8
495 8
496 8
497 8
498 8
499 8
500 8
501 8
502 8
503 8
504 8
505 8
506 8
507 8
508 8
509 8
510 8
511 8
512 8
513 8
514 8
515 8
516 8
517 8
518 8
519 8
520 8
521 8
522 8
523 8
524 8
525 -1
526 -1
527 -1
528 -1
529 -1
530 -1
531 -1
532 -1
533 -1
534 -1
535 -1
536 -1
537 -1
538 -1
539 -1
540 -1
541 -1
542 -1
543 -1
544 -1
545 -1
546 -1
547 -1
548 -1
549 -1
550 -1
551 -1
552 -1
553 -1
554 -1
555 -1
556 9
557 9
558 9
559 9
560 9
561 9
562 9
563 9
564 9
565 9
566 9
567 9
568 9
569 9
570 9
571 9
572 9
573 9
574 9
575 9
576 9
577 9
578 9
579 9
580 9
581 9
582 9
583 9
584 9
585 9
586 9
587 9
588 -1
589 -1
590 -1
591 -1
592 -1
593 -1
594 -1
595 -1
596 -1
597 10
598 10
599 10
600 10
601 10
602 10
603 10
604 10
605 10
606 10
607 10
608 10
609 10
610 10
611 10
612 10
613 10
614 10
615 10
616 10
617 -1
618 -1
619 -1
620 -1
621 -1
622 -1
623 -1
624 -1
625 -1
626 -1
627 -1
628 -1
629 -1
630 -1
631 -1
632 -1
633 -1
634 -1
635 -1
636 -1
637 -1
638 -1
639 -1
640 -1
641 -1
642 -1
643 -1
644 -1
645 -1
646 -1
647 -1
648 11
649 11
650 11
651 11
652 11
653 11
654 11
655 11
656 -1
657 -1
658 -1
659 -1
660 -1
661 -1
662 -1
663 -1
664 -1
665 0
666 0
667 0
668 0
669 0
670 0
671 0
672 0
673 -1
674 -1
675 -1
676 -1
677 -1
678 -1
679 -1
680 -1
681 -1
682 -1
683 -1
684 -1
685 -1
686 -1
687 12
688 12
689 12
690 12
691 12
692 12
693 12
694 12
695 12
696 12
697 12
698 12
699 12
700 12
701 12
702 12
703 12
704 12
705 12
706 12
707 12
708 12
709 12
710 12
711 12
712 12
713 12
714 12
715 12
716 12
717 12
718 12
719 12
720 12
721 12
722 12
723 12
724 12
725 12
726 12
727 12
728 12
729 12
730 12
731 12
732 -1
733 -1
734 -1
735 -1
736 -1
737 -1
738 -1
739 13
740 13
741 13
742 13
743 13
744 13
745 13
746 13
747 13
748 13
749 13
750 13
751 13
752 13
753 13
754 13
755 13
756 13
757 13
758 13
759 13
760 13
761 13
762 -1
763 -1
764 -1
765 -1
766 -1
767 -1
768 -1
769 -1
770 -1
771 -1
772 14
773 14
774 14
775 14
776 14
777 14
778 14
779 14
780 14
781 14
782 14
783 14
784 14
785 14
786 14
787 14
788 14
789 14
790 14
791 14
792 14
793 14
794 14
795 14
796 14
797 14
798 14
799 14
800 14
801 -1
802 14
803 14
804 14
805 14
806 14
807 14
808 14
809 14
810 -1
811 -1
812 -1
813 -1
814 -1
815 -1
816 -1
817 15
818 15
819 15
820 15
821 15
822 15
823 15
824 15
825 15
826 15
827 15
828 15
829 15
830 15
831 15
832 15
833 15
834 15
835 15
836 15
837 15
838 -1
839 -1
840 -1
841 -1
842 -1
843 -1
844 -1
845 -1
846 -1
847 -1
848 -1
849 -1
850 -1
851 -1
852 -1
853 -1
854 -1
855 -1
856 16
857 16
858 16
859 16
860 16
861 16
862 16
863 -1
864 16
865 16
866 16
867 -1
868 -1
869 -1
870 -1
871 -1
872 -1
873 -1
874 -1
875 -1
876 -1
877 -1
878 -1
879 -1
880 -1
881 -1
882 -1
883 -1
884 -1
885 -1
886 -1
887 -1
888 -1
889 -1
890 -1
891 -1
892 -1
893 -1
894 -1
895 -1
896 -1
897 -1
898 -1
899 -1
900 -1
901 -1
902 -1
903 -1
904 17
905 17
906 17
907 17
908 17
909 17
910 17
911 17
912 17
913 17
914 17
915 17
916 17
917 17
918 17
919 17
920 17
921 17
922 17
923 17
924 17
925 17
926 17
927 17
928 17
929 17
930 -1
931 -1
932 -1
933 -1
934 -1
935 -1
936 -1
937 18
938 18
939 18
940 18
941 18
942 18
943 18
944 18
945 18
946 18
947 18
948 18
949 18
950 18
951 18
952 18
953 18
954 18
955 18
956 18
957 18
958 18
959 18
960 18
961 18
962 18
963 18
964 18
965 -1
966 -1
967 -1
968 -1
969 -1
970 -1
971 -1
972 -1
973 -1
974 -1
975 -1
976 -1
977 -1
978 -1
979 -1
980 -1
981 -1
982 -1
983 -1
984 -1
985 19
986 19
987 19
988 19
989 19
990 19
991 19
992 19
993 19
994 19
995 19
996 19
997 19
998 19
999 19
1000 19
1001 19
1002 19
1003 19
1004 19
1005 19
1006 19
1007 19
1008 19
1009 19
1010 19
1011 19
1012 19
1013 19
1014 19
1015 19
1016 19
1017 19
1018 -1
1019 -1
1020 -1
1021 -1
1022 -1
1023 -1
1024 -1
1025 19
1026 19
1027 19
1028 19
1029 19
1030 19
1031 19
1032 19
1033 19
1034 19
1035 19
1036 19
1037 19
1038 19
1039 19
1040 19
1041 19
1042 19
1043 19
1044 19
1045 19
1046 19
1047 19
1048 19
1049 19
1050 19
1051 19
1052 19
1053 19
1054 19
1055 19
1056 19
1057 -1
1058 -1
1059 -1
1060 -1
1061 -1
1062 -1
1063 -1
1064 20
1065 20
1066 20
1067 20
1068 20
1069 20
1070 20
1071 20
1072 20
1073 20
1074 20
1075 20
1076 20
1077 20
1078 20
1079 20
1080 20
1081 20
1082 -1
1083 -1
1084 -1
1085 -1
1086 -1
1087 -1
1088 -1
1089 -1
1090 -1
1091 21
1092 21
1093 21
1094 21
1095 21
1096 21
1097 21
1098 21
1099 21
1100 21
1101 21
1102 21
1103 21
1104 -1
1105 -1
1106 -1
1107 21
1108 -1
1109 21
1110 21
1111 21
1112 21
1113 21
1114 21
1115 21
1116 21
1117 21
1118 21
1119 21
1120 21
1121 21
1122 21
1123 21
1124 -1
1125 -1
1126 -1
1127 -1
1128 -1
1129 -1
1130 -1
1131 22
1132 22
1133 22
1134 22
1135 22
1136 22
1137 22
1138 22
1139 22
1140 22
1141 22
1142 22
1143 22
1144 22
1145 22
1146 22
1147 22
1148 22
1149 22
1150 22
1151 22
1152 22
1153 22
1154 22
1155 22
1156 22
1157 22
1158 22
1159 22
1160 22
1161 -1
1162 -1
1163 -1
1164 -1
1165 -1
1166 -1
1167 -1
1168 -1
1169 -1
1170 -1
1171 23
1172 23
1173 23
1174 23
1175 23
1176 23
1177 23
1178 23
1179 23
1180 23
1181 23
1182 23
1183 23
1184 23
1185 23
1186 23
1187 23
1188 -1
1189 -1
1190 -1
1191 -1
1192 -1
1193 -1
1194 -1
1195 -1
1196 -1
1197 -1
1198 -1
1199 -1
1200 -1
1201 -1
1202 -1
1203 -1
1204 -1
1205 -1
1206 -1
1207 -1
1208 -1
1209 -1
1210 -1
1211 -1
1212 -1
1213 -1
1214 -1
1215 -1
1216 -1
1217 -1
1218 -1
1219 -1
1220 24
1221 24
1222 24
1223 24
1224 24
1225 24
1226 24
1227 24
1228 24
1229 24
1230 24
1231 24
1232 24
1233 24
1234 24
1235 24
1236 24
1237 24
1238 24
1239 24
1240 24
1241 24
1242 24
1243 24
1244 24
1245 24
1246 24
1247 24
1248 24
1249 24
1250 24
1251 24
1252 24
1253 24
1254 24
1255 24
1256 24
1257 24
1258 24
1259 24
1260 24
1261 -1
1262 -1
1263 -1
1264 -1
1265 -1
1266 -1
1267 -1
1268 25
1269 25
1270 25
1271 25
1272 25
1273 25
1274 25
1275 25
1276 25
1277 25
1278 25
1279 25
1280 25
1281 25
1282 25
1283 25
1284 25
1285 25
1286 25
1287 25
1288 25
1289 25
1290 25
1291 -1
1292 -1
1293 -1
1294 -1
1295 -1
1296 -1
1297 -1
1298 26
1299 26
1300 26
1301 26
1302 26
1303 26
1304 26
1305 26
1306 26
1307 26
1308 26
1309 26
1310 26
1311 26
1312 26
1313 26
1314 -1
1315 -1
1316 -1
1317 -1
1318 -1
1319 -1
1320 -1
1321 27
1322 27
1323 27
