2 -1
3 -1
4 -1
5 -1
6 -1
7 -1
8 -1
9 -1
10 -1
11 -1
12 -1
13 -1
14 -1
15 -1
16 -1
17 -1
18 -1
19 -1
20 -1
21 -1
22 -1
23 -1
24 -1
25 -1
26 -1
27 -1
28 -1
29 -1
30 -1
31 -1
32 16
33 -1
34 -1
35 -1
36 -1
37 -1
38 -1
39 -1
40 -1
41 -1
42 -1
43 -1
44 -1
45 -1
46 -1
47 -1
48 -1
49 -1
50 -1
51 -1
52 -1
53 -1
54 -1
55 -1
56 -1
57 -1
58 -1
59 -1
60 -1
61 -1
62 -1
63 -1
64 -1
65 -1
66 -1
67 -1
68 -1
69 -1
70 -1
71 -1
72 -1
73 -1
74 -1
75 -1
76 -1
77 -1
78 -1
79 -1
80 -1
81 -1
82 -1
83 -1
84 -1
85 -1
86 -1
87 -1
88 -1
89 -1
90 -1
91 -1
92 -1
93 -1
94 0
95 -1
96 0
97 0
98 0
99 0
100 0
101 0
102 0
103 -1
104 0
105 -1
106 -1
107 -1
108 -1
109 -1
110 -1
111 -1
112 -1
113 -1
114 -1
115 -1
116 -1
117 -1
118 -1
119 -1
120 -1
121 -1
122 -1
123 -1
124 -1
125 -1
126 -1
127 -1
128 -1
129 -1
130 -1
131 -1
132 -1
133 -1
134 -1
135 -1
136 -1
137 -1
138 -1
139 -1
140 -1
141 -1
142 -1
143 -1
144 -1
145 -1
146 -1
147 -1
148 -1
149 -1
150 -1
151 -1
152 -1
153 -1
154 -1
155 -1
156 -1
157 -1
158 -1
159 -1
160 -1
161 -1
162 -1
163 -1
164 -1
165 -1
166 -1
167 -1
168 -1
169 -1
170 -1
171 -1
172 -1
173 -1
174 -1
175 -1
176 -1
177 -1
178 -1
179 -1
180 -1
181 -1
182 -1
183 -1
184 -1
185 -1
186 -1
187 -1
188 -1
189 -1
190 -1
191 -1
192 -1
193 -1
194 -1
195 -1
196 -1
197 -1
198 -1
199 -1
200 -1
201 -1
202 -1
203 -1
204 -1
205 -1
206 -1
207 -1
208 -1
209 -1
210 -1
211 -1
212 -1
213 -1
214 -1
215 -1
216 -1
217 -1
218 -1
219 -1
220 -1
221 -1
222 -1
223 -1
224 -1
225 -1
226 -1
227 -1
228 -1
229 -1
230 -1
231 -1
232 -1
233 -1
234 -1
235 -1
236 -1
237 -1
238 -1
239 -1
240 -1
241 -1
242 -1
243 -1
244 -1
245 -1
246 -1
247 -1
248 -1
249 -1
250 -1
251 -1
252 -1
253 -1
254 -1
255 -1
256 -1
257 -1
258 -1
259 -1
260 -1
261 -1
262 -1
263 -1
264 -1
265 -1
266 -1
267 -1
268 -1
269 -1
270 -1
271 -1
272 -1
273 -1
274 -1
275 -1
276 -1
277 -1
278 -1
279 -1
280 -1
281 -1
282 -1
283 -1
284 -1
285 -1
286 -1
287 -1
288 -1
289 -1
290 -1
291 -1
292 -1
293 -1
294 -1
295 -1
296 -1
297 -1
298 -1
299 -1
300 -1
301 -1
302 -1
303 -1
304 -1
305 -1
306 -1
307 -1
308 -1
309 -1
310 -1
311 -1
312 -1
313 -1
314 -1
315 -1
316 -1
317 -1
318 -1
319 -1
320 -1
321 -1
322 -1
323 -1
324 -1
325 -1
326 -1
327 -1
328 -1
329 -1
330 -1
331 -1
332 -1
333 -1
334 -1
335 -1
336 -1
337 -1
338 -1
339 -1
340 -1
341 -1
342 -1
343 -1
344 -1
345 2
346 2
347 2
348 2
349 2
350 2
351 2
352 2
353 2
354 2
355 2
356 2
357 2
358 2
359 2
360 2
361 2
362 -1
363 -1
364 -1
365 -1
366 -1
367 -1
368 -1
369 -1
370 -1
371 -1
372 -1
373 -1
374 -1
375 -1
376 -1
377 -1
378 -1
379 10
380 10
381 10
382 10
383 10
384 10
385 10
386 10
387 10
388 10
389 10
390 10
391 10
392 10
393 10
394 10
395 10
396 10
397 -1
398 -1
399 -1
400 -1
401 -1
402 -1
403 -1
404 -1
405 -1
406 -1
407 -1
408 -1
409 -1
410 14
411 -1
412 14
413 14
414 14
415 14
416 14
417 14
418 14
419 14
420 -1
421 -1
422 -1
423 -1
424 -1
425 -1
426 -1
427 -1
428 -1
429 -1
430 -1
431 -1
432 -1
433 -1
434 -1
435 -1
436 -1
437 -1
438 -1
439 -1
440 -1
441 -1
442 -1
443 -1
444 -1
445 -1
446 -1
447 -1
448 -1
449 -1
450 -1
451 -1
452 5
453 5
454 5
455 5
456 5
457 5
458 5
459 5
460 5
461 5
462 5
463 5
464 5
465 5
466 5
467 5
468 5
469 5
470 5
471 5
472 5
473 5
474 5
475 5
476 5
477 5
478 5
479 5
480 5
481 5
482 5
483 5
484 5
485 5
486 5
487 5
488 5
489 5
490 5
491 5
492 5
493 5
494 5
495 5
496 5
497 5
498 5
499 5
500 5
501 5
502 5
503 5
504 5
505 5
506 5
507 5
508 5
509 5
510 5
511 5
512 5
513 5
514 5
515 5
516 5
517 5
518 5
519 5
520 5
521 5
522 5
523 5
524 5
525 5
526 5
527 -1
528 -1
529 -1
530 -1
531 -1
532 -1
533 -1
534 -1
535 -1
536 -1
537 -1
538 -1
539 -1
540 -1
541 -1
542 -1
543 -1
544 -1
545 -1
546 -1
547 -1
548 -1
549 -1
550 -1
551 -1
552 -1
553 -1
554 -1
555 -1
556 -1
557 -1
558 -1
559 -1
560 -1
561 -1
562 -1
563 -1
564 -1
565 -1
566 -1
567 -1
568 -1
569 -1
570 18
571 18
572 18
573 -1
574 -1
575 -1
576 -1
577 -1
578 -1
579 -1
580 -1
581 -1
582 -1
583 -1
584 -1
585 -1
586 -1
587 -1
588 -1
589 -1
590 -1
591 -1
592 -1
593 -1
594 -1
595 -1
596 -1
597 -1
598 -1
599 -1
600 -1
601 -1
602 -1
603 -1
604 -1
605 -1
606 -1
607 -1
608 -1
609 -1
610 -1
611 -1
612 -1
613 -1
614 -1
615 -1
616 -1
617 -1
618 -1
619 -1
620 -1
621 -1
622 -1
623 -1
624 -1
625 -1
626 -1
627 -1
628 -1
629 -1
630 -1
631 -1
632 -1
633 -1
634 -1
635 -1
636 -1
637 -1
638 -1
639 -1
640 -1
641 -1
642 -1
643 -1
644 -1
645 -1
646 -1
647 -1
648 -1
649 -1
650 -1
651 -1
652 -1
653 -1
654 -1
655 -1
656 -1
657 -1
658 -1
659 -1
660 -1
661 -1
662 -1
663 -1
664 -1
665 -1
666 -1
667 -1
668 -1
669 -1
670 -1
671 -1
672 -1
673 -1
674 -1
675 -1
676 -1
677 -1
678 -1
679 -1
680 -1
681 -1
682 -1
683 -1
684 -1
685 -1
686 -1
687 -1
688 -1
689 -1
690 -1
691 -1
692 -1
693 -1
694 -1
695 -1
696 -1
697 -1
698 -1
699 8
700 8
701 8
702 8
703 8
704 8
705 8
706 8
707 8
708 8
709 8
710 8
711 8
712 8
713 8
714 8
715 8
716 8
717 8
718 8
719 8
720 8
721 8
722 8
723 8
724 8
725 8
726 8
727 8
728 8
729 8
730 8
731 8
732 8
733 8
734 8
735 8
736 8
737 8
738 8
739 8
740 8
741 8
742 8
743 8
744 8
745 8
746 8
747 8
748 8
749 8
750 8
751 8
752 8
753 8
754 8
755 8
756 8
757 8
758 8
759 -1
760 -1
761 -1
762 -1
763 -1
764 -1
765 -1
766 -1
767 -1
768 -1
769 -1
770 -1
771 -1
772 -1
773 -1
774 -1
775 -1
776 -1
777 -1
778 -1
779 -1
780 -1
781 -1
782 7
783 7
784 7
785 7
786 7
787 7
788 7
789 7
790 7
791 7
792 7
793 -1
794 -1
795 -1
796 -1
797 -1
798 -1
799 -1
800 -1
801 -1
802 -1
803 -1
804 -1
805 -1
806 -1
807 -1
808 -1
809 -1
810 7
811 7
812 7
813 -1
814 -1
815 -1
816 -1
817 -1
818 7
819 -1
820 -1
821 -1
822 -1
823 -1
824 -1
825 -1
826 -1
827 -1
828 -1
829 -1
830 -1
831 -1
832 8
833 8
834 8
835 8
836 8
837 8
838 8
839 8
840 8
841 8
842 8
843 8
844 8
845 8
846 8
847 8
848 8
849 8
850 8
851 8
852 8
853 8
854 8
855 8
856 8
857 8
858 8
859 8
860 8
861 8
862 8
863 8
864 8
865 8
866 8
867 8
868 8
869 8
870 8
871 8
872 8
873 8
874 8
875 8
876 8
877 8
878 8
879 8
880 8
881 8
882 8
883 -1
884 -1
885 -1
886 -1
887 -1
888 -1
889 -1
890 -1
891 -1
892 9
893 9
894 9
895 9
896 9
897 9
898 9
899 9
900 9
901 9
902 9
903 9
904 9
905 9
906 9
907 9
908 9
909 9
910 9
911 9
912 9
913 9
914 9
915 9
916 9
917 9
918 9
919 9
920 9
921 9
922 9
923 9
924 9
925 9
926 9
927 9
928 9
929 9
930 9
931 9
932 9
933 9
934 9
935 9
936 9
937 9
938 9
939 9
940 9
941 9
942 9
943 9
944 9
945 9
946 9
947 9
948 -1
949 9
950 9
951 9
952 9
953 -1
954 -1
955 -1
956 9
957 9
958 9
959 9
960 9
961 9
962 9
963 -1
964 9
965 9
966 9
967 9
968 -1
969 9
970 9
971 9
972 -1
973 -1
974 -1
975 -1
976 -1
977 -1
978 -1
979 -1
980 -1
981 -1
982 -1
983 -1
984 -1
985 -1
986 -1
987 -1
988 -1
989 -1
990 -1
991 -1
992 -1
993 -1
994 -1
995 -1
996 -1
997 -1
998 -1
999 -1
1000 -1
1001 -1
1002 -1
1003 -1
1004 -1
1005 -1
1006 -1
1007 -1
1008 -1
1009 -1
1010 -1
1011 -1
1012 -1
1013 -1
1014 -1
1015 -1
1016 -1
1017 -1
1018 -1
1019 -1
1020 -1
1021 -1
1022 -1
1023 -1
1024 -1
1025 -1
1026 -1
1027 19
1028 19
1029 19
1030 19
1031 19
1032 19
1033 19
1034 19
1035 19
1036 19
1037 -1
1038 -1
1039 -1
1040 -1
1041 -1
1042 -1
1043 -1
1044 -1
1045 -1
1046 -1
1047 -1
1048 -1
1049 -1
1050 -1
1051 -1
1052 -1
1053 -1
1054 -1
1055 -1
1056 -1
1057 -1
1058 -1
1059 -1
1060 -1
1061 -1
1062 -1
1063 -1
1064 -1
1065 -1
1066 -1
1067 -1
1068 -1
1069 -1
1070 -1
1071 -1
1072 -1
1073 -1
1074 -1
1075 -1
1076 -1
1077 -1
1078 -1
1079 -1
1080 -1
1081 -1
1082 -1
1083 -1
1084 -1
1085 -1
1086 -1
1087 -1
1088 -1
1089 -1
1090 -1
1091 -1
1092 -1
1093 -1
1094 -1
1095 -1
1096 -1
1097 -1
1098 -1
1099 -1
1100 -1
1101 -1
1102 -1
1103 -1
1104 -1
1105 -1
1106 -1
1107 -1
1108 -1
1109 -1
1110 -1
1111 -1
1112 -1
1113 -1
1114 -1
1115 -1
1116 -1
1117 -1
1118 -1
1119 -1
1120 -1
1121 -1
1122 -1
1123 -1
1124 -1
1125 -1
1126 -1
1127 -1
1128 -1
1129 -1
1130 -1
1131 -1
1132 -1
1133 -1
1134 -1
1135 -1
1136 -1
1137 -1
1138 -1
1139 -1
1140 -1
1141 -1
1142 -1
1143 -1
1144 -1
1145 -1
1146 -1
1147 -1
1148 -1
1149 -1
1150 -1
1151 -1
1152 -1
1153 -1
1154 -1
1155 -1
1156 -1
1157 -1
1158 -1
1159 -1
1160 -1
1161 -1
1162 -1
1163 -1
1164 -1
1165 -1
1166 -1
1167 -1
1168 -1
1169 -1
1170 -1
1171 -1
1172 -1
1173 -1
1174 -1
1175 -1
1176 -1
1177 -1
1178 -1
1179 -1
1180 -1
1181 -1
1182 -1
1183 -1
1184 -1
1185 -1
1186 -1
1187 -1
1188 -1
1189 -1
1190 -1
1191 -1
1192 -1
1193 -1
1194 -1
1195 -1
1196 -1
1197 -1
1198 -1
1199 -1
1200 -1
1201 -1
1202 -1
1203 -1
1204 -1
1205 -1
1206 -1
1207 -1
1208 -1
1209 -1
1210 -1
1211 -1
1212 -1
1213 -1
1214 -1
1215 -1
1216 -1
1217 -1
1218 -1
1219 -1
1220 -1
1221 -1
1222 -1
1223 -1
1224 -1
1225 -1
1226 -1
1227 -1
1228 -1
1229 -1
1230 -1
1231 12
1232 12
1233 12
1234 12
1235 12
1236 -1
1237 12
1238 -1
1239 -1
1240 -1
1241 -1
1242 -1
1243 12
1244 12
1245 12
1246 12
1247 12
1248 12
1249 12
1250 12
1251 12
1252 12
1253 -1
1254 -1
1255 -1
1256 -1
1257 -1
1258 -1
1259 -1
1260 -1
1261 -1
1262 -1
1263 -1
1264 -1
1265 -1
1266 -1
1267 -1
1268 -1
1269 -1
1270 -1
1271 -1
1272 -1
1273 -1
1274 -1
1275 -1
1276 -1
1277 -1
1278 -1
1279 -1
1280 -1
1281 -1
1282 -1
1283 -1
1284 -1
1285 -1
1286 -1
1287 -1
1288 -1
1289 -1
1290 -1
1291 -1
1292 -1
1293 -1
1294 -1
1295 -1
1296 -1
1297 -1
1298 -1
1299 -1
1300 -1
1301 -1
1302 -1
1303 -1
1304 -1
1305 -1
1306 -1
1307 -1
1308 -1
1309 -1
1310 -1
1311 -1
1312 -1
1313 -1
1314 -1
1315 -1
1316 -1
1317 -1
1318 -1
1319 -1
1320 -1
1321 -1
1322 -1
1323 -1
1324 -1
1325 -1
1326 -1
1327 -1
1328 -1
1329 -1
1330 -1
1331 -1
1332 -1
1333 -1
1334 -1
1335 -1
1336 -1
1337 -1
1338 -1
1339 -1
1340 -1
1341 -1
1342 -1
1343 -1
1344 15
1345 15
1346 15
1347 15
1348 15
1349 15
1350 15
1351 15
1352 15
1353 15
1354 15
1355 15
1356 15
1357 15
1358 15
1359 15
1360 15
1361 15
1362 15
1363 -1
1364 15
1365 15
1366 15
1367 15
1368 15
1369 15
1370 15
1371 15
1372 -1
1373 -1
1374 -1
1375 -1
1376 -1
1377 -1
1378 -1
1379 -1
1380 -1
1381 -1
1382 -1
1383 -1
1384 -1
1385 -1
1386 -1
1387 -1
1388 -1
1389 -1
1390 -1
1391 -1
1392 -1
1393 -1
1394 -1
1395 -1
1396 -1
1397 -1
1398 -1
1399 -1
1400 -1
1401 -1
1402 -1
1403 -1
1404 -1
1405 -1
1406 -1
1407 -1
1408 -1
1409 -1
1410 -1
1411 -1
1412 -1
1413 -1
1414 -1
1415 -1
1416 -1
1417 -1
1418 -1
1419 -1
1420 -1
1421 -1
1422 -1
1423 12
1424 12
1425 12
1426 12
1427 12
1428 12
1429 12
1430 12
1431 12
1432 12
1433 12
1434 12
1435 12
1436 12
1437 12
1438 12
1439 12
1440 12
1441 12
1442 12
1443 12
1444 12
1445 12
1446 12
1447 12
1448 12
1449 12
1450 12
1451 12
1452 12
1453 12
1454 12
1455 12
1456 12
1457 12
1458 12
1459 12
1460 12
1461 12
1462 12
1463 12
1464 12
1465 12
1466 12
1467 12
1468 12
1469 12
1470 12
1471 12
1472 12
1473 12
1474 12
1475 12
1476 12
1477 -1
1478 -1
1479 -1
1480 -1
1481 -1
1482 -1
1483 -1
1484 13
1485 13
1486 13
1487 13
1488 13
1489 13
1490 13
1491 13
1492 13
1493 13
1494 13
1495 13
1496 13
1497 13
1498 13
1499 13
1500 13
1501 13
1502 13
1503 13
1504 13
1505 13
1506 13
1507 13
1508 13
1509 13
1510 13
1511 13
1512 13
1513 13
1514 13
1515 13
1516 13
1517 -1
1518 -1
1519 -1
1520 -1
1521 -1
1522 -1
1523 -1
1524 -1
1525 14
1526 14
1527 14
1528 14
1529 14
1530 14
1531 14
1532 14
1533 14
1534 14
1535 14
1536 14
1537 14
1538 14
1539 14
1540 14
1541 14
1542 14
1543 14
1544 14
1545 14
1546 14
1547 14
1548 14
1549 14
1550 14
1551 14
1552 14
1553 14
1554 14
1555 14
1556 14
1557 14
1558 14
1559 -1
1560 -1
1561 -1
1562 -1
1563 -1
1564 -1
1565 -1
1566 -1
1567 -1
1568 -1
1569 -1
1570 -1
1571 -1
1572 -1
1573 -1
1574 -1
1575 -1
1576 -1
1577 -1
1578 -1
1579 -1
1580 -1
1581 -1
1582 -1
1583 15
1584 15
1585 15
1586 15
1587 15
1588 15
1589 15
1590 15
1591 15
1592 15
1593 15
1594 15
1595 -1
1596 -1
1597 -1
1598 -1
1599 -1
1600 -1
1601 -1
1602 -1
1603 -1
1604 -1
1605 -1
1606 -1
1607 -1
1608 -1
1609 -1
1610 -1
1611 -1
1612 -1
1613 16
1614 -1
1615 -1
1616 -1
1617 -1
1618 -1
1619 -1
1620 -1
1621 -1
1622 -1
1623 -1
1624 -1
1625 16
1626 16
1627 16
1628 16
1629 16
1630 -1
1631 -1
1632 -1
1633 -1
1634 -1
1635 -1
1636 -1
1637 -1
1638 -1
1639 -1
1640 -1
1641 -1
1642 -1
1643 -1
1644 -1
1645 -1
1646 -1
1647 -1
1648 17
1649 17
1650 17
1651 17
1652 17
1653 17
1654 17
1655 17
1656 17
1657 17
1658 17
1659 17
1660 17
1661 17
1662 17
1663 17
1664 17
1665 17
1666 17
1667 17
1668 17
1669 17
1670 17
1671 17
1672 17
1673 17
1674 17
1675 17
1676 17
1677 17
1678 17
1679 17
1680 17
1681 17
1682 17
1683 17
1684 17
1685 17
1686 17
1687 17
1688 17
1689 17
1690 17
1691 17
1692 17
1693 -1
1694 -1
1695 -1
1696 -1
1697 -1
1698 -1
1699 -1
1700 -1
1701 -1
1702 -1
1703 -1
1704 -1
1705 18
1706 18
1707 18
1708 18
1709 18
1710 18
1711 18
1712 18
1713 18
1714 18
1715 18
1716 18
1717 18
1718 18
1719 18
1720 18
1721 18
1722 18
1723 18
1724 18
1725 18
1726 18
1727 18
1728 18
1729 18
1730 18
1731 18
1732 18
1733 18
1734 18
1735 18
1736 18
1737 18
1738 18
1739 18
1740 18
1741 18
1742 18
1743 18
1744 18
1745 18
1746 18
1747 18
1748 18
1749 18
1750 18
1751 18
1752 18
1753 18
1754 18
1755 18
1756 18
1757 18
1758 18
1759 18
1760 18
1761 18
1762 18
1763 18
1764 18
1765 18
1766 18
1767 18
1768 18
1769 18
1770 -1
1771 -1
1772 -1
1773 -1
1774 -1
1775 -1
1776 -1
1777 -1
1778 -1
1779 -1
1780 -1
1781 18
1782 18
1783 18
1784 18
1785 18
1786 18
1787 18
1788 18
1789 18
1790 18
1791 18
1792 18
1793 18
1794 18
1795 18
1796 18
1797 -1
1798 -1
1799 -1
1800 -1
1801 -1
1802 -1
1803 -1
1804 -1
1805 -1
1806 -1
1807 -1
1808 -1
1809 -1
1810 -1
1811 -1
1812 -1
1813 -1
1814 -1
1815 -1
1816 -1
1817 -1
1818 -1
1819 -1
1820 -1
1821 -1
1822 -1
1823 -1
1824 -1
1825 -1
1826 -1
1827 -1
1828 -1
1829 -1
1830 -1
1831 -1
1832 -1
1833 -1
1834 -1
1835 -1
1836 -1
1837 -1
1838 -1
1839 -1
1840 -1
1841 -1
1842 -1
1843 -1
1844 -1
1845 -1
1846 -1
1847 -1
1848 -1
1849 -1
1850 18
1851 18
1852 18
1853 18
1854 18
1855 -1
1856 18
1857 18
1858 18
1859 18
1860 18
1861 18
1862 18
1863 18
1864 18
1865 18
1866 -1
1867 18
1868 18
1869 18
1870 -1
1871 -1
1872 -1
1873 -1
1874 -1
1875 -1
1876 -1
1877 -1
1878 -1
1879 -1
1880 -1
1881 -1
1882 -1
1883 -1
1884 -1
1885 -1
1886 -1
1887 -1
1888 -1
1889 -1
1890 -1
1891 -1
1892 -1
1893 -1
1894 -1
1895 -1
1896 19
1897 19
1898 19
1899 19
1900 19
1901 19
1902 19
1903 19
1904 19
1905 19
1906 19
1907 19
1908 19
1909 19
1910 19
1911 19
1912 19
1913 19
1914 19
1915 19
1916 19
1917 19
1918 19
1919 19
1920 19
1921 19
1922 19
1923 19
1924 19
1925 19
1926 19
1927 19
1928 19
1929 -1
1930 -1
1931 -1
1932 -1
1933 -1
1934 -1
1935 -1
1936 20
1937 20
1938 20
1939 20
1940 20
1941 20
1942 20
1943 20
1944 20
1945 20
1946 20
1947 20
1948 20
1949 20
1950 20
1951 20
1952 20
1953 20
1954 20
1955 20
1956 20
1957 20
1958 20
1959 20
1960 20
1961 20
1962 -1
1963 -1
1964 -1
1965 -1
1966 -1
1967 -1
1968 -1
1969 -1
1970 -1
1971 -1
1972 -1
1973 -1
1974 -1
1975 -1
1976 -1
1977 -1
1978 15
1979 15
1980 15
1981 15
1982 15
1983 15
1984 15
1985 15
1986 15
1987 15
1988 -1
1989 -1
1990 -1
1991 -1
1992 -1
1993 -1
1994 -1
1995 -1
1996 -1
1997 21
1998 21
1999 21
2000 21
2001 21
2002 21
2003 21
2004 21
2005 -1
2006 -1
2007 -1
2008 -1
2009 -1
2010 -1
2011 -1
2012 -1
2013 -1
2014 -1
2015 -1
2016 -1
2017 -1
2018 -1
2019 -1
2020 -1
2021 -1
2022 -1
2023 -1
2024 -1
2025 -1
2026 -1
2027 -1
2028 -1
2029 -1
2030 -1
2031 -1
2032 -1
2033 -1
2034 -1
2035 -1
2036 -1
2037 -1
2038 -1
2039 -1
2040 -1
2041 -1
2042 -1
2043 -1
2044 -1
2045 22
2046 22
2047 22
2048 22
2049 22
2050 22
2051 22
2052 22
2053 -1
2054 22
2055 22
2056 22
2057 22
2058 22
2059 22
2060 22
2061 22
2062 22
2063 -1
2064 -1
2065 -1
2066 -1
2067 -1
2068 -1
2069 -1
2070 -1
2071 -1
2072 -1
2073 -1
2074 -1
2075 -1
2076 -1
2077 -1
2078 -1
2079 -1
2080 22
2081 22
2082 22
2083 22
2084 22
2085 22
2086 22
2087 22
2088 22
2089 22
2090 22
2091 22
2092 22
2093 22
2094 22
2095 22
2096 22
2097 22
2098 22
2099 22
2100 22
2101 22
2102 22
2103 22
2104 22
2105 22
2106 22
2107 22
2108 22
2109 22
2110 22
2111 22
2112 -1
2113 -1
2114 -1
2115 -1
2116 -1
2117 -1
2118 -1
2119 -1
2120 -1
2121 -1
2122 -1
2123 23
2124 23
2125 23
2126 23
2127 23
2128 23
2129 23
2130 23
2131 23
2132 23
2133 23
2134 23
2135 23
2136 23
2137 23
2138 23
2139 23
2140 23
2141 23
2142 23
2143 23
2144 23
2145 23
2146 -1
2147 23
2148 -1
2149 23
2150 23
2151 23
2152 -1
2153 -1
2154 -1
2155 -1
2156 -1
2157 -1
2158 -1
2159 -1
2160 -1
2161 -1
2162 -1
2163 -1
2164 -1
2165 -1
2166 -1
2167 -1
2168 -1
2169 -1
2170 -1
2171 -1
2172 -1
2173 -1
2174 -1
2175 -1
2176 -1
2177 -1
2178 -1
2179 -1
2180 -1
2181 -1
2182 -1
2183 -1
2184 -1
2185 -1
2186 -1
2187 -1
2188 -1
2189 23
2190 23
2191 23
2192 23
2193 23
2194 23
2195 23
2196 23
2197 23
2198 23
2199 23
2200 23
2201 23
2202 23
2203 23
2204 -1
2205 -1
2206 -1
2207 -1
2208 -1
2209 -1
2210 -1
2211 24
2212 24
2213 24
2214 24
2215 24
2216 24
2217 24
2218 24
2219 24
2220 24
2221 24
2222 24
2223 24
2224 24
2225 24
2226 24
2227 24
2228 24
2229 24
2230 24
2231 24
2232 24
2233 24
2234 24
2235 24
2236 24
2237 24
2238 24
2239 24
2240 24
2241 24
2242 24
2243 24
2244 24
2245 24
2246 24
2247 24
2248 24
2249 24
2250 24
2251 24
2252 24
2253 24
2254 -1
2255 -1
2256 -1
2257 -1
2258 -1
2259 -1
2260 -1
2261 25
2262 25
2263 25
2264 25
2265 25
2266 25
2267 25
2268 25
2269 25
2270 25
2271 25
2272 25
2273 25
2274 25
2275 25
2276 25
2277 25
2278 25
2279 25
2280 25
2281 25
2282 25
2283 25
2284 25
2285 25
2286 25
2287 25
2288 25
2289 25
2290 25
2291 25
2292 25
2293 25
2294 25
2295 25
2296 -1
2297 -1
2298 -1
2299 -1
2300 -1
2301 -1
2302 -1
2303 -1
2304 -1
2305 26
2306 26
2307 26
2308 26
2309 26
2310 26
2311 26
2312 26
2313 26
2314 26
2315 26
2316 26
2317 26
2318 26
2319 26
2320 26
2321 26
2322 26
2323 26
2324 26
2325 26
2326 26
2327 26
2328 26
2329 26
2330 26
2331 26
2332 26
2333 26
2334 26
2335 26
2336 26
2337 26
2338 26
2339 26
2340 26
2341 26
2342 26
2343 26
2344 26
2345 26
2346 26
2347 26
2348 26
2349 26
2350 26
2351 26
2352 26
2353 26
2354 26
2355 26
2356 26
2357 26
2358 26
2359 26
2360 26
2361 26
2362 26
2363 26
2364 26
2365 26
2366 26
2367 26
2368 26
2369 26
2370 26
2371 26
2372 26
2373 26
2374 26
2375 26
2376 26
2377 26
2378 26
2379 26
2380 26
2381 26
2382 26
2383 26
2384 26
2385 26
2386 26
2387 26
2388 -1
2389 26
2390 -1
2391 -1
2392 -1
2393 26
2394 26
2395 26
2396 26
2397 26
2398 26
2399 26
2400 26
2401 26
2402 26
2403 26
2404 26
2405 26
2406 26
2407 26
2408 26
2409 26
2410 26
2411 26
2412 -1
2413 -1
2414 -1
2415 -1
2416 -1
2417 -1
2418 -1
2419 27
2420 27
2421 27
2422 27
2423 27
2424 27
2425 27
2426 27
2427 27
2428 27
2429 27
