2 -1
3 -1
4 -1
5 -1
6 -1
7 -1
8 -1
9 -1
10 -1
11 -1
12 -1
13 -1
14 -1
15 -1
16 -1
17 -1
18 -1
19 -1
20 -1
21 -1
22 -1
23 -1
24 -1
25 -1
26 -1
27 -1
28 -1
29 -1
30 -1
31 -1
32 -1
33 -1
34 -1
35 -1
36 -1
37 -1
38 -1
39 -1
40 -1
41 -1
42 -1
43 -1
44 -1
45 -1
46 -1
47 -1
48 -1
49 -1
50 -1
51 -1
52 -1
53 -1
54 -1
55 -1
56 -1
57 -1
58 -1
59 -1
60 -1
61 -1
62 -1
63 -1
64 -1
65 -1
66 -1
67 -1
68 -1
69 -1
70 -1
71 -1
72 -1
73 -1
74 -1
75 -1
76 -1
77 -1
78 13
79 13
80 13
81 13
82 13
83 -1
84 -1
85 -1
86 -1
87 -1
88 -1
89 -1
90 -1
91 -1
92 -1
93 -1
94 -1
95 -1
96 -1
97 -1
98 -1
99 -1
100 -1
101 -1
102 -1
103 -1
104 -1
105 1
106 1
107 1
108 1
109 1
110 1
111 1
112 1
113 -1
114 -1
115 -1
116 -1
117 -1
118 -1
119 -1
120 1
121 1
122 1
123 1
124 -1
125 1
126 -1
127 -1
128 -1
129 -1
130 -1
131 -1
132 -1
133 -1
134 -1
135 -1
136 -1
137 -1
138 -1
139 -1
140 -1
141 -1
142 -1
143 -1
144 -1
145 -1
146 -1
147 -1
148 -1
149 -1
150 -1
151 -1
152 -1
153 -1
154 -1
155 -1
156 -1
157 3
158 -1
159 -1
160 -1
161 -1
162 -1
163 -1
164 -1
165 3
166 3
167 3
168 3
169 3
170 3
171 3
172 3
173 3
174 3
175 -1
176 -1
177 -1
178 -1
179 -1
180 -1
181 -1
182 -1
183 -1
184 -1
185 -1
186 -1
187 -1
188 -1
189 -1
190 -1
191 -1
192 -1
193 -1
194 -1
195 -1
196 -1
197 -1
198 -1
199 -1
200 2
201 -1
202 -1
203 -1
204 -1
205 -1
206 -1
207 -1
208 3
209 3
210 3
211 3
212 3
213 3
214 3
215 3
216 3
217 3
218 3
219 3
220 3
221 3
222 3
223 3
224 3
225 3
226 3
227 3
228 3
229 3
230 3
231 3
232 3
233 3
234 3
235 3
236 3
237 3
238 3
239 3
240 -1
241 -1
242 -1
243 3
244 3
245 3
246 3
247 3
248 -1
249 -1
250 -1
251 -1
252 -1
253 -1
254 -1
255 -1
256 -1
257 4
258 4
259 4
260 4
261 4
262 4
263 4
264 4
265 4
266 4
267 4
268 4
269 4
270 4
271 4
272 4
273 4
274 4
275 4
276 4
277 4
278 4
279 4
280 4
281 4
282 4
283 4
284 4
285 4
286 4
287 4
288 -1
289 -1
290 -1
291 -1
292 -1
293 -1
294 -1
295 -1
296 -1
297 -1
298 -1
299 -1
300 -1
301 -1
302 -1
303 -1
304 -1
305 -1
306 -1
307 5
308 5
309 5
310 5
311 -1
312 -1
313 -1
314 -1
315 -1
316 -1
317 -1
318 -1
319 -1
320 -1
321 -1
322 -1
323 -1
324 -1
325 -1
326 -1
327 -1
328 5
329 5
330 5
331 5
332 5
333 5
334 5
335 5
336 -1
337 -1
338 -1
339 5
340 -1
341 5
342 -1
343 5
344 5
345 5
346 5
347 5
348 5
349 5
350 5
351 5
352 5
353 5
354 5
355 5
356 5
357 -1
358 5
359 5
360 5
361 -1
362 -1
363 -1
364 -1
365 -1
366 -1
367 -1
368 -1
369 -1
370 -1
371 -1
372 -1
373 -1
374 -1
375 -1
376 -1
377 -1
378 -1
379 -1
380 -1
381 -1
382 -1
383 -1
384 -1
385 -1
386 -1
387 -1
388 -1
389 -1
390 -1
391 -1
392 -1
393 -1
394 -1
395 -1
396 -1
397 -1
398 -1
399 -1
400 -1
401 -1
402 -1
403 -1
404 -1
405 -1
406 -1
407 -1
408 -1
409 -1
410 -1
411 -1
412 -1
413 -1
414 -1
415 -1
416 -1
417 -1
418 -1
419 -1
420 -1
421 -1
422 -1
423 -1
424 -1
425 -1
426 -1
427 -1
428 -1
429 -1
430 -1
431 -1
432 -1
433 -1
434 -1
435 -1
436 -1
437 -1
438 -1
439 -1
440 -1
441 -1
442 -1
443 -1
444 -1
445 -1
446 -1
447 -1
448 18
449 18
450 18
451 18
452 18
453 18
454 18
455 -1
456 -1
457 -1
458 -1
459 -1
460 -1
461 -1
462 -1
463 -1
464 -1
465 -1
466 -1
467 -1
468 -1
469 -1
470 -1
471 -1
472 -1
473 -1
474 -1
475 -1
476 -1
477 -1
478 -1
479 -1
480 -1
481 -1
482 -1
483 -1
484 -1
485 -1
486 -1
487 -1
488 -1
489 -1
490 -1
491 16
492 -1
493 -1
494 -1
495 -1
496 -1
497 -1
498 -1
499 -1
500 -1
501 -1
502 -1
503 -1
504 -1
505 -1
506 -1
507 -1
508 -1
509 -1
510 -1
511 -1
512 -1
513 -1
514 -1
515 -1
516 -1
517 -1
518 -1
519 -1
520 -1
521 -1
522 -1
523 -1
524 -1
525 -1
526 -1
527 -1
528 -1
529 -1
530 3
531 3
532 3
533 3
534 3
535 -1
536 3
537 -1
538 -1
539 -1
540 -1
541 -1
542 -1
543 -1
544 -1
545 -1
546 -1
547 -1
548 -1
549 -1
550 -1
551 -1
552 -1
553 -1
554 -1
555 -1
556 -1
557 -1
558 -1
559 -1
560 -1
561 -1
562 -1
563 -1
564 -1
565 -1
566 -1
567 -1
568 -1
569 -1
570 -1
571 -1
572 -1
573 -1
574 -1
575 -1
576 -1
577 -1
578 -1
579 -1
580 -1
581 -1
582 -1
583 -1
584 -1
585 -1
586 -1
587 -1
588 -1
589 -1
590 -1
591 -1
592 -1
593 -1
594 -1
595 -1
596 -1
597 -1
598 -1
599 -1
600 -1
601 -1
602 7
603 7
604 7
605 7
606 7
607 7
608 7
609 7
610 7
611 7
612 7
613 7
614 7
615 7
616 7
617 7
618 7
619 7
620 7
621 7
622 7
623 7
624 7
625 7
626 7
627 7
628 7
629 7
630 7
631 7
632 7
633 7
634 7
635 7
636 7
637 7
638 7
639 7
640 7
641 -1
642 7
643 7
644 7
645 7
646 -1
647 -1
648 -1
649 -1
650 -1
651 -1
652 -1
653 -1
654 -1
655 -1
656 -1
657 -1
658 -1
659 -1
660 -1
661 -1
662 8
663 8
664 8
665 8
666 8
667 8
668 8
669 8
670 8
671 8
672 8
673 8
674 8
675 8
676 8
677 8
678 8
679 8
680 8
681 8
682 8
683 8
684 8
685 8
686 8
687 8
688 8
689 8
690 8
691 8
692 8
693 8
694 8
695 8
696 8
697 8
698 8
699 8
700 8
701 -1
702 -1
703 -1
704 -1
705 -1
706 -1
707 -1
708 -1
709 -1
710 -1
711 -1
712 -1
713 -1
714 -1
715 -1
716 -1
717 -1
718 -1
719 -1
720 -1
721 -1
722 -1
723 -1
724 -1
725 -1
726 -1
727 -1
728 9
729 9
730 9
731 9
732 9
733 -1
734 9
735 9
736 9
737 -1
738 -1
739 -1
740 -1
741 -1
742 9
743 9
744 9
745 9
746 9
747 9
748 9
749 -1
750 9
751 9
752 9
753 9
754 9
755 9
756 -1
757 9
758 -1
759 -1
760 -1
761 -1
762 -1
763 -1
764 -1
765 -1
766 -1
767 -1
768 -1
769 9
770 -1
771 -1
772 -1
773 -1
774 -1
775 -1
776 -1
777 -1
778 -1
779 -1
780 -1
781 -1
782 -1
783 -1
784 -1
785 -1
786 -1
787 -1
788 -1
789 -1
790 -1
791 -1
792 -1
793 -1
794 -1
795 -1
796 -1
797 -1
798 -1
799 -1
800 -1
801 -1
802 -1
803 -1
804 10
805 10
806 10
807 10
808 10
809 10
810 10
811 10
812 10
813 10
814 10
815 10
816 10
817 10
818 10
819 10
820 10
821 10
822 10
823 10
824 -1
825 10
826 -1
827 -1
828 -1
829 -1
830 -1
831 10
832 10
833 10
834 10
835 -1
836 -1
837 -1
838 -1
839 -1
840 -1
841 -1
842 -1
843 -1
844 11
845 11
846 11
847 11
848 11
849 11
850 11
851 11
852 -1
853 -1
854 -1
855 -1
856 -1
857 -1
858 -1
859 -1
860 -1
861 -1
862 -1
863 -1
864 -1
865 -1
866 -1
867 -1
868 -1
869 -1
870 -1
871 -1
872 -1
873 -1
874 -1
875 -1
876 -1
877 -1
878 -1
879 -1
880 -1
881 -1
882 -1
883 -1
884 -1
885 -1
886 -1
887 -1
888 -1
889 -1
890 -1
891 -1
892 -1
893 -1
894 -1
895 -1
896 -1
897 -1
898 -1
899 -1
900 -1
901 -1
902 -1
903 11
904 11
905 11
906 11
907 11
908 11
909 11
910 11
911 11
912 11
913 -1
914 -1
915 -1
916 -1
917 -1
918 -1
919 -1
920 -1
921 -1
922 -1
923 -1
924 -1
925 -1
926 -1
927 -1
928 -1
929 -1
930 -1
931 12
932 12
933 12
934 12
935 12
936 12
937 12
938 12
939 12
940 12
941 12
942 12
943 12
944 12
945 12
946 12
947 -1
948 12
949 12
950 12
951 12
952 12
953 12
954 -1
955 -1
956 -1
957 12
958 12
959 12
960 -1
961 12
962 12
963 12
964 -1
965 -1
966 -1
967 -1
968 -1
969 -1
970 -1
971 -1
972 -1
973 13
974 13
975 13
976 13
977 13
978 13
979 13
980 13
981 13
982 13
983 13
984 13
985 13
986 13
987 13
988 13
989 13
990 13
991 13
992 13
993 13
994 13
995 13
996 13
997 13
998 13
999 13
1000 13
1001 13
1002 13
1003 13
1004 -1
1005 -1
1006 -1
1007 -1
1008 -1
1009 -1
1010 -1
1011 -1
1012 14
1013 14
1014 14
1015 14
1016 -1
1017 14
1018 -1
1019 -1
1020 -1
1021 -1
1022 -1
1023 -1
1024 -1
1025 -1
1026 -1
1027 -1
1028 -1
1029 -1
1030 -1
1031 -1
1032 -1
1033 -1
1034 -1
1035 -1
1036 -1
1037 -1
1038 -1
1039 -1
1040 -1
1041 -1
1042 -1
1043 -1
1044 -1
1045 -1
1046 -1
1047 -1
1048 -1
1049 -1
1050 -1
1051 -1
1052 -1
1053 -1
1054 -1
1055 -1
1056 -1
1057 -1
1058 15
1059 15
1060 15
1061 15
1062 15
1063 15
1064 15
1065 15
1066 15
1067 15
1068 15
1069 15
1070 15
1071 15
1072 15
1073 15
1074 15
1075 15
1076 15
1077 15
1078 15
1079 15
1080 15
1081 15
1082 15
1083 15
1084 15
1085 15
1086 15
1087 15
1088 15
1089 15
1090 15
1091 15
1092 15
1093 15
1094 15
1095 15
1096 15
1097 15
1098 15
1099 15
1100 15
1101 15
1102 15
1103 15
1104 15
1105 15
1106 15
1107 15
1108 -1
1109 -1
1110 -1
1111 -1
1112 -1
1113 -1
1114 -1
1115 16
1116 16
1117 16
1118 16
1119 16
1120 16
1121 16
1122 16
1123 16
1124 16
1125 16
1126 16
1127 16
1128 16
1129 16
1130 16
1131 16
1132 16
1133 16
1134 16
1135 16
1136 16
1137 16
1138 16
1139 16
1140 16
1141 16
1142 16
1143 16
1144 16
1145 16
1146 16
1147 -1
1148 -1
1149 -1
1150 -1
1151 -1
1152 -1
1153 -1
1154 -1
1155 -1
1156 -1
1157 -1
1158 -1
1159 -1
1160 -1
1161 -1
1162 -1
1163 -1
1164 -1
1165 -1
1166 -1
1167 -1
1168 -1
1169 -1
1170 -1
1171 -1
1172 -1
1173 -1
1174 -1
1175 -1
1176 -1
1177 -1
1178 -1
1179 -1
1180 -1
1181 -1
1182 -1
1183 -1
1184 -1
1185 -1
1186 -1
1187 -1
1188 -1
1189 -1
1190 -1
1191 -1
1192 -1
1193 -1
1194 -1
1195 -1
1196 -1
1197 18
1198 18
1199 18
1200 18
1201 18
1202 18
1203 18
1204 18
1205 18
1206 18
1207 18
1208 18
1209 18
1210 18
1211 18
1212 18
1213 18
1214 18
1215 18
1216 18
1217 18
1218 18
1219 18
1220 18
1221 18
1222 18
1223 18
1224 18
1225 18
1226 18
1227 18
1228 18
1229 18
1230 18
1231 -1
1232 -1
1233 -1
1234 -1
1235 -1
1236 -1
1237 -1
1238 -1
1239 19
1240 19
1241 19
1242 19
1243 19
1244 19
1245 19
1246 19
1247 19
1248 19
1249 19
1250 19
1251 19
1252 19
1253 19
1254 19
1255 19
1256 19
1257 19
1258 19
1259 19
1260 19
1261 19
1262 19
1263 19
1264 19
1265 19
1266 19
1267 19
1268 19
1269 -1
1270 -1
1271 -1
1272 -1
1273 -1
1274 -1
1275 -1
1276 -1
1277 -1
1278 -1
1279 -1
1280 -1
1281 -1
1282 -1
1283 20
1284 20
1285 20
1286 20
1287 20
1288 20
1289 20
1290 20
1291 20
1292 20
1293 20
1294 20
1295 20
1296 20
1297 20
1298 20
1299 20
1300 20
1301 20
1302 20
1303 20
1304 20
1305 20
1306 20
1307 20
1308 20
1309 20
1310 20
1311 20
1312 -1
1313 -1
1314 -1
1315 -1
1316 -1
1317 -1
1318 -1
1319 -1
1320 -1
1321 -1
1322 -1
1323 -1
1324 -1
1325 -1
1326 -1
1327 -1
1328 -1
1329 -1
1330 -1
1331 -1
1332 -1
1333 -1
1334 -1
1335 -1
1336 -1
1337 -1
1338 -1
1339 -1
1340 -1
1341 -1
1342 -1
1343 -1
1344 -1
1345 -1
1346 -1
1347 -1
1348 -1
1349 -1
1350 -1
1351 -1
1352 -1
1353 -1
1354 -1
1355 -1
1356 -1
1357 -1
1358 -1
1359 -1
1360 -1
1361 -1
1362 -1
1363 -1
1364 -1
1365 -1
1366 -1
1367 -1
1368 -1
1369 -1
1370 -1
1371 -1
1372 -1
1373 -1
1374 -1
1375 -1
1376 15
1377 -1
1378 -1
1379 -1
1380 -1
1381 -1
1382 -1
1383 -1
1384 -1
1385 13
1386 -1
1387 -1
1388 -1
1389 -1
1390 -1
1391 13
1392 -1
1393 -1
1394 -1
1395 13
1396 13
1397 13
1398 13
1399 13
1400 13
1401 13
1402 -1
1403 -1
1404 -1
1405 -1
1406 -1
1407 -1
1408 -1
1409 -1
1410 -1
1411 -1
1412 -1
1413 -1
1414 -1
1415 -1
1416 -1
1417 -1
1418 -1
1419 -1
1420 -1
1421 -1
1422 -1
1423 -1
1424 -1
1425 -1
1426 -1
1427 -1
1428 -1
1429 -1
1430 -1
1431 -1
1432 -1
1433 -1
1434 -1
1435 -1
1436 -1
1437 -1
1438 -1
1439 -1
1440 -1
1441 -1
1442 -1
1443 -1
1444 -1
1445 -1
1446 -1
1447 16
1448 16
1449 16
1450 16
1451 16
1452 16
1453 -1
1454 -1
1455 -1
1456 -1
1457 -1
1458 16
1459 16
1460 16
1461 -1
1462 -1
1463 -1
1464 16
1465 -1
1466 16
1467 -1
1468 -1
1469 -1
1470 -1
1471 -1
1472 -1
1473 -1
1474 -1
1475 -1
1476 -1
1477 -1
1478 -1
1479 -1
1480 -1
1481 -1
1482 -1
1483 -1
1484 -1
1485 -1
1486 -1
1487 -1
1488 -1
1489 -1
1490 -1
1491 -1
1492 -1
1493 -1
1494 -1
1495 -1
1496 -1
1497 -1
1498 -1
1499 -1
1500 -1
1501 -1
1502 -1
1503 -1
1504 -1
1505 -1
1506 -1
1507 -1
1508 -1
1509 -1
1510 -1
1511 -1
1512 -1
1513 -1
1514 -1
1515 -1
1516 -1
1517 -1
1518 -1
1519 -1
1520 -1
1521 -1
1522 -1
1523 -1
1524 -1
1525 -1
1526 -1
1527 -1
1528 -1
1529 -1
1530 -1
1531 -1
1532 -1
1533 -1
1534 -1
1535 -1
1536 -1
1537 -1
1538 -1
1539 -1
1540 -1
1541 -1
1542 -1
1543 -1
1544 -1
1545 -1
1546 -1
1547 -1
1548 -1
1549 -1
1550 -1
1551 -1
1552 -1
1553 -1
1554 -1
1555 -1
1556 -1
1557 -1
1558 -1
1559 -1
1560 -1
1561 -1
1562 -1
1563 -1
1564 -1
1565 -1
1566 -1
1567 -1
1568 -1
1569 -1
1570 -1
1571 -1
1572 -1
1573 -1
1574 -1
1575 -1
1576 -1
1577 -1
1578 -1
1579 -1
1580 -1
1581 -1
1582 -1
1583 -1
1584 -1
1585 -1
1586 -1
1587 -1
1588 -1
1589 -1
1590 25
1591 25
1592 25
1593 25
1594 25
1595 25
1596 25
1597 25
1598 25
1599 25
1600 25
1601 25
1602 -1
1603 -1
1604 -1
1605 -1
1606 -1
1607 -1
1608 -1
1609 -1
1610 -1
1611 -1
1612 -1
1613 -1
1614 -1
1615 -1
1616 -1
1617 -1
1618 -1
1619 -1
1620 24
1621 24
1622 24
1623 24
1624 -1
1625 -1
1626 -1
1627 -1
1628 -1
1629 -1
1630 -1
1631 -1
1632 -1
1633 -1
1634 -1
1635 -1
1636 -1
1637 -1
1638 -1
1639 -1
1640 -1
1641 -1
1642 -1
1643 -1
1644 -1
1645 -1
1646 -1
1647 -1
1648 -1
1649 -1
1650 -1
1651 -1
1652 -1
1653 26
1654 26
1655 26
1656 26
1657 26
1658 26
1659 26
1660 26
1661 26
1662 26
1663 26
1664 26
1665 26
1666 26
1667 26
1668 26
1669 26
1670 26
1671 26
1672 26
1673 26
1674 26
1675 26
1676 26
1677 26
1678 26
1679 26
1680 26
1681 26
1682 26
1683 26
1684 26
1685 26
1686 26
1687 26
1688 26
1689 26
1690 26
1691 26
1692 26
1693 26
1694 26
1695 26
1696 -1
1697 -1
1698 -1
1699 -1
1700 -1
1701 -1
1702 -1
1703 -1
1704 -1
1705 -1
1706 -1
1707 -1
1708 -1
1709 -1
1710 -1
1711 -1
1712 -1
1713 -1
1714 -1
1715 -1
1716 -1
1717 -1
1718 -1
1719 -1
