2 -1
3 -1
4 -1
5 -1
6 -1
7 -1
8 -1
9 -1
10 0
11 0
12 0
13 0
14 0
15 0
16 0
17 0
18 0
19 0
20 0
21 0
22 0
23 0
24 0
25 0
26 0
27 0
28 0
29 0
30 0
31 0
32 0
33 0
34 0
35 0
36 0
37 0
38 0
39 0
40 0
41 -1
42 -1
43 -1
44 -1
45 -1
46 -1
47 -1
48 -1
49 -1
50 2
51 2
52 2
53 -1
54 -1
55 -1
56 -1
57 -1
58 -1
59 -1
60 1
61 1
62 1
63 1
64 1
65 1
66 1
67 1
68 1
69 1
70 -1
71 -1
72 -1
73 -1
74 -1
75 -1
76 -1
77 -1
78 -1
79 -1
80 -1
81 -1
82 -1
83 -1
84 -1
85 -1
86 -1
87 -1
88 -1
89 -1
90 -1
91 -1
92 -1
93 -1
94 -1
95 -1
96 -1
97 -1
98 -1
99 -1
100 -1
101 -1
102 -1
103 -1
104 -1
105 -1
106 -1
107 -1
108 -1
109 2
110 2
111 2
112 2
113 2
114 2
115 2
116 2
117 2
118 2
119 2
120 2
121 2
122 2
123 2
124 2
125 -1
126 -1
127 -1
128 -1
129 -1
130 -1
131 -1
132 3
133 3
134 3
135 3
136 3
137 3
138 3
139 3
140 3
141 3
142 3
143 3
144 3
145 3
146 3
147 3
148 3
149 3
150 3
151 3
152 3
153 3
154 3
155 3
156 3
157 3
158 -1
159 -1
160 -1
161 -1
162 -1
163 -1
164 -1
165 -1
166 -1
167 -1
168 -1
169 4
170 4
171 4
172 4
173 4
174 4
175 4
176 4
177 4
178 4
179 4
180 4
181 4
182 4
183 4
184 4
185 4
186 4
187 4
188 4
189 4
190 4
191 4
192 4
193 4
194 4
195 4
196 4
197 4
198 4
199 4
200 4
201 4
202 4
203 4
204 4
205 4
206 4
207 4
208 4
209 4
210 4
211 -1
212 -1
213 -1
214 -1
215 -1
216 -1
217 -1
218 -1
219 -1
220 -1
221 5
222 5
223 5
224 5
225 5
226 5
227 5
228 5
229 5
230 5
231 5
232 5
233 5
234 5
235 5
236 5
237 5
238 5
239 5
240 5
241 5
242 5
243 5
244 5
245 5
246 5
247 5
248 5
249 -1
250 -1
251 -1
252 -1
253 -1
254 -1
255 -1
256 6
257 6
258 6
259 6
260 6
261 6
262 6
263 6
264 6
265 6
266 6
267 6
268 6
269 6
270 6
271 6
272 6
273 6
274 6
275 6
276 6
277 6
278 6
279 6
280 6
281 6
282 6
283 6
284 6
285 6
286 6
287 6
288 -1
289 -1
290 -1
291 -1
292 -1
293 -1
294 -1
295 -1
296 7
297 7
298 7
299 7
300 7
301 7
302 7
303 7
304 7
305 7
306 7
307 7
308 7
309 7
310 7
311 7
312 7
313 7
314 -1
315 -1
316 -1
317 -1
318 -1
319 -1
320 -1
321 8
322 8
323 8
324 8
325 8
326 8
327 8
328 8
329 8
330 8
331 8
332 8
333 8
334 8
335 8
336 8
337 8
338 8
339 8
340 8
341 8
342 8
343 -1
344 -1
345 -1
346 -1
347 -1
348 -1
349 -1
350 -1
351 -1
352 -1
353 -1
354 -1
355 -1
356 -1
357 -1
358 -1
359 -1
360 9
361 9
362 9
363 9
364 9
365 9
366 9
367 9
368 9
369 9
370 9
371 9
372 9
373 -1
374 -1
375 -1
376 -1
377 -1
378 -1
379 -1
380 -1
381 -1
382 -1
383 -1
384 -1
385 -1
386 10
387 10
388 10
389 10
390 10
391 10
392 10
393 10
394 10
395 10
396 10
397 10
398 10
399 10
400 10
401 10
402 10
403 10
404 10
405 10
406 10
407 -1
408 -1
409 -1
410 -1
411 -1
412 -1
413 -1
414 -1
415 -1
416 11
417 11
418 11
419 11
420 11
421 11
422 11
423 11
424 11
425 11
426 11
427 11
428 11
429 11
430 11
431 11
432 11
433 -1
434 -1
435 -1
436 -1
437 -1
438 -1
439 -1
440 -1
441 -1
442 -1
443 -1
444 -1
445 -1
446 12
447 12
448 12
449 12
450 12
451 12
452 12
453 12
454 12
455 12
456 12
457 12
458 12
459 12
460 12
461 12
462 12
463 12
464 12
465 12
466 12
467 12
468 12
469 12
470 12
471 12
472 12
473 12
474 12
475 12
476 12
477 12
478 12
479 12
480 12
481 12
482 12
483 12
484 -1
485 -1
486 -1
487 -1
488 -1
489 -1
490 -1
491 13
492 13
493 13
494 13
495 13
496 13
497 13
498 13
499 13
500 13
501 13
502 13
503 13
504 13
505 13
506 13
507 13
508 13
509 13
510 13
511 13
512 13
513 13
514 -1
515 -1
516 -1
517 -1
518 -1
519 -1
520 -1
521 -1
522 -1
523 -1
524 -1
525 -1
526 -1
527 -1
528 -1
529 -1
530 -1
531 -1
532 -1
533 -1
534 -1
535 -1
536 -1
537 -1
538 -1
539 -1
540 -1
541 -1
542 -1
543 -1
544 -1
545 -1
546 -1
547 -1
548 -1
549 -1
550 -1
551 -1
552 -1
553 -1
554 -1
555 -1
556 -1
557 -1
558 -1
559 -1
560 -1
561 -1
562 -1
563 -1
564 -1
565 -1
566 -1
567 -1
568 -1
569 -1
570 -1
571 -1
572 -1
573 -1
574 -1
575 -1
576 -1
577 -1
578 -1
579 -1
580 -1
581 -1
582 -1
583 -1
584 -1
585 -1
586 -1
587 -1
588 -1
589 -1
590 16
591 16
592 16
593 16
594 16
595 16
596 16
597 16
598 16
599 16
600 16
601 16
602 16
603 16
604 16
605 16
606 16
607 16
608 16
609 16
610 16
611 16
612 16
613 16
614 16
615 16
616 16
617 16
618 -1
619 -1
620 -1
621 -1
622 -1
623 -1
624 -1
625 -1
626 -1
627 -1
628 -1
629 -1
630 -1
631 -1
632 -1
633 -1
634 -1
635 -1
636 -1
637 -1
638 17
639 17
640 17
641 17
642 17
643 17
644 17
645 17
646 17
647 17
648 17
649 17
650 17
651 17
652 17
653 17
654 17
655 17
656 17
657 17
658 17
659 17
660 17
661 17
662 17
663 17
664 17
665 17
666 17
667 17
668 17
669 17
670 17
671 17
672 17
673 17
674 17
675 17
676 17
677 17
678 17
679 17
680 17
681 -1
682 -1
683 -1
684 -1
685 -1
686 -1
687 -1
688 18
689 18
690 18
691 18
692 18
693 18
694 18
695 18
696 18
697 18
698 18
699 18
700 18
701 18
702 18
703 18
704 18
705 18
706 18
707 18
708 18
709 18
710 18
711 18
712 18
713 18
714 18
715 18
716 18
717 18
718 18
719 18
720 18
721 18
722 18
723 18
724 18
725 18
726 18
727 18
728 18
729 18
730 18
731 18
732 -1
733 -1
734 -1
735 -1
736 -1
737 -1
738 -1
739 -1
740 -1
741 19
742 19
743 19
744 19
745 19
746 19
747 19
748 19
749 19
750 19
751 19
752 19
753 19
754 19
755 19
756 19
757 19
758 -1
759 -1
760 -1
761 -1
762 -1
763 -1
764 -1
765 -1
766 -1
767 -1
768 -1
769 20
770 20
771 20
772 20
773 20
774 20
775 20
776 20
777 20
778 20
779 20
780 20
781 20
782 20
783 20
784 20
785 20
786 20
787 20
788 20
789 20
790 -1
791 -1
792 -1
793 -1
794 -1
795 -1
796 -1
797 -1
798 -1
799 -1
800 21
801 21
802 21
803 21
804 21
805 21
806 21
807 21
808 21
809 21
810 21
811 21
812 21
813 21
814 21
815 -1
816 -1
817 -1
818 -1
819 -1
820 21
821 -1
822 21
823 21
824 21
825 21
826 21
827 21
828 21
829 21
830 21
831 21
832 -1
833 -1
834 -1
835 -1
836 -1
837 -1
838 -1
839 22
840 22
841 22
842 22
843 22
844 22
845 22
846 22
847 22
848 22
849 22
850 22
851 22
852 22
853 22
854 22
855 22
856 22
857 22
858 22
859 22
860 -1
861 -1
862 -1
863 -1
864 -1
865 -1
866 -1
867 -1
868 -1
869 23
870 23
871 23
872 23
873 23
874 23
875 23
876 23
877 23
878 23
879 23
880 23
881 23
882 23
883 23
884 23
885 23
886 23
887 23
888 23
889 23
890 23
891 23
892 23
893 23
894 23
895 -1
896 -1
897 -1
898 -1
899 -1
900 -1
901 -1
902 -1
903 24
904 24
905 24
906 24
907 24
908 24
909 24
910 24
911 24
912 24
913 24
914 24
915 24
916 24
917 24
918 24
919 24
920 24
921 24
922 24
923 -1
924 -1
925 -1
926 -1
927 -1
928 -1
929 -1
930 25
931 25
932 25
933 25
934 25
935 25
936 25
937 25
938 25
939 25
940 25
941 25
942 25
943 25
944 25
945 25
946 25
947 25
948 25
949 25
950 25
951 25
952 25
953 25
954 25
955 -1
956 25
957 -1
958 -1
959 -1
960 -1
961 -1
962 -1
963 -1
964 -1
965 26
966 26
967 26
968 26
969 26
970 26
971 26
972 26
973 26
974 26
975 26
976 26
977 26
978 26
979 26
980 26
981 26
982 26
983 -1
984 -1
985 -1
986 -1
987 -1
988 -1
989 -1
990 -1
991 -1
992 -1
993 -1
994 -1
995 -1
996 -1
997 -1
998 -1
999 -1
1000 27
1001 27
1002 27
1003 27
1004 27
1005 27
1006 27
1007 27
