2 -1
3 -1
4 -1
5 -1
6 -1
7 -1
8 -1
9 -1
10 -1
11 -1
12 -1
13 -1
14 -1
15 -1
16 -1
17 -1
18 -1
19 -1
20 -1
21 -1
22 -1
23 -1
24 -1
25 -1
26 0
27 -1
28 0
29 0
30 0
31 0
32 0
33 0
34 0
35 0
36 0
37 0
38 0
39 0
40 0
41 0
42 0
43 0
44 0
45 0
46 0
47 0
48 0
49 0
50 0
51 0
52 0
53 0
54 0
55 0
56 0
57 0
58 0
59 0
60 0
61 0
62 0
63 0
64 0
65 0
66 0
67 -1
68 -1
69 -1
70 -1
71 -1
72 -1
73 -1
74 1
75 1
76 1
77 1
78 1
79 1
80 1
81 1
82 1
83 1
84 1
85 1
86 1
87 1
88 1
89 1
90 1
91 1
92 1
93 1
94 -1
95 -1
96 -1
97 -1
98 -1
99 -1
100 -1
101 -1
102 2
103 2
104 2
105 2
106 2
107 2
108 2
109 2
110 2
111 2
112 2
113 2
114 2
115 2
116 2
117 2
118 2
119 2
120 2
121 2
122 2
123 2
124 2
125 2
126 2
127 2
128 2
129 2
130 2
131 2
132 2
133 2
134 2
135 2
136 2
137 2
138 2
139 2
140 2
141 2
142 2
143 2
144 2
145 2
146 2
147 2
148 2
149 2
150 2
151 2
152 2
153 2
154 2
155 2
156 2
157 2
158 2
159 2
160 2
161 2
162 2
163 2
164 2
165 2
166 2
167 2
168 2
169 2
170 2
171 2
172 -1
173 -1
174 -1
175 -1
176 -1
177 -1
178 -1
179 -1
180 -1
181 4
182 4
183 4
184 4
185 4
186 4
187 4
188 4
189 4
190 4
191 -1
192 -1
193 -1
194 -1
195 -1
196 4
197 4
198 4
199 4
200 4
201 4
202 4
203 4
204 4
205 4
206 4
207 4
208 4
209 4
210 -1
211 -1
212 -1
213 -1
214 -1
215 -1
216 -1
217 4
218 4
219 4
220 -1
221 4
222 -1
223 -1
224 -1
225 -1
226 -1
227 -1
228 -1
229 4
230 4
231 4
232 4
233 4
234 4
235 4
236 4
237 4
238 4
239 4
240 4
241 4
242 4
243 4
244 4
245 4
246 4
247 4
248 4
249 4
250 4
251 4
252 4
253 4
254 4
255 4
256 4
257 -1
258 -1
259 -1
260 -1
261 -1
262 -1
263 -1
264 -1
265 -1
266 -1
267 -1
268 -1
269 -1
270 -1
271 -1
272 -1
273 -1
274 -1
275 -1
276 -1
277 -1
278 -1
279 -1
280 -1
281 -1
282 14
283 -1
284 14
285 -1
286 14
287 14
288 14
289 14
290 -1
291 -1
292 -1
293 -1
294 -1
295 -1
296 -1
297 -1
298 -1
299 14
300 14
301 14
302 14
303 14
304 14
305 14
306 14
307 14
308 14
309 14
310 14
311 -1
312 -1
313 -1
314 14
315 -1
316 -1
317 -1
318 -1
319 -1
320 -1
321 -1
322 14
323 -1
324 -1
325 -1
326 14
327 -1
328 14
329 14
330 14
331 14
332 14
333 14
334 14
335 14
336 -1
337 -1
338 -1
339 -1
340 -1
341 -1
342 -1
343 -1
344 -1
345 -1
346 -1
347 -1
348 -1
349 5
350 5
351 5
352 5
353 5
354 5
355 5
356 5
357 5
358 -1
359 -1
360 -1
361 5
362 5
363 5
364 5
365 5
366 5
367 5
368 5
369 5
370 5
371 5
372 5
373 5
374 5
375 5
376 -1
377 5
378 -1
379 5
380 -1
381 5
382 -1
383 5
384 -1
385 -1
386 -1
387 -1
388 -1
389 -1
390 -1
391 -1
392 -1
393 -1
394 -1
395 -1
396 -1
397 -1
398 -1
399 -1
400 -1
401 -1
402 -1
403 -1
404 -1
405 -1
406 -1
407 -1
408 -1
409 -1
410 -1
411 -1
412 -1
413 -1
414 -1
415 -1
416 -1
417 -1
418 -1
419 -1
420 -1
421 -1
422 -1
423 -1
424 -1
425 -1
426 -1
427 -1
428 -1
429 -1
430 -1
431 -1
432 -1
433 -1
434 5
435 5
436 5
437 5
438 5
439 5
440 5
441 5
442 5
443 5
444 5
445 5
446 5
447 5
448 5
449 5
450 5
451 5
452 5
453 5
454 -1
455 -1
456 -1
457 -1
458 -1
459 -1
460 -1
461 -1
462 -1
463 -1
464 -1
465 -1
466 -1
467 -1
468 -1
469 -1
470 -1
471 -1
472 -1
473 -1
474 -1
475 -1
476 -1
477 -1
478 -1
479 -1
480 -1
481 -1
482 -1
483 -1
484 -1
485 -1
486 -1
487 -1
488 -1
489 -1
490 -1
491 -1
492 -1
493 -1
494 -1
495 -1
496 -1
497 -1
498 -1
499 -1
500 -1
501 -1
502 -1
503 -1
504 -1
505 -1
506 -1
507 -1
508 -1
509 -1
510 -1
511 -1
512 -1
513 -1
514 -1
515 -1
516 -1
517 -1
518 -1
519 5
520 -1
521 5
522 -1
523 -1
524 -1
525 -1
526 -1
527 -1
528 -1
529 -1
530 -1
531 -1
532 -1
533 -1
534 -1
535 5
536 -1
537 5
538 -1
539 5
540 5
541 5
542 5
543 5
544 5
545 -1
546 -1
547 -1
548 -1
549 -1
550 -1
551 -1
552 -1
553 -1
554 -1
555 -1
556 -1
557 -1
558 -1
559 -1
560 -1
561 -1
562 -1
563 -1
564 -1
565 -1
566 -1
567 -1
568 -1
569 -1
570 -1
571 -1
572 -1
573 -1
574 -1
575 -1
576 -1
577 -1
578 -1
579 -1
580 -1
581 -1
582 -1
583 -1
584 -1
585 -1
586 -1
587 -1
588 -1
589 -1
590 -1
591 -1
592 -1
593 -1
594 -1
595 -1
596 -1
597 -1
598 -1
599 -1
600 -1
601 -1
602 -1
603 -1
604 -1
605 -1
606 -1
607 -1
608 -1
609 -1
610 -1
611 -1
612 -1
613 -1
614 -1
615 -1
616 -1
617 -1
618 -1
619 -1
620 -1
621 -1
622 -1
623 -1
624 -1
625 -1
626 -1
627 -1
628 -1
629 -1
630 -1
631 -1
632 -1
633 -1
634 -1
635 -1
636 -1
637 -1
638 -1
639 -1
640 -1
641 -1
642 -1
643 -1
644 -1
645 -1
646 -1
647 -1
648 -1
649 -1
650 -1
651 -1
652 -1
653 -1
654 -1
655 -1
656 -1
657 -1
658 -1
659 -1
660 -1
661 -1
662 -1
663 -1
664 -1
665 -1
666 -1
667 -1
668 -1
669 -1
670 -1
671 -1
672 -1
673 -1
674 -1
675 -1
676 25
677 -1
678 -1
679 -1
680 -1
681 -1
682 25
683 25
684 25
685 -1
686 -1
687 -1
688 -1
689 -1
690 -1
691 -1
692 -1
693 -1
694 -1
695 -1
696 -1
697 -1
698 -1
699 -1
700 -1
701 -1
702 -1
703 -1
704 -1
705 -1
706 -1
707 -1
708 -1
709 -1
710 -1
711 -1
712 -1
713 -1
714 -1
715 -1
716 -1
717 -1
718 -1
719 -1
720 -1
721 -1
722 -1
723 -1
724 6
725 6
726 6
727 -1
728 6
729 6
730 6
731 6
732 6
733 6
734 6
735 6
736 6
737 6
738 6
739 6
740 6
741 6
742 6
743 6
744 6
745 6
746 6
747 6
748 6
749 6
750 6
751 6
752 6
753 6
754 6
755 6
756 6
757 -1
758 -1
759 -1
760 -1
761 -1
762 -1
763 -1
764 -1
765 -1
766 -1
767 -1
768 -1
769 7
770 7
771 7
772 7
773 7
774 7
775 7
776 7
777 7
778 7
779 7
780 7
781 7
782 7
783 7
784 7
785 7
786 7
787 7
788 7
789 7
790 7
791 7
792 7
793 7
794 7
795 7
796 7
797 7
798 7
799 7
800 7
801 7
802 7
803 7
804 7
805 7
806 7
807 7
808 7
809 7
810 7
811 7
812 7
813 7
814 7
815 7
816 7
817 7
818 7
819 7
820 7
821 7
822 7
823 7
824 7
825 7
826 7
827 7
828 7
829 7
830 7
831 -1
832 -1
833 -1
834 -1
835 -1
836 -1
837 -1
838 -1
839 -1
840 -1
841 -1
842 -1
843 -1
844 -1
845 -1
846 8
847 8
848 8
849 8
850 8
851 8
852 8
853 8
854 8
855 8
856 8
857 8
858 8
859 8
860 -1
861 -1
862 -1
863 -1
864 -1
865 -1
866 -1
867 -1
868 -1
869 -1
870 -1
871 -1
872 -1
873 -1
874 -1
875 -1
876 -1
877 -1
878 -1
879 -1
880 -1
881 -1
882 -1
883 -1
884 -1
885 -1
886 -1
887 -1
888 -1
889 -1
890 -1
891 -1
892 -1
893 -1
894 -1
895 -1
896 -1
897 -1
898 -1
899 -1
900 -1
901 -1
902 -1
903 -1
904 -1
905 -1
906 -1
907 -1
908 -1
909 -1
910 -1
911 -1
912 -1
913 -1
914 -1
915 -1
916 -1
917 -1
918 -1
919 -1
920 -1
921 -1
922 -1
923 -1
924 -1
925 -1
926 -1
927 -1
928 -1
929 -1
930 -1
931 -1
932 -1
933 -1
934 2
935 2
936 2
937 2
938 2
939 2
940 2
941 2
942 2
943 -1
944 -1
945 -1
946 -1
947 -1
948 -1
949 -1
950 9
951 9
952 9
953 9
954 9
955 9
956 9
957 -1
958 -1
959 -1
960 -1
961 -1
962 -1
963 -1
964 -1
965 -1
966 -1
967 -1
968 -1
969 -1
970 -1
971 -1
972 -1
973 -1
974 -1
975 -1
976 -1
977 -1
978 -1
979 -1
980 -1
981 -1
982 -1
983 -1
984 -1
985 -1
986 -1
987 -1
988 -1
989 -1
990 -1
991 -1
992 -1
993 -1
994 -1
995 -1
996 -1
997 -1
998 -1
999 -1
1000 -1
1001 -1
1002 -1
1003 -1
1004 -1
1005 -1
1006 -1
1007 -1
1008 -1
1009 -1
1010 -1
1011 -1
1012 -1
1013 -1
1014 -1
1015 -1
1016 -1
1017 -1
1018 -1
1019 -1
1020 -1
1021 -1
1022 -1
1023 -1
1024 -1
1025 -1
1026 -1
1027 -1
1028 -1
1029 -1
1030 -1
1031 9
1032 9
1033 9
1034 9
1035 9
1036 9
1037 9
1038 9
1039 9
1040 9
1041 9
1042 9
1043 9
1044 9
1045 9
1046 9
1047 9
1048 9
1049 9
1050 9
1051 9
1052 9
1053 9
1054 9
1055 9
1056 9
1057 9
1058 9
1059 9
1060 9
1061 9
1062 9
1063 9
1064 9
1065 9
1066 9
1067 9
1068 9
1069 9
1070 9
1071 9
1072 9
1073 9
1074 9
1075 9
1076 9
1077 9
1078 9
1079 9
1080 9
1081 9
1082 9
1083 9
1084 9
1085 9
1086 9
1087 9
1088 9
1089 9
1090 9
1091 9
1092 9
1093 9
1094 9
1095 9
1096 9
1097 9
1098 9
1099 9
1100 9
1101 9
1102 -1
1103 -1
1104 -1
1105 -1
1106 -1
1107 -1
1108 -1
1109 -1
1110 -1
1111 -1
1112 -1
1113 -1
1114 -1
1115 -1
1116 -1
1117 -1
1118 -1
1119 -1
1120 -1
1121 -1
1122 -1
1123 -1
1124 -1
1125 -1
1126 -1
1127 -1
1128 -1
1129 -1
1130 -1
1131 -1
1132 -1
1133 -1
1134 -1
1135 -1
1136 -1
1137 -1
1138 -1
1139 -1
1140 -1
1141 -1
1142 -1
1143 -1
1144 -1
1145 -1
1146 -1
1147 -1
1148 -1
1149 -1
1150 -1
1151 -1
1152 -1
1153 -1
1154 -1
1155 -1
1156 -1
1157 -1
1158 -1
1159 -1
1160 -1
1161 -1
1162 -1
1163 -1
1164 -1
1165 -1
1166 -1
1167 -1
1168 -1
1169 -1
1170 -1
1171 -1
1172 -1
1173 -1
1174 -1
1175 -1
1176 -1
1177 -1
1178 -1
1179 -1
1180 -1
1181 -1
1182 -1
1183 -1
1184 -1
1185 -1
1186 -1
1187 -1
1188 -1
1189 -1
1190 -1
1191 -1
1192 -1
1193 -1
1194 -1
1195 -1
1196 -1
1197 -1
1198 -1
1199 -1
1200 -1
1201 -1
1202 -1
1203 -1
1204 -1
1205 -1
1206 -1
1207 -1
1208 -1
1209 11
1210 -1
1211 11
1212 11
1213 11
1214 11
1215 11
1216 11
1217 11
1218 11
1219 11
1220 -1
1221 -1
1222 -1
1223 -1
1224 -1
1225 -1
1226 -1
1227 9
1228 9
1229 9
1230 9
1231 9
1232 9
1233 9
1234 9
1235 9
1236 9
1237 9
1238 9
1239 -1
1240 -1
1241 -1
1242 -1
1243 -1
1244 -1
1245 -1
1246 -1
1247 -1
1248 -1
1249 -1
1250 -1
1251 -1
1252 27
1253 -1
1254 27
1255 -1
1256 -1
1257 -1
1258 -1
1259 -1
1260 -1
1261 -1
1262 -1
1263 -1
1264 -1
1265 -1
1266 -1
1267 -1
1268 -1
1269 -1
1270 -1
1271 -1
1272 -1
1273 12
1274 12
1275 12
1276 12
1277 12
1278 12
1279 12
1280 12
1281 12
1282 12
1283 12
1284 12
1285 12
1286 12
1287 12
1288 12
1289 12
1290 12
1291 12
1292 12
1293 12
1294 12
1295 12
1296 12
1297 12
1298 12
1299 12
1300 12
1301 12
1302 12
1303 12
1304 12
1305 12
1306 12
1307 12
1308 12
1309 12
1310 12
1311 12
1312 12
1313 12
1314 12
1315 12
1316 12
1317 12
1318 12
1319 12
1320 12
1321 12
1322 12
1323 -1
1324 -1
1325 -1
1326 -1
1327 -1
1328 -1
1329 -1
1330 -1
1331 -1
1332 -1
1333 -1
1334 -1
1335 -1
1336 -1
1337 -1
1338 -1
1339 -1
1340 -1
1341 -1
1342 -1
1343 -1
1344 -1
1345 -1
1346 -1
1347 -1
1348 -1
1349 -1
1350 -1
1351 -1
1352 -1
1353 -1
1354 -1
1355 -1
1356 -1
1357 -1
1358 -1
1359 -1
1360 -1
1361 -1
1362 -1
1363 -1
1364 -1
1365 -1
1366 -1
1367 -1
1368 -1
1369 -1
1370 -1
1371 -1
1372 -1
1373 -1
1374 -1
1375 -1
1376 -1
1377 -1
1378 -1
1379 -1
1380 -1
1381 -1
1382 -1
1383 -1
1384 -1
1385 -1
1386 -1
1387 -1
1388 -1
1389 13
1390 -1
1391 13
1392 13
1393 13
1394 13
1395 13
1396 13
1397 13
1398 13
1399 13
1400 13
1401 -1
1402 -1
1403 -1
1404 -1
1405 -1
1406 -1
1407 -1
1408 -1
1409 -1
1410 -1
1411 -1
1412 -1
1413 14
1414 14
1415 14
1416 14
1417 14
1418 14
1419 14
1420 14
1421 14
1422 14
1423 14
1424 14
1425 14
1426 14
1427 14
1428 14
1429 14
1430 14
1431 14
1432 14
1433 14
1434 14
1435 14
1436 14
1437 14
1438 14
1439 14
1440 14
1441 -1
1442 -1
1443 -1
1444 14
1445 14
1446 14
1447 14
1448 -1
1449 14
1450 -1
1451 14
1452 14
1453 14
1454 14
1455 14
1456 14
1457 14
1458 14
1459 14
1460 14
1461 14
1462 14
1463 14
1464 14
1465 14
1466 14
1467 14
1468 14
1469 14
1470 14
1471 14
1472 14
1473 14
1474 14
1475 -1
1476 -1
1477 -1
1478 14
1479 14
1480 14
1481 14
1482 14
1483 14
1484 14
1485 -1
1486 14
1487 14
1488 14
1489 14
1490 14
1491 -1
1492 -1
1493 -1
1494 -1
1495 -1
1496 -1
1497 -1
1498 -1
1499 -1
1500 -1
1501 -1
1502 -1
1503 -1
1504 -1
1505 -1
1506 -1
1507 -1
1508 -1
1509 -1
1510 -1
1511 -1
1512 -1
1513 -1
1514 -1
1515 -1
1516 -1
1517 -1
1518 -1
1519 -1
1520 -1
1521 -1
1522 -1
1523 -1
1524 -1
1525 -1
1526 -1
1527 -1
1528 -1
1529 -1
1530 -1
1531 -1
1532 -1
1533 -1
1534 -1
1535 -1
1536 -1
1537 -1
1538 -1
1539 -1
1540 -1
1541 -1
1542 -1
1543 -1
1544 -1
1545 -1
1546 -1
1547 -1
1548 -1
1549 15
1550 15
1551 15
1552 15
1553 15
1554 15
1555 15
1556 15
1557 15
1558 15
1559 15
1560 15
1561 -1
1562 -1
1563 -1
1564 -1
1565 -1
1566 -1
1567 -1
1568 -1
1569 -1
1570 -1
1571 -1
1572 -1
1573 -1
1574 -1
1575 -1
1576 -1
1577 -1
1578 -1
1579 -1
1580 -1
1581 -1
1582 -1
1583 -1
1584 -1
1585 -1
1586 -1
1587 -1
1588 -1
1589 -1
1590 -1
1591 -1
1592 -1
1593 -1
1594 -1
1595 -1
1596 -1
1597 -1
1598 -1
1599 -1
1600 -1
1601 -1
1602 -1
1603 -1
1604 -1
1605 -1
1606 -1
1607 -1
1608 -1
1609 -1
1610 16
1611 16
1612 16
1613 16
1614 16
1615 16
1616 16
1617 16
1618 16
1619 16
1620 16
1621 16
1622 16
1623 16
1624 16
1625 16
1626 16
1627 16
1628 16
1629 16
1630 16
1631 16
1632 16
1633 16
1634 16
1635 16
1636 16
1637 16
1638 16
1639 -1
1640 -1
1641 -1
1642 -1
1643 -1
1644 -1
1645 -1
1646 -1
1647 -1
1648 -1
1649 -1
1650 -1
1651 -1
1652 -1
1653 -1
1654 -1
1655 -1
1656 -1
1657 -1
1658 -1
1659 -1
1660 -1
1661 -1
1662 -1
1663 -1
1664 -1
1665 -1
1666 -1
1667 -1
1668 -1
1669 17
1670 17
1671 17
1672 17
1673 17
1674 17
1675 17
1676 17
1677 17
1678 17
1679 17
1680 17
1681 17
1682 17
1683 17
1684 17
1685 17
1686 17
1687 17
1688 17
1689 17
1690 17
1691 17
1692 17
1693 17
1694 17
1695 17
1696 17
1697 17
1698 17
1699 17
1700 17
1701 17
1702 17
1703 17
1704 17
1705 17
1706 17
1707 17
1708 17
1709 17
1710 17
1711 17
1712 17
1713 17
1714 17
1715 17
1716 17
1717 17
1718 17
1719 17
1720 17
1721 -1
1722 -1
1723 -1
1724 -1
1725 -1
1726 -1
1727 -1
1728 -1
1729 -1
1730 -1
1731 -1
1732 -1
1733 -1
1734 -1
1735 -1
1736 -1
1737 -1
1738 -1
1739 -1
1740 -1
1741 -1
1742 -1
1743 -1
1744 -1
1745 -1
1746 -1
1747 -1
1748 -1
1749 -1
1750 18
1751 18
1752 18
1753 18
1754 18
1755 18
1756 18
1757 18
1758 18
1759 18
1760 18
1761 18
1762 18
1763 18
1764 18
1765 -1
1766 18
1767 -1
1768 18
1769 18
1770 18
1771 18
1772 18
1773 18
1774 18
1775 18
1776 18
1777 18
1778 -1
1779 -1
1780 -1
1781 -1
1782 -1
1783 -1
1784 -1
1785 -1
1786 -1
1787 -1
1788 -1
1789 -1
1790 -1
1791 -1
1792 -1
1793 -1
1794 -1
1795 -1
1796 -1
1797 -1
1798 -1
1799 -1
1800 -1
1801 -1
1802 -1
1803 -1
1804 -1
1805 -1
1806 -1
1807 -1
1808 -1
1809 -1
1810 -1
1811 19
1812 -1
1813 -1
1814 -1
1815 -1
1816 -1
1817 -1
1818 -1
1819 -1
1820 -1
1821 -1
1822 -1
1823 -1
1824 20
1825 20
1826 20
1827 20
1828 20
1829 20
1830 20
1831 20
1832 20
1833 20
1834 20
1835 20
1836 20
1837 20
1838 20
1839 20
1840 20
1841 -1
1842 -1
1843 -1
1844 -1
1845 -1
1846 -1
1847 -1
1848 -1
1849 -1
1850 -1
1851 -1
1852 -1
1853 -1
1854 -1
1855 -1
1856 -1
1857 -1
1858 -1
1859 -1
1860 -1
1861 -1
1862 -1
1863 -1
1864 -1
1865 -1
1866 -1
1867 21
1868 21
1869 21
1870 -1
1871 -1
1872 -1
1873 -1
1874 -1
1875 -1
1876 -1
1877 -1
1878 -1
1879 -1
1880 -1
1881 -1
1882 -1
1883 -1
1884 -1
1885 -1
1886 -1
1887 21
1888 21
1889 21
1890 21
1891 -1
1892 -1
1893 -1
1894 -1
1895 -1
1896 -1
1897 -1
1898 -1
1899 -1
1900 -1
1901 -1
1902 -1
1903 -1
1904 -1
1905 -1
1906 -1
1907 -1
1908 -1
1909 -1
1910 -1
1911 -1
1912 -1
1913 -1
1914 -1
1915 -1
1916 -1
1917 -1
1918 -1
1919 -1
1920 -1
1921 -1
1922 -1
1923 -1
1924 -1
1925 -1
1926 -1
1927 -1
1928 -1
1929 -1
1930 -1
1931 -1
1932 -1
1933 -1
1934 -1
1935 -1
1936 -1
1937 -1
1938 -1
1939 -1
1940 -1
1941 -1
1942 -1
1943 -1
1944 -1
1945 -1
1946 -1
1947 -1
1948 -1
1949 -1
1950 -1
1951 -1
1952 -1
1953 -1
1954 -1
1955 -1
1956 -1
1957 -1
1958 -1
1959 -1
1960 -1
1961 -1
1962 -1
1963 -1
1964 -1
1965 -1
1966 -1
1967 -1
1968 -1
1969 -1
1970 -1
1971 -1
1972 -1
1973 -1
1974 -1
1975 -1
1976 -1
1977 -1
1978 -1
1979 -1
1980 -1
1981 -1
1982 -1
1983 -1
1984 -1
1985 -1
1986 -1
1987 -1
1988 -1
1989 -1
1990 -1
1991 -1
1992 -1
1993 -1
1994 -1
1995 -1
1996 -1
1997 -1
1998 -1
1999 -1
2000 -1
2001 14
2002 14
2003 14
2004 14
2005 14
2006 -1
2007 -1
2008 -1
2009 14
2010 -1
2011 -1
2012 -1
2013 -1
2014 -1
2015 -1
2016 -1
2017 -1
2018 -1
2019 -1
2020 -1
2021 -1
2022 -1
2023 -1
2024 -1
2025 -1
2026 -1
2027 -1
2028 -1
2029 -1
2030 -1
2031 -1
2032 -1
2033 -1
2034 -1
2035 -1
2036 -1
2037 -1
2038 -1
2039 -1
2040 -1
2041 -1
2042 -1
2043 -1
2044 -1
2045 -1
2046 -1
2047 -1
2048 -1
2049 -1
2050 -1
2051 -1
2052 -1
2053 -1
2054 -1
2055 -1
2056 -1
2057 -1
2058 -1
2059 -1
2060 -1
2061 -1
2062 -1
2063 -1
2064 -1
2065 -1
2066 -1
2067 -1
2068 -1
2069 -1
2070 -1
2071 -1
2072 -1
2073 -1
2074 -1
2075 -1
2076 -1
2077 -1
2078 -1
2079 -1
2080 -1
2081 -1
2082 -1
2083 -1
2084 15
2085 15
2086 15
2087 15
2088 15
2089 15
2090 15
2091 15
2092 15
2093 15
2094 15
2095 15
2096 15
2097 15
2098 15
2099 15
2100 15
2101 15
2102 15
2103 15
2104 15
2105 15
2106 15
2107 15
2108 15
2109 15
2110 15
2111 15
2112 15
2113 15
2114 15
2115 -1
2116 -1
2117 -1
2118 -1
2119 -1
2120 -1
2121 -1
2122 -1
2123 -1
2124 -1
2125 18
2126 18
2127 18
2128 18
2129 18
2130 18
2131 18
2132 18
2133 18
2134 18
2135 18
2136 18
2137 18
2138 18
2139 18
2140 18
2141 18
2142 18
2143 18
2144 -1
2145 18
2146 -1
2147 -1
2148 -1
2149 -1
2150 -1
2151 -1
2152 -1
2153 26
2154 -1
2155 -1
2156 -1
2157 -1
2158 -1
2159 -1
2160 -1
2161 -1
2162 -1
2163 -1
2164 24
2165 24
2166 24
2167 24
2168 24
2169 24
2170 24
2171 24
2172 24
2173 24
2174 24
2175 24
2176 24
2177 24
2178 24
2179 24
2180 24
2181 24
2182 24
2183 24
2184 24
2185 24
2186 24
2187 24
2188 24
2189 24
2190 24
2191 24
2192 24
2193 24
2194 24
2195 24
2196 24
2197 24
2198 24
2199 -1
2200 -1
2201 -1
2202 -1
2203 -1
2204 -1
2205 -1
2206 25
2207 25
2208 25
2209 25
2210 25
2211 25
2212 25
2213 25
2214 25
2215 25
2216 25
2217 25
2218 25
2219 25
2220 25
2221 25
2222 25
2223 25
2224 25
2225 25
2226 25
2227 25
2228 25
2229 -1
2230 -1
2231 -1
2232 -1
2233 -1
2234 -1
2235 -1
2236 -1
2237 -1
2238 26
2239 26
2240 26
2241 26
2242 26
2243 26
2244 26
2245 26
2246 26
2247 26
2248 26
2249 26
2250 26
2251 26
2252 26
2253 26
2254 26
2255 26
2256 26
2257 26
2258 26
2259 26
2260 26
2261 26
2262 26
2263 -1
2264 -1
2265 -1
2266 -1
2267 -1
2268 26
2269 -1
2270 26
2271 -1
2272 26
2273 26
2274 26
2275 26
2276 26
2277 26
2278 26
2279 -1
2280 -1
2281 -1
2282 -1
2283 -1
2284 -1
2285 -1
2286 27
2287 27
2288 27
2289 27
2290 27
2291 27
2292 27
2293 27
2294 27
2295 27
2296 27
2297 27
2298 27
