2 -1
3 -1
4 -1
5 -1
6 -1
7 -1
8 -1
9 -1
10 -1
11 -1
12 -1
13 -1
14 -1
15 0
16 0
17 0
18 0
19 0
20 0
21 0
22 0
23 0
24 0
25 0
26 0
27 0
28 0
29 0
30 0
31 0
32 0
33 0
34 0
35 0
36 0
37 0
38 0
39 0
40 0
41 0
42 0
43 0
44 0
45 0
46 0
47 0
48 0
49 0
50 0
51 0
52 0
53 0
54 -1
55 -1
56 -1
57 -1
58 -1
59 -1
60 -1
61 1
62 1
63 1
64 1
65 1
66 1
67 1
68 1
69 1
70 1
71 1
72 1
73 1
74 1
75 1
76 1
77 1
78 1
79 1
80 1
81 1
82 1
83 1
84 1
85 1
86 1
87 1
88 1
89 1
90 1
91 1
92 1
93 -1
94 -1
95 -1
96 -1
97 -1
98 -1
99 -1
100 2
101 2
102 2
103 2
104 2
105 2
106 2
107 2
108 2
109 2
110 2
111 2
112 2
113 2
114 2
115 2
116 2
117 2
118 2
119 2
120 2
121 2
122 2
123 2
124 2
125 2
126 2
127 2
128 2
129 2
130 2
131 2
132 2
133 2
134 2
135 2
136 2
137 2
138 2
139 2
140 2
141 -1
142 -1
143 -1
144 -1
145 -1
146 -1
147 -1
148 3
149 3
150 3
151 3
152 3
153 3
154 3
155 3
156 3
157 3
158 3
159 3
160 3
161 3
162 3
163 3
164 3
165 3
166 3
167 3
168 3
169 3
170 3
171 -1
172 -1
173 -1
174 -1
175 -1
176 -1
177 -1
178 -1
179 -1
180 -1
181 -1
182 -1
183 4
184 4
185 4
186 4
187 4
188 4
189 4
190 4
191 4
192 4
193 4
194 4
195 4
196 4
197 4
198 4
199 -1
200 -1
201 -1
202 -1
203 -1
204 -1
205 -1
206 -1
207 -1
208 -1
209 -1
210 -1
211 -1
212 -1
213 -1
214 -1
215 -1
216 -1
217 -1
218 -1
219 -1
220 -1
221 -1
222 -1
223 -1
224 -1
225 -1
226 -1
227 -1
228 -1
229 -1
230 -1
231 -1
232 -1
233 -1
234 -1
235 -1
236 -1
237 -1
238 -1
239 -1
240 -1
241 -1
242 -1
243 5
244 5
245 5
246 5
247 5
248 -1
249 -1
250 -1
251 -1
252 -1
253 -1
254 -1
255 -1
256 -1
257 -1
258 -1
259 -1
260 -1
261 -1
262 -1
263 -1
264 -1
265 -1
266 -1
267 -1
268 -1
269 -1
270 -1
271 -1
272 -1
273 -1
274 -1
275 -1
276 -1
277 -1
278 -1
279 -1
280 -1
281 16
282 16
283 16
284 16
285 -1
286 16
287 -1
288 -1
289 -1
290 -1
291 -1
292 -1
293 -1
294 -1
295 -1
296 -1
297 -1
298 -1
299 -1
300 6
301 6
302 6
303 -1
304 6
305 -1
306 -1
307 -1
308 -1
309 -1
310 6
311 6
312 6
313 -1
314 -1
315 -1
316 -1
317 -1
318 -1
319 -1
320 -1
321 -1
322 -1
323 -1
324 -1
325 -1
326 -1
327 -1
328 -1
329 -1
330 -1
331 -1
332 -1
333 -1
334 -1
335 -1
336 -1
337 -1
338 -1
339 -1
340 -1
341 -1
342 -1
343 -1
344 -1
345 -1
346 -1
347 -1
348 -1
349 -1
350 7
351 7
352 7
353 7
354 7
355 7
356 7
357 7
358 7
359 7
360 7
361 7
362 7
363 7
364 7
365 7
366 7
367 7
368 7
369 7
370 7
371 7
372 7
373 7
374 7
375 7
376 7
377 7
378 7
379 7
380 7
381 7
382 7
383 7
384 7
385 7
386 7
387 7
388 7
389 7
390 7
391 -1
392 -1
393 -1
394 -1
395 -1
396 -1
397 -1
398 8
399 8
400 8
401 8
402 8
403 8
404 8
405 8
406 8
407 8
408 8
409 8
410 8
411 8
412 8
413 8
414 8
415 8
416 8
417 8
418 8
419 8
420 8
421 8
422 8
423 8
424 -1
425 -1
426 -1
427 -1
428 -1
429 -1
430 -1
431 -1
432 -1
433 -1
434 -1
435 -1
436 -1
437 -1
438 -1
439 -1
440 -1
441 -1
442 -1
443 -1
444 -1
445 -1
446 9
447 9
448 9
449 9
450 9
451 9
452 9
453 9
454 9
455 9
456 9
457 9
458 9
459 9
460 9
461 9
462 9
463 9
464 9
465 -1
466 -1
467 -1
468 -1
469 -1
470 -1
471 -1
472 10
473 10
474 10
475 10
476 10
477 10
478 10
479 10
480 10
481 10
482 10
483 10
484 10
485 10
486 10
487 10
488 10
489 10
490 10
491 10
492 10
493 10
494 10
495 10
496 10
497 10
498 10
499 10
500 10
501 10
502 10
503 10
504 10
505 10
506 10
507 10
508 10
509 10
510 -1
511 -1
512 -1
513 -1
514 -1
515 -1
516 -1
517 -1
518 -1
519 3
520 3
521 3
522 -1
523 -1
524 -1
525 -1
526 -1
527 -1
528 -1
529 -1
530 -1
531 11
532 11
533 11
534 11
535 -1
536 11
537 -1
538 11
539 11
540 11
541 11
542 11
543 11
544 11
545 11
546 11
547 11
548 11
549 11
550 11
551 11
552 11
553 11
554 11
555 11
556 11
557 11
558 11
559 -1
560 -1
561 -1
562 -1
563 -1
564 -1
565 -1
566 -1
567 -1
568 -1
569 -1
570 0
571 0
572 0
573 0
574 0
575 0
576 0
577 0
578 0
579 0
580 0
581 0
582 0
583 0
584 0
585 0
586 0
587 0
588 0
589 0
590 0
591 0
592 0
593 0
594 -1
595 -1
596 -1
597 -1
598 -1
599 -1
600 -1
601 -1
602 -1
603 -1
604 -1
605 -1
606 -1
607 -1
608 -1
609 -1
610 -1
611 -1
612 -1
613 -1
614 -1
615 -1
616 -1
617 -1
618 -1
619 -1
620 -1
621 -1
622 -1
623 -1
624 -1
625 -1
626 -1
627 -1
628 -1
629 -1
630 -1
631 -1
632 -1
633 12
634 12
635 12
636 -1
637 -1
638 -1
639 -1
640 -1
641 -1
642 -1
643 12
644 12
645 12
646 12
647 12
648 12
649 12
650 12
651 12
652 12
653 12
654 12
655 12
656 12
657 12
658 12
659 12
660 12
661 12
662 12
663 12
664 12
665 12
666 12
667 12
668 12
669 12
670 -1
671 12
672 12
673 12
674 12
675 12
676 12
677 12
678 12
679 12
680 12
681 12
682 12
683 12
684 12
685 12
686 12
687 12
688 12
689 12
690 12
691 12
692 -1
693 12
694 12
695 12
696 12
697 12
698 12
699 12
700 12
701 12
702 -1
703 -1
704 -1
705 12
706 12
707 12
708 12
709 12
710 12
711 12
712 12
713 -1
714 12
715 -1
716 -1
717 -1
718 -1
719 -1
720 12
721 -1
722 12
723 -1
724 -1
725 -1
726 -1
727 -1
728 -1
729 -1
730 -1
731 -1
732 -1
733 -1
734 -1
735 -1
736 -1
737 -1
738 -1
739 -1
740 -1
741 -1
742 -1
743 -1
744 -1
745 -1
746 -1
747 -1
748 -1
749 -1
750 -1
751 13
752 13
753 13
754 13
755 13
756 13
757 13
758 13
759 13
760 13
761 -1
762 13
763 13
764 13
765 -1
766 -1
767 -1
768 -1
769 -1
770 -1
771 -1
772 -1
773 -1
774 -1
775 -1
776 -1
777 14
778 14
779 14
780 14
781 14
782 14
783 14
784 14
785 -1
786 -1
787 -1
788 -1
789 -1
790 -1
791 -1
792 -1
793 -1
794 -1
795 -1
796 -1
797 -1
798 -1
799 -1
800 -1
801 -1
802 -1
803 -1
804 -1
805 -1
806 -1
807 -1
808 -1
809 26
810 26
811 26
812 26
813 -1
814 -1
815 -1
816 -1
817 -1
818 -1
819 -1
820 -1
821 -1
822 -1
823 -1
824 -1
825 -1
826 -1
827 -1
828 -1
829 -1
830 -1
831 -1
832 -1
833 -1
834 -1
835 -1
836 -1
837 -1
838 -1
839 -1
840 -1
841 -1
842 -1
843 -1
844 -1
845 -1
846 -1
847 -1
848 -1
849 14
850 14
851 14
852 14
853 14
854 14
855 14
856 14
857 14
858 14
859 14
860 14
861 14
862 14
863 14
864 14
865 14
866 14
867 14
868 14
869 14
870 14
871 14
872 14
873 14
874 14
875 14
876 14
877 14
878 14
879 14
880 14
881 14
882 14
883 14
884 14
885 14
886 14
887 14
888 14
889 14
890 14
891 14
892 14
893 14
894 14
895 14
896 14
897 14
898 14
899 14
900 14
901 -1
902 14
903 14
904 14
905 14
906 14
907 14
908 14
909 14
910 -1
911 -1
912 -1
913 -1
914 -1
915 14
916 -1
917 14
918 14
919 14
920 14
921 14
922 14
923 14
924 14
925 14
926 14
927 14
928 14
929 14
930 14
931 14
932 14
933 14
934 14
935 14
936 14
937 14
938 14
939 14
940 -1
941 -1
942 -1
943 -1
944 -1
945 -1
946 -1
947 -1
948 -1
949 -1
950 -1
951 -1
952 -1
953 15
954 15
955 15
956 -1
957 15
958 15
959 15
960 15
961 15
962 15
963 15
964 15
965 15
966 15
967 15
968 15
969 15
970 15
971 15
972 15
973 15
974 15
975 15
976 15
977 15
978 15
979 15
980 15
981 15
982 15
983 15
984 15
985 -1
986 -1
987 -1
988 -1
989 -1
990 -1
991 -1
992 -1
993 -1
994 -1
995 -1
996 -1
997 -1
998 -1
999 -1
1000 -1
1001 -1
1002 -1
1003 -1
1004 -1
1005 -1
1006 -1
1007 -1
1008 -1
1009 16
1010 16
1011 16
1012 16
1013 16
1014 16
1015 16
1016 16
1017 16
1018 -1
1019 16
1020 16
1021 16
1022 -1
1023 -1
1024 -1
1025 -1
1026 -1
1027 -1
1028 -1
1029 -1
1030 -1
1031 -1
1032 -1
1033 -1
1034 -1
1035 -1
1036 -1
1037 -1
1038 -1
1039 -1
1040 -1
1041 -1
1042 17
1043 17
1044 17
1045 17
1046 17
1047 17
1048 17
1049 17
1050 17
1051 17
1052 17
1053 17
1054 17
1055 17
1056 17
1057 17
1058 17
1059 17
1060 17
1061 17
1062 17
1063 17
1064 17
1065 17
1066 17
1067 17
1068 -1
1069 -1
1070 -1
1071 -1
1072 -1
1073 -1
1074 -1
1075 -1
1076 -1
1077 -1
1078 -1
1079 -1
1080 -1
1081 -1
1082 -1
1083 -1
1084 -1
1085 -1
1086 -1
1087 -1
1088 -1
1089 -1
1090 -1
1091 -1
1092 -1
1093 -1
1094 -1
1095 -1
1096 -1
1097 -1
1098 -1
1099 -1
1100 -1
1101 -1
1102 -1
1103 -1
1104 -1
1105 -1
1106 -1
1107 -1
1108 -1
1109 -1
1110 -1
1111 -1
1112 -1
1113 -1
1114 -1
1115 -1
1116 -1
1117 -1
1118 -1
1119 -1
1120 -1
1121 -1
1122 -1
1123 19
1124 19
1125 19
1126 19
1127 19
1128 19
1129 19
1130 19
1131 19
1132 19
1133 19
1134 19
1135 19
1136 -1
1137 -1
1138 -1
1139 -1
1140 -1
1141 -1
1142 -1
1143 20
1144 20
1145 20
1146 20
1147 20
1148 20
1149 20
1150 20
1151 20
1152 20
1153 20
1154 20
1155 20
1156 20
1157 20
1158 20
1159 20
1160 20
1161 20
1162 20
1163 20
1164 20
1165 20
1166 20
1167 20
1168 -1
1169 -1
1170 -1
1171 -1
1172 -1
1173 -1
1174 -1
1175 -1
1176 -1
1177 -1
1178 -1
1179 -1
1180 -1
1181 -1
1182 -1
1183 -1
1184 -1
1185 -1
1186 -1
1187 -1
1188 -1
1189 -1
1190 -1
1191 -1
1192 -1
1193 -1
1194 -1
1195 -1
1196 -1
1197 -1
1198 -1
1199 15
1200 15
1201 15
1202 15
1203 15
1204 15
1205 15
1206 15
1207 15
1208 15
1209 15
1210 15
1211 15
1212 15
1213 15
1214 15
1215 15
1216 15
1217 -1
1218 -1
1219 -1
1220 -1
1221 -1
1222 -1
1223 -1
1224 -1
1225 -1
1226 -1
1227 -1
1228 -1
1229 -1
1230 -1
1231 -1
1232 -1
1233 -1
1234 -1
1235 -1
1236 -1
1237 -1
1238 -1
1239 -1
1240 -1
1241 -1
1242 -1
1243 -1
1244 -1
1245 -1
1246 -1
1247 -1
1248 22
1249 -1
1250 22
1251 22
1252 22
1253 -1
1254 -1
1255 -1
1256 -1
1257 -1
1258 -1
1259 -1
1260 -1
1261 -1
1262 -1
1263 -1
1264 -1
1265 -1
1266 -1
1267 -1
1268 -1
1269 -1
1270 -1
1271 -1
1272 -1
1273 -1
1274 -1
1275 -1
1276 -1
1277 -1
1278 -1
1279 -1
1280 -1
1281 -1
1282 -1
1283 -1
1284 -1
1285 -1
1286 -1
1287 -1
1288 -1
1289 15
1290 15
1291 15
1292 15
1293 15
1294 15
1295 15
1296 15
1297 15
1298 15
1299 15
1300 15
1301 15
1302 15
1303 15
1304 15
1305 15
1306 -1
1307 15
1308 -1
1309 -1
1310 -1
1311 -1
1312 -1
1313 15
1314 15
1315 15
1316 15
1317 15
1318 15
1319 15
1320 15
1321 15
1322 15
1323 15
1324 15
1325 15
1326 15
1327 15
1328 15
1329 15
1330 15
1331 15
1332 15
1333 15
1334 15
1335 15
1336 -1
1337 15
1338 15
1339 15
1340 -1
1341 -1
1342 -1
1343 -1
1344 -1
1345 -1
1346 -1
1347 -1
1348 -1
1349 -1
1350 -1
1351 24
1352 24
1353 24
1354 24
1355 24
1356 24
1357 24
1358 24
1359 24
1360 24
1361 24
1362 24
1363 24
1364 24
1365 24
1366 24
1367 24
1368 24
1369 24
1370 24
1371 24
1372 24
1373 24
1374 24
1375 24
1376 24
1377 24
1378 24
1379 24
1380 24
1381 24
1382 24
1383 24
1384 24
1385 24
1386 -1
1387 -1
1388 -1
1389 -1
1390 -1
1391 -1
1392 -1
1393 25
1394 25
1395 25
1396 25
1397 25
1398 25
1399 25
1400 25
1401 25
1402 25
1403 25
1404 25
1405 25
1406 25
1407 25
1408 25
1409 25
1410 25
1411 25
1412 25
1413 25
1414 -1
1415 -1
1416 -1
1417 -1
1418 -1
1419 -1
1420 -1
1421 27
1422 -1
1423 -1
1424 -1
1425 -1
1426 -1
1427 -1
1428 -1
1429 -1
1430 -1
1431 -1
1432 -1
1433 -1
1434 -1
1435 -1
1436 -1
1437 26
1438 26
1439 26
1440 26
1441 26
1442 26
1443 26
1444 26
1445 26
1446 26
1447 26
1448 26
1449 26
1450 26
1451 26
1452 26
1453 26
1454 26
1455 26
1456 26
1457 26
1458 26
1459 26
1460 26
1461 26
1462 26
1463 26
1464 26
1465 26
1466 26
1467 26
1468 26
1469 26
1470 26
1471 26
1472 26
1473 -1
1474 -1
1475 -1
1476 -1
1477 -1
1478 -1
1479 -1
1480 -1
1481 27
1482 27
1483 27
1484 27
1485 27
1486 27
1487 27
1488 27
1489 27
1490 27
1491 27
1492 27
1493 27
1494 27
1495 27
1496 27
1497 27
1498 27
1499 27
1500 27
1501 27
1502 27
1503 27
1504 27
1505 27
1506 27
1507 27
1508 27
1509 27
1510 27
1511 27
1512 27
1513 27
1514 27
1515 27
1516 27
1517 27
1518 27
1519 27
1520 27
1521 27
1522 27
1523 27
1524 27
1525 27
1526 27
