2 -1
3 -1
4 -1
5 -1
6 -1
7 -1
8 -1
9 -1
10 -1
11 -1
12 -1
13 -1
14 -1
15 -1
16 -1
17 -1
18 -1
19 -1
20 -1
21 -1
22 0
23 -1
24 -1
25 -1
26 0
27 0
28 0
29 0
30 0
31 0
32 -1
33 -1
34 -1
35 -1
36 -1
37 -1
38 -1
39 -1
40 -1
41 -1
42 -1
43 -1
44 -1
45 -1
46 -1
47 -1
48 -1
49 -1
50 1
51 1
52 1
53 1
54 1
55 1
56 1
57 1
58 1
59 1
60 1
61 1
62 1
63 1
64 1
65 1
66 1
67 1
68 1
69 1
70 1
71 1
72 1
73 1
74 1
75 1
76 1
77 1
78 1
79 1
80 -1
81 -1
82 -1
83 -1
84 -1
85 -1
86 -1
87 2
88 2
89 2
90 2
91 2
92 2
93 2
94 2
95 2
96 2
97 2
98 2
99 2
100 2
101 2
102 2
103 2
104 2
105 2
106 2
107 2
108 2
109 2
110 2
111 2
112 2
113 2
114 2
115 2
116 2
117 -1
118 -1
119 -1
120 -1
121 -1
122 -1
123 -1
124 3
125 3
126 3
127 3
128 3
129 3
130 3
131 3
132 3
133 3
134 3
135 3
136 3
137 3
138 3
139 3
140 3
141 3
142 3
143 3
144 3
145 3
146 3
147 3
148 3
149 3
150 -1
151 -1
152 -1
153 -1
154 -1
155 -1
156 -1
157 -1
158 -1
159 4
160 4
161 4
162 4
163 4
164 4
165 4
166 4
167 4
168 4
169 4
170 4
171 4
172 4
173 4
174 4
175 4
176 4
177 4
178 4
179 4
180 4
181 4
182 4
183 -1
184 -1
185 -1
186 -1
187 -1
188 -1
189 -1
190 -1
191 -1
192 -1
193 -1
194 -1
195 -1
196 -1
197 -1
198 -1
199 -1
200 -1
201 -1
202 -1
203 -1
204 -1
205 -1
206 -1
207 -1
208 -1
209 -1
210 -1
211 -1
212 -1
213 -1
214 -1
215 -1
216 -1
217 -1
218 -1
219 -1
220 -1
221 -1
222 -1
223 -1
224 -1
225 -1
226 -1
227 -1
228 -1
229 -1
230 -1
231 -1
232 -1
233 -1
234 -1
235 -1
236 -1
237 -1
238 -1
239 -1
240 -1
241 -1
242 -1
243 -1
244 -1
245 -1
246 -1
247 -1
248 -1
249 -1
250 -1
251 -1
252 -1
253 -1
254 -1
255 -1
256 -1
257 -1
258 6
259 6
260 6
261 6
262 6
263 6
264 6
265 6
266 6
267 6
268 6
269 6
270 6
271 6
272 6
273 6
274 6
275 6
276 6
277 6
278 6
279 6
280 6
281 6
282 6
283 6
284 6
285 6
286 6
287 6
288 6
289 6
290 6
291 6
292 6
293 -1
294 -1
295 -1
296 -1
297 -1
298 -1
299 -1
300 -1
301 7
302 7
303 7
304 7
305 7
306 7
307 7
308 7
309 7
310 7
311 7
312 7
313 7
314 7
315 7
316 7
317 7
318 7
319 7
320 7
321 7
322 7
323 7
324 7
325 7
326 7
327 -1
328 -1
329 -1
330 -1
331 -1
332 -1
333 -1
334 8
335 8
336 8
337 8
338 8
339 8
340 8
341 8
342 8
343 8
344 8
345 8
346 8
347 8
348 8
349 8
350 8
351 8
352 8
353 8
354 8
355 8
356 8
357 8
358 8
359 8
360 -1
361 -1
362 -1
363 -1
364 -1
365 -1
366 -1
367 -1
368 -1
369 9
370 9
371 9
372 9
373 9
374 9
375 9
376 9
377 9
378 9
379 9
380 9
381 9
382 9
383 9
384 9
385 9
386 9
387 9
388 9
389 9
390 9
391 9
392 9
393 9
394 9
395 9
396 9
397 -1
398 -1
399 -1
400 -1
401 -1
402 -1
403 -1
404 10
405 10
406 10
407 10
408 10
409 10
410 10
411 10
412 10
413 10
414 10
415 10
416 10
417 10
418 10
419 10
420 10
421 10
422 10
423 10
424 10
425 10
426 10
427 10
428 10
429 10
430 -1
431 -1
432 -1
433 -1
434 -1
435 -1
436 -1
437 11
438 11
439 11
440 11
441 11
442 11
443 11
444 11
445 11
446 11
447 11
448 11
449 11
450 11
451 11
452 11
453 11
454 11
455 11
456 11
457 11
458 11
459 11
460 11
461 11
462 11
463 11
464 -1
465 -1
466 -1
467 -1
468 -1
469 -1
470 -1
471 -1
472 -1
473 -1
474 0
475 0
476 0
477 0
478 0
479 0
480 0
481 0
482 -1
483 -1
484 -1
485 -1
486 -1
487 -1
488 -1
489 12
490 12
491 12
492 12
493 12
494 12
495 12
496 12
497 12
498 12
499 12
500 12
501 12
502 -1
503 12
504 -1
505 12
506 -1
507 12
508 12
509 12
510 12
511 12
512 12
513 12
514 12
515 12
516 12
517 12
518 12
519 12
520 12
521 12
522 12
523 12
524 12
525 12
526 12
527 12
528 12
529 12
530 12
531 12
532 12
533 12
534 12
535 -1
536 -1
537 -1
538 -1
539 -1
540 -1
541 -1
542 13
543 13
544 13
545 13
546 13
547 13
548 13
549 13
550 13
551 13
552 13
553 13
554 13
555 13
556 13
557 13
558 13
559 13
560 13
561 13
562 13
563 13
564 13
565 13
566 13
567 13
568 13
569 13
570 13
571 13
572 13
573 13
574 -1
575 -1
576 -1
577 -1
578 -1
579 -1
580 -1
581 -1
582 -1
583 -1
584 -1
585 -1
586 14
587 14
588 14
589 14
590 14
591 14
592 14
593 14
594 14
595 14
596 14
597 14
598 14
599 14
600 14
601 14
602 14
603 14
604 14
605 14
606 14
607 14
608 14
609 14
610 14
611 14
612 14
613 14
614 14
615 14
616 14
617 14
618 14
619 14
620 14
621 14
622 14
623 14
624 14
625 14
626 14
627 14
628 14
629 14
630 14
631 14
632 14
633 14
634 14
635 14
636 14
637 14
638 14
639 14
640 14
641 14
642 14
643 14
644 14
645 14
646 14
647 14
648 14
649 14
650 14
651 14
652 14
653 14
654 14
655 14
656 14
657 14
658 14
659 14
660 14
661 14
662 14
663 14
664 14
665 -1
666 -1
667 -1
668 14
669 -1
670 14
671 -1
672 14
673 14
674 14
675 14
676 14
677 14
678 -1
679 14
680 -1
681 -1
682 -1
683 -1
684 -1
685 -1
686 -1
687 -1
688 -1
689 -1
690 -1
691 -1
692 -1
693 -1
694 -1
695 -1
696 -1
697 -1
698 -1
699 -1
700 -1
701 -1
702 -1
703 -1
704 -1
705 -1
706 -1
707 -1
708 -1
709 -1
710 -1
711 -1
712 -1
713 -1
714 -1
715 -1
716 -1
717 15
718 15
719 15
720 15
721 15
722 15
723 15
724 15
725 15
726 15
727 15
728 15
729 15
730 15
731 15
732 15
733 15
734 15
735 15
736 15
737 15
738 15
739 15
740 15
741 15
742 15
743 15
744 15
745 15
746 15
747 15
748 15
749 15
750 15
751 15
752 15
753 15
754 -1
755 15
756 15
757 15
758 15
759 15
760 15
761 15
762 15
763 15
764 15
765 15
766 15
767 15
768 15
769 15
770 15
771 15
772 15
773 15
774 15
775 15
776 15
777 15
778 15
779 15
780 15
781 15
782 15
783 15
784 15
785 15
786 15
787 15
788 15
789 15
790 15
791 15
792 15
793 15
794 15
795 -1
796 -1
797 -1
798 -1
799 -1
800 -1
801 -1
802 16
803 16
804 16
805 16
806 16
807 16
808 16
809 16
810 16
811 16
812 16
813 16
814 16
815 16
816 16
817 16
818 16
819 16
820 16
821 16
822 16
823 16
824 16
825 16
826 16
827 16
828 16
829 16
830 16
831 16
832 16
833 16
834 16
835 16
836 16
837 16
838 16
839 16
840 16
841 16
842 16
843 16
844 16
845 16
846 16
847 16
848 16
849 16
850 16
851 16
852 16
853 16
854 16
855 16
856 16
857 16
858 16
859 -1
860 -1
861 -1
862 -1
863 -1
864 -1
865 -1
866 -1
867 -1
868 -1
869 -1
870 17
871 17
872 17
873 17
874 17
875 17
876 17
877 17
878 17
879 17
880 17
881 17
882 17
883 17
884 17
885 17
886 17
887 17
888 17
889 17
890 17
891 17
892 17
893 17
894 17
895 17
896 17
897 17
898 17
899 17
900 17
901 17
902 17
903 17
904 17
905 17
906 17
907 -1
908 -1
909 -1
910 -1
911 -1
912 -1
913 -1
914 -1
915 -1
916 -1
917 -1
918 -1
919 -1
920 -1
921 -1
922 -1
923 -1
924 -1
925 -1
926 18
927 18
928 18
929 18
930 18
931 18
932 18
933 18
934 18
935 18
936 18
937 18
938 18
939 18
940 18
941 18
942 18
943 18
944 18
945 18
946 18
947 18
948 18
949 18
950 18
951 18
952 18
953 18
954 18
955 18
956 18
957 18
958 18
959 18
960 18
961 18
962 18
963 18
964 18
965 18
966 18
967 18
968 18
969 -1
970 18
971 -1
972 -1
973 -1
974 18
975 18
976 18
977 18
978 18
979 18
980 18
981 18
982 18
983 18
984 18
985 18
986 18
987 18
988 18
989 -1
990 18
991 18
992 18
993 18
994 18
995 18
996 18
997 18
998 18
999 18
1000 18
1001 18
1002 18
1003 18
1004 18
1005 18
1006 18
1007 18
1008 18
1009 18
1010 18
1011 18
1012 18
1013 18
1014 18
1015 18
1016 18
1017 18
1018 18
1019 18
1020 18
1021 18
1022 18
1023 18
1024 18
1025 18
1026 18
1027 18
1028 18
1029 -1
1030 -1
1031 -1
1032 -1
1033 -1
1034 -1
1035 -1
1036 -1
1037 -1
1038 -1
1039 -1
1040 -1
1041 -1
1042 -1
1043 -1
1044 -1
1045 -1
1046 -1
1047 -1
1048 -1
1049 -1
1050 -1
1051 -1
1052 -1
1053 -1
1054 -1
1055 -1
1056 -1
1057 -1
1058 -1
1059 -1
1060 -1
1061 -1
1062 27
1063 -1
1064 27
1065 27
1066 27
1067 27
1068 27
1069 27
1070 27
1071 27
1072 27
1073 27
1074 27
1075 27
1076 27
1077 27
1078 27
1079 27
1080 27
1081 27
1082 27
1083 27
1084 27
1085 27
1086 27
1087 27
1088 27
1089 27
1090 27
1091 27
1092 27
1093 -1
1094 27
1095 27
1096 27
1097 27
1098 27
1099 27
1100 27
1101 27
1102 27
1103 27
1104 27
1105 27
1106 27
1107 27
1108 27
1109 27
1110 27
1111 27
1112 -1
1113 27
1114 27
1115 27
1116 27
1117 27
1118 -1
1119 -1
1120 -1
1121 -1
1122 -1
1123 -1
1124 -1
1125 -1
1126 -1
1127 19
1128 19
1129 19
1130 19
1131 19
1132 19
1133 19
1134 19
1135 19
1136 19
1137 19
1138 19
1139 19
1140 19
1141 19
1142 19
1143 19
1144 19
1145 19
1146 19
1147 19
1148 19
1149 19
1150 19
1151 19
1152 19
1153 19
1154 19
1155 19
1156 19
1157 19
1158 19
1159 19
1160 19
1161 19
1162 -1
1163 -1
1164 -1
1165 -1
1166 -1
1167 -1
1168 -1
1169 20
1170 20
1171 20
1172 20
1173 20
1174 20
1175 20
1176 20
1177 20
1178 20
1179 20
1180 20
1181 20
1182 20
1183 20
1184 20
1185 20
1186 20
1187 20
1188 20
1189 20
1190 20
1191 20
1192 20
1193 20
1194 20
1195 20
1196 20
1197 20
1198 20
1199 20
1200 20
1201 20
1202 20
1203 20
1204 20
1205 20
1206 20
1207 20
1208 20
1209 20
1210 20
1211 20
1212 20
1213 20
1214 20
1215 20
1216 20
1217 20
1218 20
1219 20
1220 20
1221 20
1222 20
1223 20
1224 20
1225 20
1226 20
1227 20
1228 20
1229 20
1230 20
1231 20
1232 20
1233 20
1234 20
1235 20
1236 20
1237 20
1238 20
1239 20
1240 20
1241 20
1242 20
1243 20
1244 20
1245 20
1246 20
1247 20
1248 20
1249 20
1250 20
1251 20
1252 20
1253 20
1254 20
1255 20
1256 20
1257 20
1258 20
1259 20
1260 20
1261 20
1262 20
1263 20
1264 20
1265 20
1266 20
1267 20
1268 20
1269 20
1270 20
1271 20
1272 -1
1273 -1
1274 -1
1275 -1
1276 -1
1277 -1
1278 -1
1279 -1
1280 -1
1281 -1
1282 -1
1283 -1
1284 -1
1285 -1
1286 21
1287 21
1288 21
1289 21
1290 21
1291 21
1292 21
1293 21
1294 21
1295 21
1296 21
1297 21
1298 21
1299 21
1300 21
1301 21
1302 21
1303 21
1304 21
1305 21
1306 21
1307 21
1308 21
1309 21
1310 21
1311 21
1312 21
1313 21
1314 -1
1315 -1
1316 -1
1317 -1
1318 -1
1319 -1
1320 -1
1321 22
1322 22
1323 22
1324 22
1325 22
1326 22
1327 22
1328 22
1329 22
1330 22
1331 22
1332 22
1333 22
1334 22
1335 22
1336 22
1337 22
1338 22
1339 22
1340 22
1341 22
1342 22
1343 22
1344 22
1345 22
1346 22
1347 22
1348 22
1349 22
1350 22
1351 22
1352 -1
1353 -1
1354 -1
1355 -1
1356 -1
1357 -1
1358 -1
1359 -1
1360 -1
1361 -1
1362 -1
1363 -1
1364 23
1365 -1
1366 23
1367 -1
1368 23
1369 23
1370 23
1371 23
1372 23
1373 23
1374 23
1375 23
1376 23
1377 23
1378 23
1379 23
1380 23
1381 23
1382 23
1383 23
1384 23
1385 23
1386 23
1387 23
1388 23
1389 23
1390 23
1391 23
1392 -1
1393 23
1394 -1
1395 -1
1396 -1
1397 -1
1398 -1
1399 -1
1400 -1
1401 -1
1402 -1
1403 -1
1404 -1
1405 -1
1406 -1
1407 -1
1408 -1
1409 -1
1410 -1
1411 -1
1412 -1
1413 26
1414 26
1415 26
1416 -1
1417 26
1418 26
1419 26
1420 -1
1421 -1
1422 -1
1423 -1
1424 -1
1425 -1
1426 -1
1427 24
1428 24
1429 24
1430 24
1431 24
1432 24
1433 24
1434 24
1435 24
1436 24
1437 24
1438 24
1439 24
1440 24
1441 24
1442 24
1443 24
1444 24
1445 24
1446 24
1447 24
1448 24
1449 24
1450 24
1451 24
1452 24
1453 24
1454 24
1455 24
1456 24
1457 24
1458 24
1459 24
1460 24
1461 -1
1462 -1
1463 -1
1464 -1
1465 -1
1466 -1
1467 -1
1468 25
1469 25
1470 25
1471 25
1472 25
1473 25
1474 25
1475 25
1476 25
1477 25
1478 25
1479 25
1480 25
1481 25
1482 25
1483 25
1484 25
1485 25
1486 25
1487 25
1488 25
1489 25
1490 25
1491 25
1492 25
1493 25
1494 25
1495 25
1496 25
1497 25
1498 25
1499 25
1500 -1
1501 -1
1502 -1
1503 -1
1504 -1
1505 -1
1506 -1
1507 24
1508 24
1509 24
1510 24
1511 24
1512 -1
1513 -1
1514 -1
1515 -1
1516 -1
1517 -1
1518 -1
1519 -1
1520 -1
1521 26
1522 26
1523 26
1524 26
1525 26
1526 26
1527 26
1528 26
1529 26
1530 26
1531 26
1532 26
1533 26
1534 26
1535 26
1536 26
1537 26
1538 26
1539 26
1540 26
1541 26
1542 26
1543 26
1544 26
1545 26
1546 26
1547 26
1548 26
1549 26
1550 26
1551 26
1552 26
1553 26
1554 26
1555 26
1556 26
1557 26
1558 26
1559 26
1560 26
1561 -1
1562 -1
1563 -1
1564 -1
1565 -1
1566 -1
1567 -1
1568 -1
1569 -1
1570 -1
1571 -1
1572 27
1573 27
1574 27
1575 27
1576 27
1577 27
1578 27
1579 27
1580 -1
1581 27
1582 27
1583 27
1584 27
1585 27
1586 27
1587 27
1588 -1
1589 -1
1590 -1
1591 -1
1592 -1
1593 -1
1594 -1
1595 -1
1596 -1
1597 18
1598 18
1599 18
1600 18
1601 18
1602 18
1603 18
1604 -1
1605 18
1606 18
1607 18
1608 18
1609 18
1610 18
1611 18
1612 18
1613 18
1614 -1
1615 18
1616 -1
1617 -1
