2 -1
3 -1
4 -1
5 -1
6 -1
7 -1
8 -1
9 -1
10 0
11 0
12 0
13 0
14 0
15 0
16 0
17 0
18 0
19 0
20 0
21 0
22 0
23 0
24 0
25 0
26 0
27 0
28 0
29 0
30 0
31 0
32 0
33 0
34 0
35 0
36 0
37 0
38 0
39 0
40 0
41 0
42 0
43 0
44 0
45 0
46 0
47 0
48 0
49 0
50 0
51 0
52 0
53 0
54 0
55 0
56 0
57 -1
58 -1
59 -1
60 -1
61 -1
62 -1
63 -1
64 1
65 1
66 1
67 1
68 1
69 1
70 1
71 1
72 1
73 1
74 1
75 1
76 1
77 1
78 1
79 1
80 1
81 1
82 1
83 1
84 1
85 1
86 -1
87 -1
88 -1
89 -1
90 -1
91 -1
92 -1
93 -1
94 -1
95 -1
96 2
97 2
98 2
99 2
100 2
101 2
102 2
103 2
104 2
105 2
106 2
107 2
108 2
109 2
110 2
111 2
112 2
113 2
114 2
115 2
116 2
117 2
118 2
119 2
120 2
121 2
122 2
123 2
124 2
125 2
126 2
127 2
128 2
129 2
130 2
131 2
132 2
133 -1
134 -1
135 -1
136 -1
137 -1
138 -1
139 -1
140 3
141 3
142 3
143 3
144 3
145 3
146 3
147 3
148 3
149 3
150 3
151 3
152 3
153 3
154 3
155 3
156 3
157 3
158 3
159 3
160 3
161 3
162 3
163 3
164 3
165 3
166 3
167 3
168 3
169 3
170 3
171 -1
172 -1
173 -1
174 -1
175 -1
176 -1
177 -1
178 -1
179 -1
180 4
181 4
182 4
183 -1
184 -1
185 -1
186 -1
187 -1
188 -1
189 -1
190 18
191 18
192 18
193 -1
194 -1
195 -1
196 -1
197 -1
198 -1
199 -1
200 -1
201 -1
202 -1
203 -1
204 -1
205 -1
206 -1
207 -1
208 -1
209 -1
210 5
211 5
212 5
213 5
214 5
215 5
216 5
217 5
218 5
219 5
220 5
221 5
222 5
223 5
224 5
225 5
226 5
227 5
228 5
229 5
230 5
231 5
232 5
233 5
234 5
235 5
236 5
237 5
238 5
239 -1
240 -1
241 -1
242 -1
243 -1
244 -1
245 -1
246 -1
247 -1
248 -1
249 -1
250 -1
251 -1
252 -1
253 -1
254 -1
255 -1
256 -1
257 -1
258 -1
259 -1
260 -1
261 -1
262 -1
263 -1
264 -1
265 -1
266 -1
267 -1
268 -1
269 -1
270 -1
271 -1
272 -1
273 -1
274 -1
275 -1
276 -1
277 -1
278 -1
279 -1
280 -1
281 -1
282 -1
283 -1
284 16
285 -1
286 -1
287 -1
288 -1
289 -1
290 16
291 -1
292 -1
293 -1
294 -1
295 -1
296 -1
297 -1
298 -1
299 -1
300 -1
301 -1
302 -1
303 -1
304 -1
305 -1
306 -1
307 -1
308 -1
309 -1
310 6
311 -1
312 -1
313 -1
314 -1
315 -1
316 -1
317 -1
318 -1
319 -1
320 -1
321 -1
322 -1
323 -1
324 -1
325 -1
326 -1
327 -1
328 -1
329 -1
330 -1
331 -1
332 -1
333 -1
334 -1
335 -1
336 -1
337 -1
338 -1
339 7
340 7
341 7
342 7
343 7
344 7
345 7
346 7
347 7
348 7
349 7
350 7
351 7
352 7
353 7
354 7
355 7
356 7
357 -1
358 -1
359 -1
360 -1
361 -1
362 -1
363 -1
364 8
365 8
366 8
367 8
368 8
369 8
370 8
371 8
372 8
373 8
374 8
375 -1
376 8
377 8
378 8
379 8
380 8
381 8
382 8
383 8
384 8
385 -1
386 -1
387 -1
388 -1
389 -1
390 -1
391 -1
392 -1
393 -1
394 -1
395 -1
396 -1
397 -1
398 -1
399 -1
400 -1
401 -1
402 -1
403 0
404 0
405 0
406 0
407 0
408 0
409 0
410 0
411 0
412 0
413 0
414 0
415 0
416 0
417 0
418 0
419 0
420 0
421 0
422 -1
423 -1
424 -1
425 -1
426 -1
427 -1
428 -1
429 -1
430 -1
431 -1
432 -1
433 -1
434 -1
435 -1
436 -1
437 -1
438 -1
439 -1
440 -1
441 -1
442 -1
443 -1
444 -1
445 3
446 3
447 3
448 3
449 3
450 3
451 3
452 3
453 -1
454 -1
455 -1
456 -1
457 -1
458 -1
459 -1
460 18
461 18
462 18
463 -1
464 -1
465 -1
466 -1
467 -1
468 -1
469 -1
470 -1
471 -1
472 -1
473 -1
474 -1
475 -1
476 -1
477 -1
478 -1
479 -1
480 -1
481 -1
482 -1
483 -1
484 -1
485 -1
486 -1
487 -1
488 -1
489 -1
490 -1
491 -1
492 -1
493 -1
494 -1
495 -1
496 -1
497 -1
498 -1
499 -1
500 -1
501 -1
502 11
503 11
504 11
505 11
506 11
507 11
508 11
509 11
510 11
511 11
512 11
513 -1
514 11
515 -1
516 -1
517 -1
518 -1
519 -1
520 -1
521 -1
522 -1
523 -1
524 -1
525 -1
526 -1
527 -1
528 -1
529 0
530 0
531 0
532 0
533 0
534 -1
535 0
536 0
537 0
538 -1
539 -1
540 -1
541 -1
542 -1
543 -1
544 -1
545 -1
546 -1
547 -1
548 -1
549 -1
550 -1
551 -1
552 -1
553 -1
554 -1
555 -1
556 -1
557 -1
558 12
559 12
560 12
561 12
562 12
563 12
564 12
565 12
566 12
567 12
568 12
569 12
570 12
571 -1
572 -1
573 -1
574 -1
575 -1
576 -1
577 -1
578 -1
579 -1
580 13
581 13
582 13
583 -1
584 -1
585 -1
586 -1
587 -1
588 -1
589 -1
590 -1
591 -1
592 -1
593 -1
594 -1
595 -1
596 -1
597 -1
598 -1
599 -1
600 -1
601 -1
602 -1
603 -1
604 -1
605 -1
606 -1
607 -1
608 -1
609 -1
610 -1
611 -1
612 -1
613 -1
614 -1
615 -1
616 -1
617 -1
618 -1
619 -1
620 -1
621 -1
622 -1
623 -1
624 -1
625 -1
626 -1
627 -1
628 14
629 14
630 14
631 14
632 14
633 14
634 14
635 14
636 14
637 14
638 14
639 14
640 14
641 14
642 14
643 14
644 14
645 14
646 14
647 14
648 14
649 14
650 14
651 14
652 14
653 14
654 14
655 14
656 14
657 14
658 14
659 14
660 14
661 14
662 14
663 -1
664 -1
665 -1
666 -1
667 -1
668 -1
669 -1
670 15
671 15
672 15
673 15
674 15
675 15
676 15
677 15
678 15
679 15
680 15
681 15
682 15
683 15
684 15
685 15
686 15
687 15
688 15
689 15
690 15
691 15
692 15
693 15
694 15
695 15
696 15
697 15
698 -1
699 -1
700 -1
701 -1
702 -1
703 -1
704 -1
705 -1
706 -1
707 -1
708 -1
709 -1
710 -1
711 -1
712 -1
713 -1
714 -1
715 -1
716 -1
717 -1
718 -1
719 -1
720 16
721 16
722 16
723 16
724 16
725 16
726 16
727 16
728 16
729 16
730 16
731 16
732 16
733 16
734 16
735 16
736 16
737 16
738 -1
739 -1
740 -1
741 -1
742 -1
743 -1
744 -1
745 17
746 17
747 17
748 17
749 17
750 17
751 17
752 17
753 17
754 17
755 17
756 17
757 17
758 17
759 17
760 17
761 17
762 17
763 17
764 17
765 17
766 17
767 17
768 17
769 17
770 17
771 17
772 17
773 17
774 -1
775 -1
776 -1
777 -1
778 -1
779 -1
780 -1
781 -1
782 -1
783 18
784 18
785 18
786 18
787 18
788 18
789 18
790 18
791 18
792 -1
793 -1
794 -1
795 -1
796 -1
797 -1
798 -1
799 -1
800 -1
801 -1
802 -1
803 -1
804 -1
805 -1
806 -1
807 -1
808 -1
809 -1
810 -1
811 -1
812 -1
813 -1
814 -1
815 -1
816 18
817 18
818 18
819 18
820 18
821 18
822 18
823 18
824 18
825 18
826 18
827 18
828 18
829 18
830 18
831 18
832 18
833 18
834 18
835 18
836 18
837 18
838 18
839 18
840 18
841 18
842 18
843 18
844 18
845 18
846 18
847 18
848 18
849 18
850 18
851 18
852 18
853 18
854 18
855 18
856 18
857 18
858 18
859 18
860 -1
861 -1
862 -1
863 -1
864 -1
865 -1
866 -1
867 -1
868 -1
869 19
870 19
871 19
872 19
873 19
874 19
875 19
876 19
877 19
878 19
879 19
880 19
881 19
882 19
883 19
884 19
885 19
886 19
887 19
888 19
889 19
890 -1
891 -1
892 -1
893 -1
894 -1
895 -1
896 -1
897 -1
898 -1
899 -1
900 -1
901 -1
902 -1
903 -1
904 -1
905 -1
906 -1
907 -1
908 -1
909 -1
910 -1
911 -1
912 -1
913 -1
914 -1
915 -1
916 -1
917 -1
918 -1
919 20
920 20
921 20
922 20
923 20
924 20
925 20
926 20
927 20
928 20
929 20
930 20
931 20
932 20
933 20
934 20
935 20
936 20
937 20
938 20
939 20
940 20
941 20
942 20
943 20
944 20
945 -1
946 -1
947 -1
948 -1
949 -1
950 -1
951 -1
952 -1
953 -1
954 -1
955 -1
956 21
957 21
958 21
959 21
960 21
961 21
962 21
963 21
964 21
965 21
966 21
967 21
968 21
969 21
970 21
971 21
972 21
973 21
974 -1
975 21
976 21
977 21
978 21
979 21
980 21
981 21
982 21
983 21
984 -1
985 21
986 -1
987 -1
988 -1
989 -1
990 -1
991 -1
992 -1
993 22
994 22
995 22
996 22
997 22
998 22
999 22
1000 22
1001 22
1002 22
1003 22
1004 22
1005 22
1006 22
1007 22
1008 22
1009 22
1010 22
1011 22
1012 22
1013 22
1014 22
1015 22
1016 22
1017 -1
1018 -1
1019 -1
1020 -1
1021 -1
1022 -1
1023 -1
1024 -1
1025 -1
1026 23
1027 23
1028 23
1029 23
1030 23
1031 23
1032 23
1033 23
1034 23
1035 23
1036 23
1037 23
1038 23
1039 23
1040 23
1041 23
1042 23
1043 23
1044 23
1045 23
1046 23
1047 23
1048 -1
1049 -1
1050 -1
1051 -1
1052 -1
1053 -1
1054 -1
1055 -1
1056 -1
1057 -1
1058 -1
1059 -1
1060 -1
1061 -1
1062 -1
1063 -1
1064 -1
1065 -1
1066 24
1067 24
1068 24
1069 24
1070 24
1071 24
1072 24
1073 24
1074 -1
1075 -1
1076 -1
1077 -1
1078 -1
1079 24
1080 24
1081 24
1082 24
1083 24
1084 24
1085 24
1086 24
1087 24
1088 24
1089 24
1090 24
1091 24
1092 24
1093 24
1094 -1
1095 24
1096 24
1097 24
1098 24
1099 24
1100 24
1101 24
1102 24
1103 -1
1104 -1
1105 -1
1106 24
1107 24
1108 24
1109 -1
1110 -1
1111 -1
1112 -1
1113 -1
1114 -1
1115 -1
1116 -1
1117 -1
1118 25
1119 25
1120 25
1121 25
1122 25
1123 25
1124 25
1125 25
1126 25
1127 25
1128 25
1129 -1
1130 25
1131 25
1132 25
1133 25
1134 25
1135 -1
1136 -1
1137 -1
1138 -1
1139 -1
1140 -1
1141 -1
1142 -1
1143 -1
1144 -1
1145 -1
1146 -1
1147 -1
1148 26
1149 26
1150 26
1151 26
1152 26
1153 26
1154 26
1155 26
1156 26
1157 26
1158 26
1159 26
1160 26
1161 26
1162 26
1163 -1
1164 -1
1165 -1
1166 -1
1167 -1
1168 -1
1169 -1
1170 27
1171 27
1172 27
1173 -1
1174 -1
1175 -1
1176 -1
1177 -1
1178 -1
1179 -1
1180 -1
1181 -1
1182 -1
1183 -1
1184 -1
1185 -1
1186 -1
1187 -1
1188 -1
1189 -1
1190 27
1191 27
1192 27
1193 -1
1194 -1
1195 -1
1196 -1
1197 -1
1198 -1
1199 -1
