2 -1
3 -1
4 -1
5 -1
6 -1
7 -1
8 -1
9 -1
10 0
11 0
12 0
13 0
14 0
15 0
16 0
17 0
18 0
19 0
20 0
21 0
22 0
23 0
24 0
25 0
26 0
27 0
28 0
29 0
30 0
31 0
32 0
33 0
34 0
35 0
36 0
37 0
38 0
39 0
40 0
41 0
42 0
43 0
44 0
45 0
46 0
47 0
48 0
49 0
50 0
51 0
52 0
53 0
54 -1
55 -1
56 -1
57 -1
58 -1
59 -1
60 -1
61 -1
62 -1
63 1
64 1
65 1
66 1
67 1
68 1
69 1
70 1
71 1
72 1
73 1
74 1
75 1
76 1
77 1
78 1
79 1
80 1
81 1
82 1
83 1
84 1
85 1
86 1
87 -1
88 1
89 -1
90 -1
91 -1
92 -1
93 -1
94 -1
95 -1
96 -1
97 -1
98 -1
99 -1
100 -1
101 -1
102 -1
103 -1
104 2
105 2
106 2
107 2
108 2
109 2
110 2
111 2
112 2
113 2
114 2
115 2
116 -1
117 2
118 2
119 2
120 2
121 2
122 2
123 2
124 2
125 2
126 2
127 2
128 2
129 2
130 2
131 -1
132 2
133 -1
134 2
135 2
136 2
137 2
138 2
139 2
140 2
141 2
142 2
143 2
144 2
145 2
146 2
147 2
148 2
149 2
150 2
151 2
152 2
153 2
154 2
155 2
156 -1
157 -1
158 -1
159 -1
160 -1
161 -1
162 -1
163 -1
164 -1
165 -1
166 -1
167 -1
168 -1
169 -1
170 -1
171 -1
172 -1
173 -1
174 -1
175 -1
176 -1
177 -1
178 -1
179 2
180 2
181 2
182 2
183 2
184 2
185 -1
186 -1
187 -1
188 -1
189 -1
190 -1
191 -1
192 -1
193 -1
194 -1
195 -1
196 -1
197 -1
198 -1
199 -1
200 2
201 2
202 2
203 2
204 2
205 2
206 2
207 2
208 2
209 2
210 -1
211 -1
212 -1
213 -1
214 -1
215 -1
216 -1
217 -1
218 -1
219 -1
220 -1
221 -1
222 -1
223 -1
224 -1
225 -1
226 -1
227 -1
228 -1
229 -1
230 -1
231 3
232 -1
233 3
234 3
235 3
236 3
237 3
238 3
239 -1
240 -1
241 -1
242 -1
243 -1
244 -1
245 -1
246 -1
247 -1
248 -1
249 -1
250 -1
251 -1
252 -1
253 -1
254 -1
255 -1
256 3
257 3
258 3
259 3
260 3
261 -1
262 3
263 3
264 3
265 3
266 3
267 3
268 3
269 3
270 3
271 3
272 -1
273 -1
274 -1
275 -1
276 -1
277 -1
278 -1
279 -1
280 -1
281 -1
282 -1
283 -1
284 -1
285 -1
286 -1
287 2
288 2
289 2
290 2
291 2
292 2
293 2
294 -1
295 -1
296 -1
297 2
298 2
299 2
300 2
301 2
302 2
303 2
304 2
305 2
306 2
307 2
308 2
309 2
310 2
311 2
312 2
313 2
314 2
315 2
316 2
317 2
318 2
319 2
320 2
321 2
322 2
323 -1
324 -1
325 -1
326 -1
327 -1
328 2
329 2
330 2
331 2
332 2
333 2
334 2
335 2
336 2
337 2
338 2
339 2
340 2
341 2
342 2
343 2
344 2
345 2
346 2
347 2
348 2
349 2
350 2
351 2
352 2
353 2
354 2
355 2
356 2
357 2
358 2
359 2
360 2
361 2
362 2
363 2
364 2
365 2
366 2
367 2
368 2
369 2
370 2
371 2
372 2
373 2
374 2
375 2
376 2
377 2
378 2
379 2
380 2
381 -1
382 -1
383 -1
384 -1
385 -1
386 -1
387 -1
388 -1
389 -1
390 -1
391 -1
392 -1
393 -1
394 -1
395 -1
396 -1
397 -1
398 -1
399 -1
400 -1
401 -1
402 -1
403 -1
404 -1
405 -1
406 -1
407 -1
408 -1
409 -1
410 -1
411 -1
412 -1
413 -1
414 -1
415 -1
416 -1
417 -1
418 4
419 -1
420 4
421 4
422 4
423 4
424 4
425 4
426 4
427 -1
428 -1
429 -1
430 -1
431 -1
432 -1
433 -1
434 -1
435 -1
436 -1
437 -1
438 -1
439 -1
440 -1
441 -1
442 -1
443 -1
444 -1
445 -1
446 -1
447 -1
448 -1
449 -1
450 -1
451 -1
452 -1
453 -1
454 -1
455 -1
456 -1
457 -1
458 -1
459 -1
460 -1
461 -1
462 -1
463 -1
464 -1
465 -1
466 -1
467 5
468 5
469 5
470 5
471 5
472 5
473 5
474 5
475 5
476 5
477 5
478 5
479 5
480 5
481 5
482 5
483 5
484 5
485 5
486 5
487 5
488 5
489 5
490 5
491 5
492 5
493 5
494 5
495 5
496 5
497 5
498 5
499 5
500 5
501 5
502 5
503 -1
504 -1
505 -1
506 -1
507 -1
508 -1
509 -1
510 -1
511 -1
512 -1
513 -1
514 -1
515 -1
516 -1
517 -1
518 -1
519 -1
520 -1
521 -1
522 -1
523 -1
524 -1
525 -1
526 -1
527 -1
528 -1
529 -1
530 -1
531 -1
532 -1
533 -1
534 -1
535 -1
536 -1
537 -1
538 -1
539 -1
540 -1
541 -1
542 -1
543 -1
544 -1
545 -1
546 -1
547 -1
548 -1
549 -1
550 -1
551 -1
552 -1
553 -1
554 -1
555 -1
556 -1
557 -1
558 -1
559 -1
560 -1
561 -1
562 -1
563 -1
564 -1
565 -1
566 -1
567 -1
568 -1
569 -1
570 -1
571 -1
572 7
573 7
574 7
575 7
576 7
577 7
578 7
579 7
580 7
581 7
582 7
583 7
584 7
585 7
586 7
587 7
588 7
589 7
590 7
591 7
592 7
593 7
594 -1
595 -1
596 -1
597 -1
598 -1
599 -1
600 -1
601 -1
602 -1
603 8
604 8
605 8
606 8
607 8
608 8
609 8
610 8
611 8
612 8
613 8
614 8
615 8
616 8
617 8
618 8
619 8
620 8
621 8
622 8
623 8
624 8
625 8
626 8
627 8
628 -1
629 -1
630 -1
631 -1
632 -1
633 -1
634 -1
635 -1
636 -1
637 -1
638 -1
639 -1
640 -1
641 -1
642 -1
643 -1
644 -1
645 -1
646 -1
647 9
648 9
649 9
650 9
651 9
652 9
653 9
654 9
655 9
656 9
657 9
658 9
659 9
660 9
661 9
662 9
663 9
664 9
665 9
666 9
667 9
668 9
669 9
670 9
671 9
672 9
673 9
674 9
675 9
676 9
677 9
678 9
679 -1
680 -1
681 -1
682 -1
683 -1
684 -1
685 -1
686 -1
687 -1
688 -1
689 -1
690 3
691 -1
692 -1
693 -1
694 -1
695 -1
696 -1
697 -1
698 -1
699 -1
700 -1
701 -1
702 -1
703 -1
704 -1
705 -1
706 -1
707 10
708 10
709 10
710 10
711 10
712 10
713 10
714 10
715 10
716 10
717 10
718 10
719 10
720 10
721 10
722 10
723 10
724 10
725 10
726 10
727 10
728 10
729 10
730 -1
731 -1
732 -1
733 10
734 -1
735 -1
736 -1
737 -1
738 -1
739 -1
740 -1
741 -1
742 -1
743 11
744 11
745 11
746 11
747 11
748 11
749 11
750 11
751 11
752 11
753 11
754 11
755 -1
756 11
757 11
758 11
759 11
760 11
761 11
762 11
763 11
764 11
765 -1
766 11
767 11
768 11
769 11
770 11
771 11
772 11
773 11
774 11
775 11
776 11
777 11
778 11
779 -1
780 -1
781 -1
782 -1
783 -1
784 -1
785 -1
786 -1
787 -1
788 -1
789 0
790 0
791 0
792 0
793 0
794 0
795 0
796 0
797 0
798 0
799 0
800 0
801 0
802 0
803 0
804 0
805 0
806 0
807 0
808 0
809 0
810 0
811 0
812 0
813 0
814 0
815 0
816 0
817 0
818 0
819 0
820 0
821 0
822 0
823 0
824 0
825 0
826 0
827 0
828 0
829 0
830 0
831 0
832 0
833 0
834 0
835 0
836 0
837 0
838 0
839 0
840 0
841 0
842 0
843 0
844 0
845 0
846 0
847 -1
848 -1
849 -1
850 -1
851 -1
852 -1
853 -1
854 -1
855 12
856 12
857 12
858 12
859 12
860 12
861 12
862 12
863 12
864 12
865 12
866 12
867 12
868 12
869 12
870 12
871 12
872 12
873 12
874 12
875 12
876 12
877 12
878 12
879 12
880 12
881 12
882 12
883 12
884 12
885 12
886 12
887 12
888 12
889 12
890 12
891 12
892 12
893 12
894 12
895 12
896 12
897 12
898 12
899 12
900 12
901 12
902 12
903 12
904 12
905 12
906 12
907 -1
908 -1
909 -1
910 -1
911 -1
912 -1
913 -1
914 13
915 13
916 13
917 13
918 13
919 13
920 13
921 13
922 13
923 13
924 13
925 13
926 13
927 13
928 13
929 13
930 13
931 13
932 13
933 -1
934 -1
935 -1
936 -1
937 -1
938 -1
939 -1
940 -1
941 -1
942 -1
943 -1
944 -1
945 -1
946 -1
947 -1
948 -1
949 14
950 14
951 14
952 14
953 14
954 14
955 14
956 14
957 14
958 14
959 14
960 14
961 14
962 14
963 14
964 14
965 14
966 14
967 14
968 14
969 14
970 14
971 14
972 -1
973 -1
974 -1
975 -1
976 -1
977 -1
978 -1
979 15
980 15
981 15
982 15
983 15
984 15
985 15
986 15
987 15
988 15
989 15
990 15
991 15
992 15
993 15
994 15
995 15
996 15
997 15
998 15
999 15
1000 15
1001 15
1002 15
1003 15
1004 15
1005 15
1006 15
1007 15
1008 15
1009 -1
1010 -1
1011 -1
1012 -1
1013 -1
1014 -1
1015 -1
1016 -1
1017 -1
1018 -1
1019 -1
1020 -1
1021 16
1022 16
1023 16
1024 16
1025 -1
1026 -1
1027 -1
1028 16
1029 16
1030 16
1031 16
1032 16
1033 16
1034 16
1035 16
1036 16
1037 16
1038 16
1039 16
1040 16
1041 16
1042 -1
1043 16
1044 16
1045 16
1046 16
1047 16
1048 16
1049 16
1050 16
1051 16
1052 -1
1053 16
1054 -1
1055 16
1056 -1
1057 -1
1058 -1
1059 -1
1060 -1
1061 -1
1062 -1
1063 -1
1064 -1
1065 -1
1066 -1
1067 -1
1068 -1
1069 -1
1070 -1
1071 -1
1072 -1
1073 -1
1074 -1
1075 -1
1076 -1
1077 -1
1078 -1
1079 -1
1080 -1
1081 -1
1082 -1
1083 -1
1084 -1
1085 -1
1086 -1
1087 -1
1088 -1
1089 -1
1090 -1
1091 -1
1092 -1
1093 -1
1094 -1
1095 -1
1096 -1
1097 -1
1098 -1
1099 -1
1100 -1
1101 -1
1102 -1
1103 -1
1104 -1
1105 -1
1106 -1
1107 -1
1108 -1
1109 22
1110 22
1111 22
1112 22
1113 22
1114 22
1115 22
1116 22
1117 22
1118 22
1119 22
1120 22
1121 -1
1122 -1
1123 -1
1124 -1
1125 -1
1126 -1
1127 -1
1128 17
1129 17
1130 17
1131 17
1132 17
1133 17
1134 17
1135 17
1136 17
1137 17
1138 17
1139 17
1140 17
1141 17
1142 17
1143 17
1144 17
1145 17
1146 17
1147 17
1148 17
1149 17
1150 17
1151 17
1152 17
1153 17
1154 17
1155 17
1156 17
1157 17
1158 17
1159 17
1160 17
1161 17
1162 17
1163 17
1164 17
1165 17
1166 17
1167 17
1168 17
1169 17
1170 17
1171 17
1172 17
1173 17
1174 17
1175 17
1176 17
1177 17
1178 17
1179 17
1180 17
1181 17
1182 17
1183 17
1184 17
1185 17
1186 17
1187 17
1188 17
1189 17
1190 17
1191 17
1192 17
1193 17
1194 17
1195 17
1196 -1
1197 -1
1198 -1
1199 -1
1200 -1
1201 -1
1202 -1
1203 -1
1204 -1
1205 -1
1206 -1
1207 -1
1208 -1
1209 -1
1210 -1
1211 -1
1212 -1
1213 -1
1214 -1
1215 -1
1216 -1
1217 -1
1218 -1
1219 -1
1220 -1
1221 -1
1222 -1
1223 -1
1224 -1
1225 -1
1226 18
1227 18
1228 18
1229 18
1230 18
1231 18
1232 18
1233 18
1234 18
1235 18
1236 18
1237 18
1238 18
1239 18
1240 18
1241 18
1242 18
1243 18
1244 18
1245 18
1246 18
1247 18
1248 18
1249 18
1250 18
1251 18
1252 18
1253 18
1254 18
1255 18
1256 18
1257 18
1258 18
1259 18
1260 18
1261 18
1262 18
1263 18
1264 18
1265 18
1266 18
1267 18
1268 18
1269 18
1270 18
1271 18
1272 18
1273 18
1274 18
1275 18
1276 18
1277 18
1278 18
1279 18
1280 18
1281 18
1282 18
1283 18
1284 18
1285 18
1286 18
1287 18
1288 18
1289 18
1290 18
1291 18
1292 18
1293 18
1294 18
1295 18
1296 18
1297 -1
1298 -1
1299 -1
1300 -1
1301 -1
1302 -1
1303 -1
1304 -1
1305 19
1306 19
1307 19
1308 19
1309 19
1310 19
1311 19
1312 19
1313 19
1314 19
1315 19
1316 19
1317 19
1318 19
1319 19
1320 19
1321 19
1322 19
1323 19
1324 19
1325 19
1326 19
1327 19
1328 19
1329 19
1330 19
1331 19
1332 -1
1333 -1
1334 -1
1335 -1
1336 -1
1337 -1
1338 -1
1339 20
1340 -1
1341 -1
1342 -1
1343 -1
1344 -1
1345 -1
1346 -1
1347 -1
1348 -1
1349 -1
1350 -1
1351 -1
1352 -1
1353 -1
1354 -1
1355 -1
1356 -1
1357 -1
1358 -1
1359 -1
1360 -1
1361 -1
1362 -1
1363 19
1364 19
1365 19
1366 19
1367 19
1368 19
1369 19
1370 19
1371 19
1372 19
1373 19
1374 -1
1375 19
1376 -1
1377 19
1378 -1
1379 -1
1380 -1
1381 -1
1382 -1
1383 -1
1384 -1
1385 -1
1386 -1
1387 21
1388 21
1389 21
1390 21
1391 21
1392 21
1393 21
1394 21
1395 21
1396 21
1397 21
1398 21
1399 21
1400 21
1401 21
1402 21
1403 21
1404 21
1405 21
1406 21
1407 21
1408 21
1409 21
1410 21
1411 21
1412 21
1413 21
1414 21
1415 21
1416 21
1417 21
1418 21
1419 21
1420 21
1421 21
1422 21
1423 21
1424 21
1425 21
1426 21
1427 -1
1428 -1
1429 -1
1430 -1
1431 -1
1432 -1
1433 -1
1434 -1
1435 22
1436 22
1437 22
1438 22
1439 22
1440 22
1441 22
1442 22
1443 22
1444 -1
1445 -1
1446 -1
1447 -1
1448 -1
1449 -1
1450 -1
1451 -1
1452 19
1453 -1
1454 19
1455 19
1456 19
1457 19
1458 19
1459 19
1460 19
1461 19
1462 19
1463 19
1464 19
1465 19
1466 19
1467 19
1468 19
1469 19
1470 19
1471 19
1472 19
1473 19
1474 19
1475 19
1476 19
1477 19
1478 -1
1479 -1
1480 -1
1481 -1
1482 -1
1483 -1
1484 -1
1485 -1
1486 -1
1487 -1
1488 -1
1489 -1
1490 22
1491 22
1492 22
1493 22
1494 22
1495 22
1496 22
1497 22
1498 22
1499 22
1500 22
1501 22
1502 22
1503 22
1504 22
1505 22
1506 22
1507 22
1508 22
1509 22
1510 22
1511 22
1512 22
1513 22
1514 22
1515 22
1516 22
1517 22
1518 22
1519 22
1520 22
1521 22
1522 22
1523 -1
1524 -1
1525 -1
1526 -1
1527 -1
1528 -1
1529 -1
1530 -1
1531 -1
1532 -1
1533 -1
1534 -1
1535 -1
1536 -1
1537 23
1538 23
1539 23
1540 23
1541 23
1542 23
1543 23
1544 23
1545 23
1546 23
1547 23
1548 -1
1549 23
1550 23
1551 23
1552 -1
1553 -1
1554 -1
1555 23
1556 -1
1557 23
1558 23
1559 23
1560 23
1561 23
1562 -1
1563 23
1564 23
1565 23
1566 23
1567 23
1568 -1
1569 -1
1570 -1
1571 23
1572 -1
1573 -1
1574 -1
1575 -1
1576 -1
1577 -1
1578 -1
1579 -1
1580 -1
1581 -1
1582 -1
1583 -1
1584 -1
1585 -1
1586 -1
1587 -1
1588 -1
1589 -1
1590 -1
1591 -1
1592 -1
1593 -1
1594 -1
1595 -1
1596 -1
1597 -1
1598 -1
1599 -1
1600 -1
1601 -1
1602 -1
1603 -1
1604 -1
1605 -1
1606 23
1607 -1
1608 23
1609 23
1610 23
1611 23
1612 23
1613 23
1614 23
1615 23
1616 23
1617 23
1618 23
1619 23
1620 23
1621 23
1622 23
1623 23
1624 23
1625 23
1626 23
1627 23
1628 23
1629 23
1630 23
1631 23
1632 23
1633 23
1634 -1
1635 -1
1636 -1
1637 -1
1638 -1
1639 -1
1640 -1
1641 -1
1642 -1
1643 -1
1644 -1
1645 -1
1646 24
1647 24
1648 24
1649 24
1650 24
1651 24
1652 24
1653 24
1654 24
1655 24
1656 24
1657 24
1658 24
1659 24
1660 24
1661 24
1662 24
1663 24
1664 24
1665 24
1666 24
1667 24
1668 24
1669 24
1670 24
1671 24
1672 24
1673 24
1674 24
1675 24
1676 24
1677 24
1678 24
1679 24
1680 24
1681 24
1682 24
1683 24
1684 24
1685 24
1686 -1
1687 -1
1688 -1
1689 -1
1690 -1
1691 -1
1692 -1
1693 25
1694 25
1695 25
1696 25
1697 25
1698 25
1699 25
1700 25
1701 25
1702 25
1703 25
1704 25
1705 25
1706 25
1707 25
1708 25
1709 25
1710 25
1711 25
1712 25
1713 25
1714 25
1715 -1
1716 -1
1717 -1
1718 -1
1719 -1
1720 -1
1721 -1
1722 -1
1723 -1
1724 -1
1725 -1
1726 -1
1727 -1
1728 -1
1729 -1
1730 -1
1731 -1
1732 -1
1733 26
1734 26
1735 26
1736 26
1737 26
1738 26
1739 26
1740 26
1741 26
1742 26
1743 26
1744 26
1745 26
1746 26
1747 26
1748 26
1749 26
1750 26
1751 26
1752 26
1753 26
1754 26
1755 26
1756 26
1757 26
1758 26
1759 26
1760 26
1761 26
1762 26
1763 26
1764 26
1765 26
1766 26
1767 26
1768 26
1769 26
1770 26
1771 26
1772 26
1773 26
1774 26
1775 26
1776 26
1777 26
1778 26
1779 26
1780 26
1781 26
1782 26
1783 26
1784 26
1785 26
1786 26
1787 26
1788 26
1789 26
1790 26
1791 26
1792 26
1793 26
1794 26
1795 26
1796 26
1797 26
1798 26
1799 26
1800 26
1801 26
1802 26
1803 26
1804 26
1805 26
1806 26
1807 26
1808 26
1809 26
1810 26
1811 26
1812 26
1813 26
1814 26
1815 26
1816 26
1817 26
1818 26
1819 26
1820 26
1821 26
1822 26
1823 26
1824 26
1825 26
1826 26
1827 26
1828 26
1829 26
1830 26
1831 26
1832 26
1833 26
1834 26
1835 26
1836 26
1837 26
1838 26
1839 26
1840 26
1841 26
1842 26
1843 26
1844 -1
1845 -1
1846 -1
1847 -1
1848 -1
1849 -1
1850 -1
1851 27
1852 27
1853 27
1854 27
1855 27
1856 27
1857 27
1858 27
1859 27
1860 27
1861 27
1862 27
1863 27
1864 27
