2 -1
3 -1
4 -1
5 -1
6 -1
7 -1
8 -1
9 -1
10 -1
11 -1
12 -1
13 -1
14 -1
15 -1
16 -1
17 -1
18 -1
19 -1
20 -1
21 -1
22 -1
23 -1
24 -1
25 -1
26 -1
27 -1
28 -1
29 -1
30 0
31 0
32 0
33 0
34 0
35 0
36 0
37 0
38 0
39 0
40 0
41 0
42 0
43 0
44 0
45 0
46 0
47 0
48 0
49 0
50 0
51 0
52 0
53 0
54 0
55 0
56 0
57 0
58 0
59 0
60 0
61 0
62 0
63 -1
64 -1
65 -1
66 -1
67 -1
68 -1
69 -1
70 -1
71 -1
72 -1
73 -1
74 -1
75 -1
76 -1
77 -1
78 -1
79 -1
80 -1
81 -1
82 -1
83 -1
84 -1
85 -1
86 -1
87 -1
88 -1
89 -1
90 -1
91 -1
92 -1
93 -1
94 -1
95 -1
96 -1
97 -1
98 8
99 -1
100 -1
101 -1
102 8
103 -1
104 8
105 -1
106 -1
107 -1
108 -1
109 -1
110 -1
111 -1
112 -1
113 -1
114 2
115 2
116 2
117 2
118 2
119 2
120 2
121 2
122 2
123 2
124 2
125 2
126 2
127 2
128 2
129 2
130 2
131 2
132 2
133 2
134 2
135 2
136 2
137 2
138 2
139 2
140 2
141 2
142 2
143 2
144 2
145 2
146 2
147 2
148 2
149 2
150 2
151 2
152 2
153 2
154 2
155 2
156 2
157 2
158 2
159 2
160 2
161 2
162 2
163 2
164 2
165 2
166 2
167 2
168 2
169 2
170 2
171 -1
172 -1
173 -1
174 -1
175 -1
176 -1
177 -1
178 -1
179 -1
180 -1
181 -1
182 -1
183 -1
184 -1
185 -1
186 -1
187 -1
188 -1
189 -1
190 3
191 3
192 3
193 3
194 3
195 3
196 3
197 3
198 3
199 3
200 3
201 3
202 3
203 3
204 3
205 3
206 3
207 3
208 3
209 3
210 3
211 -1
212 -1
213 -1
214 -1
215 -1
216 -1
217 -1
218 -1
219 -1
220 -1
221 -1
222 -1
223 -1
224 -1
225 -1
226 -1
227 -1
228 -1
229 -1
230 4
231 4
232 4
233 4
234 4
235 4
236 4
237 4
238 4
239 4
240 4
241 4
242 4
243 4
244 4
245 4
246 4
247 4
248 4
249 4
250 4
251 4
252 4
253 4
254 4
255 4
256 4
257 4
258 4
259 4
260 -1
261 -1
262 -1
263 -1
264 -1
265 -1
266 -1
267 -1
268 -1
269 -1
270 5
271 5
272 5
273 5
274 5
275 5
276 5
277 5
278 5
279 -1
280 -1
281 -1
282 5
283 5
284 5
285 5
286 5
287 5
288 5
289 5
290 -1
291 -1
292 -1
293 -1
294 -1
295 5
296 5
297 5
298 5
299 5
300 5
301 -1
302 -1
303 -1
304 5
305 5
306 5
307 5
308 -1
309 -1
310 -1
311 -1
312 -1
313 -1
314 -1
315 -1
316 -1
317 -1
318 -1
319 -1
320 -1
321 -1
322 -1
323 -1
324 -1
325 -1
326 -1
327 -1
328 -1
329 -1
330 -1
331 -1
332 -1
333 -1
334 -1
335 -1
336 -1
337 -1
338 -1
339 -1
340 -1
341 -1
342 -1
343 -1
344 -1
345 -1
346 -1
347 -1
348 -1
349 -1
350 -1
351 -1
352 -1
353 -1
354 -1
355 -1
356 -1
357 -1
358 -1
359 -1
360 -1
361 7
362 7
363 7
364 7
365 7
366 7
367 7
368 7
369 7
370 7
371 7
372 7
373 7
374 7
375 7
376 7
377 7
378 7
379 7
380 7
381 7
382 7
383 7
384 7
385 7
386 7
387 7
388 7
389 7
390 7
391 7
392 -1
393 -1
394 -1
395 -1
396 -1
397 -1
398 -1
399 8
400 8
401 8
402 8
403 8
404 8
405 8
406 8
407 8
408 8
409 8
410 8
411 8
412 8
413 8
414 8
415 8
416 8
417 8
418 8
419 8
420 8
421 8
422 8
423 8
424 8
425 8
426 8
427 -1
428 -1
429 -1
430 -1
431 -1
432 -1
433 -1
434 -1
435 -1
436 -1
437 -1
438 -1
439 -1
440 -1
441 -1
442 -1
443 -1
444 -1
445 -1
446 -1
447 -1
448 -1
449 -1
450 -1
451 -1
452 -1
453 -1
454 -1
455 -1
456 -1
457 -1
458 -1
459 -1
460 -1
461 -1
462 -1
463 -1
464 -1
465 -1
466 -1
467 -1
468 -1
469 -1
470 -1
471 -1
472 -1
473 -1
474 10
475 10
476 10
477 10
478 10
479 10
480 10
481 10
482 10
483 -1
484 -1
485 -1
486 -1
487 -1
488 -1
489 -1
490 -1
491 -1
492 2
493 2
494 2
495 2
496 2
497 2
498 2
499 2
500 2
501 2
502 2
503 2
504 2
505 2
506 2
507 2
508 2
509 2
510 2
511 2
512 2
513 -1
514 -1
515 -1
516 -1
517 -1
518 -1
519 -1
520 -1
521 -1
522 -1
523 -1
524 11
525 11
526 11
527 11
528 11
529 11
530 11
531 11
532 11
533 11
534 11
535 11
536 11
537 11
538 11
539 11
540 11
541 11
542 11
543 -1
544 -1
545 -1
546 -1
547 -1
548 -1
549 -1
550 -1
551 0
552 0
553 0
554 0
555 0
556 0
557 0
558 0
559 0
560 -1
561 -1
562 -1
563 -1
564 -1
565 -1
566 -1
567 -1
568 -1
569 -1
570 -1
571 -1
572 12
573 12
574 12
575 12
576 12
577 12
578 12
579 12
580 12
581 12
582 12
583 12
584 12
585 12
586 12
587 12
588 12
589 12
590 12
591 12
592 12
593 12
594 12
595 12
596 12
597 12
598 12
599 12
600 12
601 12
602 12
603 12
604 12
605 12
606 -1
607 -1
608 -1
609 -1
610 -1
611 -1
612 -1
613 -1
614 -1
615 -1
616 -1
617 -1
618 -1
619 -1
620 -1
621 -1
622 -1
623 -1
624 -1
625 -1
626 -1
627 13
628 13
629 13
630 13
631 -1
632 -1
633 -1
634 -1
635 -1
636 -1
637 -1
638 -1
639 -1
640 -1
641 -1
642 -1
643 -1
644 -1
645 -1
646 -1
647 -1
648 -1
649 -1
650 14
651 14
652 14
653 14
654 14
655 14
656 14
657 14
658 14
659 14
660 14
661 14
662 14
663 14
664 14
665 14
666 14
667 14
668 14
669 14
670 14
671 14
672 14
673 14
674 14
675 14
676 14
677 14
678 14
679 14
680 14
681 14
682 14
683 14
684 14
685 14
686 -1
687 -1
688 -1
689 -1
690 -1
691 -1
692 -1
693 -1
694 -1
695 -1
696 -1
697 -1
698 15
699 15
700 15
701 15
702 15
703 15
704 15
705 15
706 15
707 15
708 15
709 15
710 15
711 15
712 15
713 15
714 15
715 15
716 15
717 15
718 15
719 15
720 15
721 15
722 15
723 15
724 -1
725 -1
726 -1
727 -1
728 -1
729 -1
730 -1
731 -1
732 16
733 16
734 16
735 16
736 16
737 16
738 16
739 16
740 16
741 16
742 16
743 16
744 16
745 16
746 16
747 16
748 16
749 16
750 16
751 16
752 16
753 -1
754 -1
755 -1
756 -1
757 -1
758 -1
759 -1
760 -1
761 -1
762 -1
763 -1
764 -1
765 -1
766 16
767 16
768 16
769 16
770 16
771 16
772 16
773 16
774 16
775 16
776 -1
777 -1
778 -1
779 -1
780 -1
781 -1
782 -1
783 -1
784 -1
785 -1
786 -1
787 -1
788 -1
789 17
790 17
791 17
792 17
793 17
794 17
795 17
796 17
797 17
798 17
799 17
800 17
801 17
802 17
803 17
804 17
805 17
806 -1
807 17
808 -1
809 17
810 -1
811 17
812 17
813 17
814 17
815 17
816 17
817 17
818 -1
819 17
820 17
821 17
822 17
823 17
824 17
825 17
826 17
827 17
828 17
829 17
830 -1
831 -1
832 -1
833 -1
834 -1
835 -1
836 -1
837 -1
838 -1
839 -1
840 -1
841 -1
842 -1
843 -1
844 -1
845 -1
846 -1
847 -1
848 -1
849 -1
850 -1
851 -1
852 -1
853 -1
854 -1
855 -1
856 -1
857 -1
858 -1
859 -1
860 -1
861 -1
862 -1
863 -1
864 -1
865 -1
866 -1
867 -1
868 -1
869 -1
870 -1
871 -1
872 -1
873 -1
874 -1
875 -1
876 -1
877 -1
878 -1
879 -1
880 -1
881 -1
882 -1
883 -1
884 -1
885 -1
886 -1
887 -1
888 -1
889 -1
890 -1
891 -1
892 -1
893 -1
894 -1
895 -1
896 -1
897 -1
898 -1
899 -1
900 -1
901 -1
902 -1
903 -1
904 -1
905 -1
906 -1
907 -1
908 -1
909 -1
910 -1
911 -1
912 -1
913 -1
914 -1
915 19
916 19
917 19
918 19
919 19
920 19
921 19
922 19
923 19
924 19
925 19
926 19
927 19
928 19
929 19
930 19
931 19
932 19
933 -1
934 -1
935 -1
936 -1
937 -1
938 -1
939 -1
940 -1
941 -1
942 -1
943 -1
944 -1
945 -1
946 -1
947 -1
948 -1
949 -1
950 -1
951 -1
952 -1
953 -1
954 -1
955 -1
956 -1
957 -1
958 -1
959 -1
960 -1
961 -1
962 -1
963 -1
964 -1
965 -1
966 -1
967 -1
968 -1
969 -1
970 -1
971 19
972 19
973 19
974 -1
975 -1
976 -1
977 -1
978 -1
979 -1
980 -1
981 -1
982 -1
983 -1
984 -1
985 -1
986 -1
987 -1
988 -1
989 -1
990 -1
991 -1
992 -1
993 -1
994 -1
995 -1
996 -1
997 -1
998 -1
999 -1
1000 -1
1001 -1
1002 -1
1003 -1
1004 -1
1005 -1
1006 -1
1007 -1
1008 -1
1009 -1
1010 -1
1011 -1
1012 -1
1013 -1
1014 -1
1015 -1
1016 -1
1017 -1
1018 20
1019 20
1020 20
1021 20
1022 20
1023 20
1024 20
1025 20
1026 20
1027 20
1028 20
1029 20
1030 20
1031 20
1032 20
1033 -1
1034 -1
1035 -1
1036 -1
1037 -1
1038 -1
1039 -1
1040 2
1041 2
1042 -1
1043 2
1044 -1
1045 -1
1046 -1
1047 -1
1048 -1
1049 -1
1050 -1
1051 -1
1052 -1
1053 -1
1054 -1
1055 -1
1056 -1
1057 -1
1058 -1
1059 -1
1060 21
1061 21
1062 21
1063 -1
1064 -1
1065 -1
1066 -1
1067 -1
1068 -1
1069 -1
1070 2
1071 -1
1072 -1
1073 -1
1074 -1
1075 -1
1076 -1
1077 -1
1078 -1
1079 -1
1080 -1
1081 -1
1082 -1
1083 -1
1084 -1
1085 -1
1086 -1
1087 -1
1088 -1
1089 -1
1090 2
1091 2
1092 2
1093 -1
1094 -1
1095 -1
1096 -1
1097 -1
1098 -1
1099 -1
1100 -1
1101 -1
1102 -1
1103 -1
1104 -1
1105 -1
1106 -1
1107 -1
1108 -1
1109 -1
1110 -1
1111 -1
1112 21
1113 21
1114 21
1115 21
1116 21
1117 21
1118 21
1119 21
1120 21
1121 21
1122 -1
1123 -1
1124 -1
1125 -1
1126 -1
1127 -1
1128 -1
1129 -1
1130 -1
1131 -1
1132 -1
1133 -1
1134 -1
1135 -1
1136 -1
1137 -1
1138 -1
1139 -1
1140 -1
1141 -1
1142 -1
1143 -1
1144 -1
1145 -1
1146 -1
1147 -1
1148 -1
1149 -1
1150 -1
1151 -1
1152 -1
1153 -1
1154 -1
1155 -1
1156 21
1157 21
1158 21
1159 21
1160 21
1161 21
1162 21
1163 21
1164 21
1165 21
1166 21
1167 21
1168 21
1169 21
1170 21
1171 21
1172 21
1173 -1
1174 -1
1175 -1
1176 -1
1177 -1
1178 -1
1179 -1
1180 -1
1181 -1
1182 -1
1183 -1
1184 -1
1185 -1
1186 -1
1187 -1
1188 -1
1189 -1
1190 -1
1191 -1
1192 -1
1193 -1
1194 -1
1195 -1
1196 22
1197 22
1198 22
1199 22
1200 22
1201 22
1202 22
1203 22
1204 22
1205 22
1206 22
1207 22
1208 22
1209 22
1210 22
1211 -1
1212 22
1213 22
1214 22
1215 -1
1216 -1
1217 -1
1218 -1
1219 -1
1220 -1
1221 -1
1222 -1
1223 -1
1224 -1
1225 -1
1226 -1
1227 -1
1228 -1
1229 -1
1230 -1
1231 -1
1232 -1
1233 -1
1234 -1
1235 -1
1236 -1
1237 -1
1238 -1
1239 -1
1240 -1
1241 -1
1242 -1
1243 -1
1244 -1
1245 -1
1246 -1
1247 -1
1248 -1
1249 -1
1250 -1
1251 -1
1252 -1
1253 -1
1254 -1
1255 -1
1256 -1
1257 -1
1258 -1
1259 -1
1260 -1
1261 -1
1262 -1
1263 -1
1264 -1
1265 -1
1266 -1
1267 -1
1268 -1
1269 -1
1270 -1
1271 -1
1272 -1
1273 -1
1274 -1
1275 -1
1276 -1
1277 -1
1278 -1
1279 -1
1280 -1
1281 -1
1282 -1
1283 -1
1284 -1
1285 -1
1286 -1
1287 -1
1288 -1
1289 -1
1290 24
1291 24
1292 24
1293 -1
1294 -1
1295 -1
1296 -1
1297 -1
1298 -1
1299 -1
1300 -1
1301 -1
1302 -1
1303 -1
1304 -1
1305 -1
1306 -1
1307 -1
1308 -1
1309 -1
1310 24
1311 24
1312 24
1313 24
1314 24
1315 24
1316 24
1317 24
1318 24
1319 24
1320 24
1321 24
1322 -1
1323 -1
1324 -1
1325 -1
1326 -1
1327 -1
1328 -1
1329 25
1330 25
1331 25
1332 25
1333 25
1334 25
1335 25
1336 25
1337 25
1338 25
1339 25
1340 25
1341 25
1342 25
1343 25
1344 25
1345 25
1346 25
1347 25
1348 25
1349 25
1350 25
1351 25
1352 25
1353 25
1354 25
1355 25
1356 25
1357 25
1358 25
1359 25
1360 25
1361 25
1362 -1
1363 -1
1364 -1
1365 -1
1366 -1
1367 -1
1368 -1
1369 -1
1370 -1
1371 26
1372 26
1373 26
1374 26
1375 26
1376 26
1377 26
1378 26
1379 26
1380 26
1381 26
1382 26
1383 -1
1384 -1
1385 -1
1386 -1
1387 -1
1388 -1
1389 -1
1390 -1
1391 -1
1392 -1
1393 -1
1394 -1
1395 -1
1396 -1
1397 -1
1398 -1
1399 -1
1400 26
1401 26
1402 26
1403 26
1404 26
1405 26
1406 26
1407 26
1408 -1
1409 -1
1410 -1
1411 -1
1412 -1
1413 -1
1414 -1
1415 27
1416 27
1417 27
1418 27
1419 27
1420 27
1421 27
1422 27
1423 27
1424 27
1425 27
1426 27
1427 27
1428 27
1429 27
1430 27
1431 27
1432 27
1433 27
1434 27
1435 27
1436 27
1437 27
1438 27
1439 27
1440 27
1441 27
1442 27
1443 27
1444 27
1445 27
1446 27
1447 27
1448 27
1449 27
1450 27
1451 27
