0 -1
1 -1
2 -1
3 -1
4 -1
5 -1
6 -1
7 -1
8 0
9 0
10 0
11 0
12 0
13 0
14 0
15 0
16 0
17 0
18 0
19 0
20 0
21 0
22 0
23 0
24 0
25 0
26 0
27 0
28 0
29 0
30 0
31 0
32 0
33 0
34 0
35 0
36 0
37 0
38 0
39 -1
40 -1
41 -1
42 -1
43 -1
44 -1
45 -1
46 1
47 1
48 1
49 1
50 1
51 1
52 1
53 1
54 1
55 1
56 1
57 1
58 1
59 1
60 1
61 -1
62 1
63 -1
64 -1
65 -1
66 -1
67 -1
68 -1
69 -1
70 -1
71 -1
72 2
73 2
74 2
75 2
76 2
77 2
78 2
79 2
80 2
81 -1
82 2
83 -1
84 2
85 2
86 2
87 -1
88 -1
89 -1
90 2
91 2
92 2
93 2
94 2
95 2
96 2
97 2
98 2
99 2
100 2
101 2
102 2
103 2
104 2
105 -1
106 -1
107 -1
108 -1
109 -1
110 -1
111 -1
112 3
113 3
114 3
115 3
116 3
117 3
118 3
119 3
120 3
121 3
122 3
123 3
124 3
125 3
126 3
127 3
128 3
129 3
130 3
131 -1
132 -1
133 -1
134 -1
135 -1
136 -1
137 -1
138 -1
139 -1
140 -1
141 -1
142 -1
143 -1
144 -1
145 -1
146 -1
147 -1
148 4
149 4
150 4
151 4
152 4
153 4
154 4
155 4
156 4
157 4
158 4
159 -1
160 -1
161 -1
162 -1
163 -1
164 -1
165 -1
166 -1
167 -1
168 -1
169 -1
170 -1
171 -1
172 -1
173 -1
174 -1
175 -1
176 -1
177 -1
178 -1
179 -1
180 -1
181 -1
182 -1
183 -1
184 -1
185 -1
186 22
187 22
188 22
189 22
190 22
191 -1
192 -1
193 -1
194 -1
195 -1
196 -1
197 -1
198 5
199 5
200 5
201 5
202 5
203 5
204 5
205 5
206 5
207 5
208 5
209 5
210 5
211 5
212 5
213 5
214 5
215 5
216 5
217 5
218 5
219 5
220 5
221 5
222 5
223 5
224 5
225 5
226 5
227 5
228 5
229 -1
230 -1
231 -1
232 -1
233 -1
234 -1
235 -1
236 -1
237 -1
238 -1
239 -1
240 -1
241 -1
242 -1
243 -1
244 -1
245 -1
246 -1
247 -1
248 -1
249 -1
250 -1
251 -1
252 -1
253 -1
254 -1
255 -1
256 -1
257 -1
258 6
259 6
260 6
261 6
262 -1
263 -1
264 -1
265 -1
266 -1
267 -1
268 -1
269 -1
270 -1
271 -1
272 -1
273 7
274 7
275 7
276 7
277 7
278 7
279 7
280 7
281 -1
282 -1
283 -1
284 -1
285 -1
286 -1
287 -1
288 7
289 -1
290 7
291 7
292 7
293 7
294 7
295 7
296 7
297 7
298 7
299 -1
300 -1
301 -1
302 -1
303 -1
304 -1
305 -1
306 -1
307 8
308 8
309 8
310 8
311 8
312 -1
313 -1
314 -1
315 8
316 8
317 8
318 -1
319 -1
320 -1
321 8
322 8
323 8
324 8
325 8
326 8
327 8
328 8
329 8
330 8
331 8
332 8
333 8
334 8
335 8
336 8
337 8
338 8
339 -1
340 -1
341 -1
342 -1
343 -1
344 -1
345 -1
346 -1
347 -1
348 -1
349 -1
350 -1
351 -1
352 -1
353 -1
354 -1
355 -1
356 -1
357 -1
358 -1
359 -1
360 -1
361 -1
362 -1
363 -1
364 -1
365 -1
366 -1
367 -1
368 9
369 9
370 9
371 9
372 9
373 9
374 9
375 9
376 -1
377 -1
378 -1
379 -1
380 -1
381 -1
382 -1
383 10
384 10
385 10
386 10
387 10
388 10
389 10
390 10
391 10
392 10
393 10
394 10
395 10
396 10
397 10
398 10
399 10
400 10
401 10
402 10
403 10
404 10
405 10
406 10
407 -1
408 -1
409 -1
410 -1
411 -1
412 -1
413 -1
414 -1
415 -1
416 -1
417 -1
418 -1
419 -1
420 -1
421 -1
422 -1
423 -1
424 -1
425 11
426 11
427 11
428 11
429 11
430 11
431 11
432 11
433 11
434 11
435 11
436 11
437 11
438 11
439 11
440 11
441 11
442 11
443 11
444 11
445 11
446 11
447 11
448 -1
449 -1
450 -1
451 11
452 -1
453 -1
454 -1
455 -1
456 -1
457 -1
458 -1
459 -1
460 0
461 0
462 0
463 0
464 -1
465 -1
466 -1
467 -1
468 -1
469 -1
470 -1
471 -1
472 -1
473 -1
474 -1
475 -1
476 -1
477 -1
478 -1
479 -1
480 -1
481 -1
482 -1
483 -1
484 -1
485 -1
486 12
487 12
488 12
489 12
490 12
491 12
492 12
493 12
494 12
495 12
496 12
497 12
498 12
499 12
500 12
501 12
502 12
503 12
504 12
505 12
506 12
507 12
508 12
509 12
510 12
511 -1
512 -1
513 -1
514 -1
515 -1
516 -1
517 -1
518 -1
519 -1
520 -1
521 -1
522 -1
523 -1
524 -1
525 -1
526 -1
527 -1
528 -1
529 -1
530 -1
531 -1
532 -1
533 -1
534 -1
535 -1
536 -1
537 -1
538 -1
539 -1
540 13
541 13
542 13
543 13
544 13
545 13
546 13
547 13
548 13
549 13
550 13
551 13
552 13
553 13
554 13
555 13
556 13
557 13
558 13
559 13
560 13
561 13
562 13
563 13
564 13
565 13
566 13
567 13
568 13
569 13
570 -1
571 -1
572 -1
573 -1
574 -1
575 -1
576 -1
577 -1
578 -1
579 14
580 14
581 14
582 14
583 14
584 14
585 14
586 14
587 14
588 14
589 14
590 14
591 14
592 14
593 14
594 14
595 14
596 14
597 14
598 14
599 14
600 14
601 14
602 14
603 14
604 14
605 14
606 14
607 14
608 14
609 14
610 14
611 14
612 14
613 14
614 14
615 14
616 14
617 14
618 14
619 14
620 14
621 14
622 14
623 14
624 14
625 14
626 14
627 14
628 14
629 14
630 14
631 14
632 14
633 14
634 14
635 14
636 14
637 14
638 -1
639 -1
640 -1
641 -1
642 -1
643 -1
644 -1
645 15
646 15
647 15
648 15
649 15
650 15
651 15
652 15
653 15
654 15
655 15
656 15
657 15
658 15
659 15
660 15
661 15
662 15
663 15
664 15
665 15
666 15
667 15
668 15
669 15
670 15
671 15
672 15
673 15
674 -1
675 -1
676 -1
677 -1
678 -1
679 -1
680 -1
681 -1
682 -1
683 -1
684 -1
685 -1
686 -1
687 15
688 -1
689 15
690 15
691 15
692 15
693 15
694 15
695 15
696 15
697 15
698 15
699 15
700 15
701 -1
702 15
703 -1
704 15
705 15
706 15
707 15
708 -1
709 -1
710 -1
711 15
712 15
713 15
714 15
715 15
716 15
717 15
718 15
719 15
720 15
721 15
722 15
723 15
724 15
725 15
726 15
727 15
728 15
729 15
730 15
731 15
732 15
733 15
734 15
735 15
736 15
737 15
738 15
739 15
740 15
741 15
742 15
743 15
744 15
745 15
746 15
747 15
748 15
749 15
750 15
751 15
752 15
753 15
754 15
755 15
756 15
757 15
758 15
759 15
760 15
761 15
762 -1
763 -1
764 -1
765 -1
766 -1
767 -1
768 -1
769 -1
770 -1
771 -1
772 -1
773 -1
774 -1
775 -1
776 -1
777 15
778 15
779 15
780 15
781 15
782 15
783 15
784 15
785 15
786 15
787 15
788 15
789 15
790 -1
791 -1
792 -1
793 -1
794 -1
795 -1
796 -1
797 -1
798 -1
799 -1
800 -1
801 -1
802 -1
803 -1
804 -1
805 16
806 16
807 16
808 16
809 16
810 16
811 16
812 16
813 16
814 16
815 16
816 16
817 16
818 16
819 16
820 16
821 16
822 -1
823 -1
824 -1
825 -1
826 -1
827 -1
828 -1
829 -1
830 -1
831 -1
832 -1
833 -1
834 -1
835 -1
836 -1
837 -1
838 -1
839 -1
840 -1
841 -1
842 -1
843 -1
844 -1
845 -1
846 -1
847 -1
848 -1
849 -1
850 -1
851 -1
852 -1
853 -1
854 -1
855 -1
856 -1
857 -1
858 -1
859 -1
860 -1
861 -1
862 -1
863 -1
864 -1
865 -1
866 -1
867 -1
868 -1
869 -1
870 -1
871 -1
872 -1
873 -1
874 -1
875 -1
876 -1
877 -1
878 18
879 18
880 18
881 18
882 18
883 18
884 18
885 18
886 18
887 18
888 18
889 18
890 18
891 18
892 18
893 18
894 18
895 18
896 18
897 18
898 18
899 18
900 18
901 -1
902 -1
903 -1
904 -1
905 -1
906 -1
907 -1
908 -1
909 -1
910 -1
911 -1
912 -1
913 -1
914 -1
915 -1
916 -1
917 -1
918 -1
919 -1
920 -1
921 -1
922 19
923 19
924 19
925 19
926 19
927 19
928 19
929 19
930 19
931 19
932 19
933 19
934 19
935 19
936 19
937 19
938 19
939 19
940 19
941 19
942 19
943 19
944 19
945 19
946 -1
947 -1
948 -1
949 -1
950 -1
951 -1
952 -1
953 20
954 20
955 20
956 20
957 20
958 20
959 20
960 20
961 20
962 20
963 20
964 20
965 20
966 20
967 20
968 20
969 20
970 20
971 20
972 20
973 -1
974 -1
975 -1
976 -1
977 -1
978 -1
979 -1
980 -1
981 -1
982 -1
983 -1
984 -1
985 -1
986 -1
987 -1
988 21
989 21
990 21
991 21
992 21
993 21
994 21
995 21
996 21
997 21
998 21
999 21
1000 21
1001 21
1002 21
1003 21
1004 21
1005 -1
1006 -1
1007 -1
1008 -1
1009 -1
1010 -1
1011 -1
1012 22
1013 22
1014 22
1015 22
1016 22
1017 22
1018 22
1019 22
1020 22
1021 22
1022 22
1023 22
1024 22
1025 22
1026 22
1027 22
1028 22
1029 22
1030 22
1031 22
1032 22
1033 22
1034 22
1035 22
1036 22
1037 -1
1038 -1
1039 -1
1040 -1
1041 -1
1042 -1
1043 -1
1044 -1
1045 -1
1046 23
1047 23
1048 23
1049 23
1050 23
1051 23
1052 23
1053 23
1054 23
1055 23
1056 23
1057 23
1058 23
1059 23
1060 23
1061 23
1062 23
1063 23
1064 23
1065 23
1066 23
1067 23
1068 23
1069 23
1070 23
1071 23
1072 23
1073 23
1074 -1
1075 -1
1076 -1
1077 -1
1078 -1
1079 -1
1080 -1
1081 -1
1082 -1
1083 -1
1084 24
1085 24
1086 24
1087 24
1088 24
1089 24
1090 24
1091 24
1092 24
1093 24
1094 24
1095 24
1096 24
1097 24
1098 24
1099 24
1100 24
1101 24
1102 24
1103 24
1104 24
1105 24
1106 24
1107 24
1108 24
1109 24
1110 24
1111 -1
1112 -1
1113 -1
1114 -1
1115 -1
1116 -1
1117 -1
1118 -1
1119 -1
1120 -1
1121 -1
1122 -1
1123 -1
1124 -1
1125 -1
1126 25
1127 25
1128 25
1129 25
1130 25
1131 25
1132 25
1133 25
1134 25
1135 25
1136 25
1137 25
1138 25
1139 -1
1140 -1
1141 -1
1142 -1
1143 -1
1144 -1
1145 -1
1146 -1
1147 -1
1148 -1
1149 -1
1150 -1
1151 26
1152 26
1153 26
1154 26
1155 26
1156 26
1157 26
1158 26
1159 26
1160 26
1161 26
1162 26
1163 26
1164 26
1165 26
1166 26
1167 26
1168 26
1169 26
1170 26
1171 26
1172 26
1173 26
1174 26
1175 26
1176 26
1177 26
1178 26
1179 -1
1180 -1
1181 -1
1182 -1
1183 -1
1184 -1
1185 -1
1186 -1
1187 -1
1188 -1
1189 -1
1190 -1
1191 -1
1192 -1
1193 -1
1194 -1
1195 -1
1196 -1
1197 -1
1198 -1
1199 -1
1200 -1
1201 -1
1202 -1
1203 -1
1204 -1
1205 -1
1206 27
1207 27
1208 27
1209 27
1210 27
1211 27
1212 -1
1213 -1
1214 -1
1215 -1
1216 -1
1217 -1
1218 -1
1219 -1
1220 -1
1221 -1
1222 -1
1223 -1
1224 -1
1225 -1
1226 -1
1227 -1
1228 -1
1229 -1
1230 -1
1231 -1
1232 -1
1233 -1
1234 -1
1235 -1
1236 -1
1237 -1
1238 -1
1239 -1
1240 -1
1241 -1
1242 -1
1243 -1
1244 -1
1245 -1
1246 -1
1247 -1
1248 -1
1249 -1
1250 -1
1251 -1
1252 -1
1253 -1
1254 -1
1255 -1
1256 -1
1257 -1
1258 -1
1259 -1
1260 -1
1261 -1
1262 -1
1263 -1
1264 -1
1265 -1
1266 -1
1267 -1
1268 -1
1269 -1
1270 -1
1271 -1
1272 -1
1273 -1
1274 -1
1275 -1
1276 -1
1277 -1
1278 -1
1279 -1
1280 -1
1281 -1
1282 -1
1283 -1
1284 -1
1285 -1
1286 -1
1287 -1
1288 -1
1289 -1
1290 -1
1291 -1
1292 -1
1293 -1
1294 -1
1295 -1
1296 -1
1297 -1
1298 -1
1299 -1
1300 -1
1301 -1
1302 -1
1303 -1
1304 -1
1305 -1
1306 -1
1307 -1
1308 -1
1309 -1
1310 27
1311 -1
1312 27
1313 27
1314 27
1315 27
1316 27
1317 27
1318 27
1319 27
1320 27
1321 27
1322 27
1323 27
1324 27
1325 27
1326 27
1327 27
1328 27
1329 27
1330 -1
1331 -1
1332 -1
1333 -1
1334 -1
1335 -1
1336 -1
1337 -1
1338 -1
1339 -1
1340 -1
1341 -1
1342 -1
1343 -1
1344 -1
1345 -1
1346 -1
1347 -1
1348 -1
1349 -1
1350 -1
1351 -1
1352 -1
1353 -1
1354 -1
1355 -1
1356 -1
1357 -1
1358 -1
1359 -1
1360 -1
1361 -1
1362 -1
1363 -1
1364 -1
1365 -1
1366 -1
1367 -1
1368 -1
1369 -1
1370 -1
1371 -1
1372 -1
1373 -1
1374 -1
1375 -1
1376 -1
1377 -1
1378 -1
1379 -1
1380 -1
1381 -1
1382 -1
1383 -1
1384 -1
1385 -1
1386 -1
1387 -1
1388 -1
1389 -1
1390 -1
1391 -1
1392 -1
1393 -1
1394 -1
1395 -1
1396 -1
1397 -1
1398 -1
1399 -1
1400 -1
1401 -1
1402 -1
1403 -1
1404 -1
1405 -1
1406 -1
1407 -1
1408 -1
1409 -1
1410 -1
1411 -1
1412 -1
1413 -1
1414 -1
1415 -1
1416 -1
1417 -1
1418 -1
1419 -1
1420 2
1421 2
1422 2
1423 2
1424 2
1425 2
1426 -1
1427 -1
1428 -1
1429 -1
1430 -1
1431 -1
1432 -1
1433 -1
1434 -1
1435 -1
1436 -1
1437 -1
1438 -1
1439 -1
1440 -1
1441 -1
1442 -1
1443 -1
1444 -1
1445 -1
1446 -1
1447 -1
1448 -1
1449 -1
1450 -1
1451 -1
1452 -1
1453 -1
1454 -1
1455 -1
1456 -1
1457 -1
1458 -1
