0 -1
1 -1
2 -1
3 -1
4 -1
5 -1
6 -1
7 -1
8 0
9 0
10 0
11 0
12 0
13 0
14 0
15 0
16 0
17 0
18 0
19 0
20 0
21 0
22 0
23 0
24 0
25 0
26 -1
27 0
28 0
29 0
30 0
31 0
32 0
33 0
34 0
35 0
36 0
37 0
38 0
39 0
40 0
41 0
42 0
43 0
44 0
45 0
46 0
47 0
48 0
49 0
50 0
51 0
52 0
53 0
54 0
55 0
56 0
57 0
58 0
59 0
60 0
61 0
62 0
63 0
64 0
65 -1
66 -1
67 -1
68 -1
69 -1
70 -1
71 -1
72 1
73 1
74 1
75 1
76 1
77 1
78 1
79 1
80 1
81 1
82 1
83 1
84 1
85 1
86 1
87 1
88 1
89 1
90 1
91 1
92 1
93 1
94 1
95 -1
96 -1
97 -1
98 -1
99 -1
100 -1
101 -1
102 -1
103 2
104 2
105 2
106 2
107 2
108 2
109 2
110 2
111 2
112 2
113 2
114 2
115 2
116 -1
117 -1
118 -1
119 -1
120 -1
121 -1
122 -1
123 -1
124 -1
125 -1
126 -1
127 -1
128 -1
129 2
130 -1
131 -1
132 -1
133 -1
134 -1
135 -1
136 -1
137 2
138 2
139 2
140 2
141 2
142 2
143 2
144 2
145 2
146 2
147 2
148 2
149 2
150 2
151 2
152 2
153 2
154 2
155 2
156 2
157 2
158 2
159 2
160 2
161 2
162 2
163 2
164 2
165 2
166 2
167 2
168 2
169 2
170 2
171 2
172 2
173 2
174 2
175 2
176 2
177 2
178 2
179 2
180 2
181 2
182 2
183 2
184 2
185 2
186 2
187 2
188 2
189 2
190 2
191 2
192 2
193 2
194 2
195 2
196 2
197 2
198 2
199 2
200 2
201 2
202 2
203 2
204 2
205 2
206 2
207 2
208 2
209 2
210 2
211 2
212 2
213 2
214 2
215 2
216 2
217 2
218 2
219 2
220 2
221 2
222 2
223 2
224 2
225 2
226 2
227 2
228 2
229 2
230 -1
231 2
232 -1
233 -1
234 -1
235 -1
236 -1
237 -1
238 -1
239 -1
240 -1
241 -1
242 -1
243 -1
244 -1
245 -1
246 -1
247 -1
248 -1
249 -1
250 -1
251 -1
252 -1
253 -1
254 -1
255 -1
256 -1
257 -1
258 -1
259 -1
260 -1
261 -1
262 -1
263 -1
264 -1
265 -1
266 -1
267 -1
268 -1
269 -1
270 -1
271 -1
272 -1
273 -1
274 -1
275 -1
276 -1
277 -1
278 -1
279 -1
280 -1
281 -1
282 2
283 2
284 2
285 2
286 2
287 2
288 2
289 2
290 -1
291 -1
292 -1
293 -1
294 -1
295 -1
296 -1
297 3
298 3
299 3
300 3
301 3
302 3
303 3
304 3
305 3
306 3
307 3
308 3
309 3
310 3
311 3
312 3
313 3
314 3
315 3
316 3
317 3
318 3
319 3
320 3
321 3
322 3
323 3
324 3
325 -1
326 3
327 -1
328 3
329 -1
330 3
331 -1
332 -1
333 -1
334 -1
335 -1
336 -1
337 -1
338 -1
339 -1
340 -1
341 -1
342 -1
343 -1
344 -1
345 -1
346 -1
347 -1
348 -1
349 -1
350 -1
351 -1
352 -1
353 -1
354 4
355 4
356 4
357 4
358 4
359 4
360 4
361 4
362 4
363 4
364 4
365 4
366 4
367 4
368 4
369 4
370 4
371 4
372 4
373 4
374 4
375 4
376 4
377 4
378 4
379 4
380 4
381 4
382 4
383 4
384 4
385 4
386 4
387 4
388 4
389 4
390 4
391 4
392 4
393 4
394 4
395 4
396 4
397 4
398 4
399 4
400 4
401 4
402 4
403 4
404 4
405 4
406 4
407 4
408 4
409 4
410 4
411 -1
412 -1
413 -1
414 -1
415 -1
416 -1
417 -1
418 -1
419 -1
420 5
421 5
422 5
423 5
424 5
425 5
426 5
427 5
428 5
429 5
430 5
431 5
432 5
433 5
434 5
435 5
436 5
437 5
438 5
439 5
440 5
441 5
442 5
443 5
444 5
445 5
446 5
447 5
448 5
449 5
450 5
451 5
452 5
453 5
454 5
455 5
456 5
457 5
458 5
459 5
460 5
461 5
462 5
463 5
464 5
465 5
466 5
467 5
468 5
469 -1
470 5
471 5
472 5
473 5
474 -1
475 -1
476 -1
477 -1
478 -1
479 -1
480 -1
481 -1
482 -1
483 -1
484 -1
485 -1
486 -1
487 -1
488 -1
489 -1
490 -1
491 -1
492 -1
493 -1
494 -1
495 -1
496 -1
497 -1
498 -1
499 -1
500 -1
501 14
502 14
503 14
504 14
505 14
506 14
507 14
508 14
509 14
510 14
511 -1
512 -1
513 -1
514 -1
515 -1
516 -1
517 -1
518 -1
519 -1
520 -1
521 -1
522 -1
523 -1
524 -1
525 -1
526 -1
527 -1
528 -1
529 2
530 2
531 2
532 2
533 2
534 2
535 2
536 2
537 2
538 -1
539 -1
540 -1
541 -1
542 -1
543 -1
544 -1
545 -1
546 -1
547 -1
548 -1
549 -1
550 -1
551 -1
552 -1
553 -1
554 -1
555 -1
556 -1
557 -1
558 -1
559 -1
560 -1
561 -1
562 -1
563 -1
564 -1
565 -1
566 -1
567 -1
568 -1
569 -1
570 5
571 5
572 5
573 5
574 5
575 5
576 5
577 5
578 5
579 5
580 5
581 5
582 5
583 5
584 5
585 5
586 5
587 5
588 -1
589 -1
590 -1
591 -1
592 -1
593 -1
594 -1
595 -1
596 16
597 16
598 16
599 16
600 16
601 16
602 16
603 16
604 16
605 16
606 16
607 16
608 16
609 16
610 16
611 -1
612 -1
613 -1
614 -1
615 -1
616 -1
617 -1
618 -1
619 -1
620 -1
621 -1
622 -1
623 -1
624 -1
625 -1
626 -1
627 -1
628 -1
629 -1
630 -1
631 -1
632 -1
633 -1
634 -1
635 -1
636 -1
637 -1
638 -1
639 26
640 26
641 26
642 26
643 26
644 -1
645 -1
646 -1
647 -1
648 -1
649 -1
650 -1
651 -1
652 -1
653 -1
654 -1
655 -1
656 -1
657 -1
658 -1
659 -1
660 -1
661 -1
662 -1
663 -1
664 -1
665 -1
666 -1
667 -1
668 -1
669 -1
670 -1
671 -1
672 -1
673 -1
674 -1
675 -1
676 -1
677 -1
678 -1
679 -1
680 -1
681 -1
682 -1
683 -1
684 -1
685 -1
686 -1
687 -1
688 -1
689 -1
690 -1
691 -1
692 -1
693 -1
694 -1
695 -1
696 -1
697 -1
698 -1
699 -1
700 -1
701 -1
702 -1
703 -1
704 -1
705 -1
706 -1
707 -1
708 -1
709 -1
710 -1
711 -1
712 -1
713 -1
714 -1
715 -1
716 -1
717 -1
718 -1
719 -1
720 -1
721 -1
722 -1
723 -1
724 -1
725 -1
726 -1
727 -1
728 -1
729 -1
730 -1
731 -1
732 -1
733 -1
734 -1
735 -1
736 -1
737 -1
738 -1
739 -1
740 -1
741 -1
742 -1
743 -1
744 -1
745 -1
746 -1
747 -1
748 -1
749 -1
750 -1
751 -1
752 -1
753 -1
754 -1
755 -1
756 -1
757 -1
758 -1
759 -1
760 -1
761 -1
762 7
763 7
764 7
765 7
766 7
767 7
768 7
769 7
770 7
771 7
772 7
773 7
774 7
775 7
776 7
777 7
778 7
779 7
780 7
781 7
782 7
783 7
784 7
785 7
786 7
787 7
788 7
789 7
790 7
791 7
792 7
793 7
794 7
795 7
796 7
797 7
798 7
799 7
800 7
801 7
802 7
803 7
804 7
805 7
806 7
807 7
808 7
809 7
810 7
811 7
812 7
813 7
814 7
815 7
816 7
817 7
818 7
819 7
820 7
821 7
822 7
823 7
824 7
825 7
826 7
827 7
828 7
829 7
830 7
831 7
832 7
833 7
834 7
835 7
836 7
837 7
838 7
839 7
840 7
841 7
842 7
843 7
844 7
845 7
846 7
847 -1
848 -1
849 -1
850 -1
851 -1
852 -1
853 -1
854 8
855 8
856 8
857 8
858 8
859 8
860 8
861 8
862 8
863 8
864 8
865 8
866 8
867 8
868 8
869 8
870 8
871 8
872 8
873 8
874 8
875 8
876 8
877 8
878 8
879 8
880 8
881 8
882 -1
883 -1
884 -1
885 -1
886 -1
887 -1
888 -1
889 -1
890 -1
891 -1
892 -1
893 -1
894 -1
895 -1
896 -1
897 10
898 10
899 10
900 -1
901 10
902 -1
903 10
904 -1
905 10
906 -1
907 -1
908 -1
909 -1
910 -1
911 -1
912 -1
913 -1
914 -1
915 -1
916 -1
917 -1
918 -1
919 -1
920 2
921 2
922 2
923 2
924 2
925 2
926 -1
927 -1
928 -1
929 -1
930 -1
931 -1
932 -1
933 -1
934 -1
935 -1
936 -1
937 -1
938 -1
939 -1
940 -1
941 -1
942 -1
943 -1
944 -1
945 9
946 -1
947 9
948 9
949 9
950 9
951 9
952 9
953 9
954 9
955 9
956 9
957 9
958 9
959 9
960 9
961 9
962 9
963 9
964 9
965 9
966 9
967 9
968 9
969 9
970 9
971 9
972 9
973 9
974 9
975 9
976 9
977 9
978 9
979 9
980 9
981 9
982 9
983 9
984 9
985 9
986 9
987 9
988 9
989 9
990 9
991 9
992 9
993 9
994 9
995 9
996 9
997 9
998 9
999 9
1000 9
1001 9
1002 9
1003 9
1004 9
1005 -1
1006 -1
1007 -1
1008 -1
1009 -1
1010 -1
1011 -1
1012 -1
1013 -1
1014 -1
1015 -1
1016 -1
1017 -1
1018 -1
1019 -1
1020 -1
1021 -1
1022 -1
1023 -1
1024 -1
1025 -1
1026 -1
1027 -1
1028 -1
1029 -1
1030 10
1031 10
1032 10
1033 10
1034 10
1035 10
1036 10
1037 10
1038 10
1039 10
1040 10
1041 10
1042 10
1043 10
1044 10
1045 10
1046 10
1047 10
1048 10
1049 10
1050 10
1051 10
1052 10
1053 10
1054 -1
1055 -1
1056 -1
1057 -1
1058 -1
1059 -1
1060 -1
1061 -1
1062 -1
1063 -1
1064 -1
1065 -1
1066 -1
1067 -1
1068 -1
1069 -1
1070 -1
1071 -1
1072 -1
1073 -1
1074 -1
1075 -1
1076 -1
1077 -1
1078 -1
1079 -1
1080 -1
1081 -1
1082 -1
1083 -1
1084 -1
1085 -1
1086 -1
1087 -1
1088 -1
1089 -1
1090 -1
1091 -1
1092 -1
1093 -1
1094 -1
1095 -1
1096 -1
1097 -1
1098 -1
1099 -1
1100 -1
1101 -1
1102 11
1103 11
1104 11
1105 11
1106 11
1107 -1
1108 11
1109 11
1110 11
1111 11
1112 11
1113 -1
1114 -1
1115 -1
1116 -1
1117 -1
1118 -1
1119 -1
1120 -1
1121 -1
1122 -1
1123 -1
1124 -1
1125 -1
1126 -1
1127 -1
1128 -1
1129 0
1130 0
1131 0
1132 0
1133 -1
1134 -1
1135 -1
1136 -1
1137 -1
1138 -1
1139 -1
1140 -1
1141 -1
1142 -1
1143 -1
1144 -1
1145 -1
1146 -1
1147 -1
1148 -1
1149 -1
1150 -1
1151 -1
1152 -1
1153 12
1154 12
1155 12
1156 12
1157 12
1158 12
1159 12
1160 12
1161 12
1162 12
1163 12
1164 12
1165 12
1166 12
1167 12
1168 12
1169 12
1170 12
1171 12
1172 12
1173 12
1174 12
1175 12
1176 12
1177 12
1178 12
1179 12
1180 12
1181 12
1182 12
1183 12
1184 12
1185 12
1186 12
1187 12
1188 12
1189 12
1190 12
1191 12
1192 12
1193 12
1194 12
1195 12
1196 12
1197 12
1198 12
1199 12
1200 12
1201 12
1202 12
1203 12
1204 12
1205 12
1206 12
1207 12
1208 12
1209 12
1210 12
1211 12
1212 12
1213 12
1214 12
1215 12
1216 12
1217 12
1218 12
1219 12
1220 12
1221 12
1222 12
1223 12
1224 12
1225 12
1226 12
1227 12
1228 12
1229 12
1230 12
1231 12
1232 12
1233 12
1234 12
1235 12
1236 12
1237 12
1238 12
1239 12
1240 12
1241 12
1242 12
1243 12
1244 12
1245 12
1246 12
1247 12
1248 12
1249 12
1250 12
1251 -1
1252 -1
1253 -1
1254 -1
1255 -1
1256 -1
1257 -1
1258 13
1259 13
1260 13
1261 13
1262 13
1263 13
1264 13
1265 13
1266 13
1267 13
1268 13
1269 13
1270 13
1271 13
1272 13
1273 13
1274 13
1275 13
1276 13
1277 13
1278 13
1279 13
1280 13
1281 13
1282 13
1283 13
1284 13
1285 13
1286 13
1287 13
1288 -1
1289 -1
1290 -1
1291 -1
1292 -1
1293 -1
1294 -1
1295 -1
1296 -1
1297 -1
1298 -1
1299 -1
1300 -1
1301 -1
1302 -1
1303 -1
1304 -1
1305 -1
1306 -1
1307 -1
1308 14
1309 14
1310 14
1311 14
1312 14
1313 14
1314 14
1315 14
1316 14
1317 14
1318 14
1319 14
1320 14
1321 14
1322 14
1323 14
1324 14
1325 14
1326 14
1327 14
1328 14
1329 14
1330 14
1331 14
1332 14
1333 14
1334 14
1335 14
1336 14
1337 14
1338 14
1339 14
1340 14
1341 14
1342 14
1343 14
1344 14
1345 14
1346 14
1347 14
1348 14
1349 14
1350 14
1351 14
1352 14
1353 14
1354 14
1355 14
1356 14
1357 14
1358 14
1359 14
1360 14
1361 14
1362 -1
1363 -1
1364 -1
1365 -1
1366 -1
1367 -1
1368 -1
1369 -1
1370 -1
1371 -1
1372 -1
1373 -1
1374 -1
1375 -1
1376 -1
1377 -1
1378 -1
1379 -1
1380 -1
1381 -1
1382 -1
1383 -1
1384 -1
1385 -1
1386 -1
1387 15
1388 15
1389 15
1390 15
1391 15
1392 15
1393 15
1394 15
1395 15
1396 15
1397 15
1398 -1
1399 15
1400 -1
1401 15
1402 15
1403 15
1404 -1
1405 15
1406 -1
1407 -1
1408 -1
1409 -1
1410 -1
1411 -1
1412 -1
1413 15
1414 15
1415 15
1416 15
1417 15
1418 15
1419 15
1420 15
1421 15
1422 15
1423 15
1424 15
1425 15
1426 15
1427 15
1428 15
1429 15
1430 15
1431 15
1432 15
1433 15
1434 15
1435 15
1436 15
1437 15
1438 15
1439 15
1440 15
1441 15
1442 15
1443 15
1444 15
1445 15
1446 15
1447 15
1448 15
1449 15
1450 15
1451 15
1452 15
1453 15
1454 15
1455 15
1456 15
1457 15
1458 15
1459 15
1460 -1
1461 -1
1462 -1
1463 -1
1464 -1
1465 -1
1466 -1
1467 -1
1468 -1
1469 -1
1470 -1
1471 -1
1472 -1
1473 -1
1474 -1
1475 -1
1476 -1
1477 -1
1478 -1
1479 -1
1480 -1
1481 -1
1482 -1
1483 -1
1484 -1
1485 -1
1486 -1
1487 -1
1488 -1
1489 16
1490 16
1491 16
1492 16
1493 16
1494 16
1495 16
1496 16
1497 16
1498 16
1499 16
1500 16
1501 16
1502 16
1503 16
1504 16
1505 16
1506 16
1507 -1
1508 -1
1509 -1
1510 -1
1511 -1
1512 -1
1513 -1
1514 -1
1515 -1
1516 -1
1517 -1
1518 -1
1519 -1
1520 -1
1521 -1
1522 -1
1523 -1
1524 -1
1525 -1
1526 -1
1527 -1
1528 17
1529 17
1530 17
1531 17
1532 17
1533 17
1534 17
1535 17
1536 17
1537 17
1538 17
1539 17
1540 17
1541 17
1542 17
1543 17
1544 17
1545 17
1546 17
1547 17
1548 17
1549 17
1550 17
1551 17
1552 17
1553 17
1554 17
1555 17
1556 17
1557 17
1558 17
1559 17
1560 17
1561 17
1562 17
1563 17
1564 17
1565 17
1566 17
1567 17
1568 17
1569 17
1570 17
1571 17
1572 17
1573 17
1574 17
1575 17
1576 17
1577 17
1578 17
1579 -1
1580 -1
1581 -1
1582 -1
1583 -1
1584 -1
1585 -1
1586 -1
1587 -1
1588 -1
1589 -1
1590 18
1591 18
1592 18
1593 18
1594 18
1595 18
1596 18
1597 18
1598 18
1599 18
1600 18
1601 18
1602 18
1603 18
1604 18
1605 18
1606 18
1607 18
1608 18
1609 -1
1610 -1
1611 -1
1612 -1
1613 -1
1614 -1
1615 -1
1616 -1
1617 -1
1618 18
1619 18
1620 18
1621 18
1622 18
1623 18
1624 18
1625 18
1626 18
1627 18
1628 18
1629 18
1630 18
1631 18
1632 18
1633 18
1634 18
1635 18
1636 18
1637 18
1638 -1
1639 -1
1640 -1
1641 18
1642 18
1643 18
1644 18
1645 18
1646 18
1647 -1
1648 18
1649 -1
1650 -1
1651 -1
1652 -1
1653 -1
1654 -1
1655 -1
1656 -1
1657 -1
1658 18
1659 18
1660 18
1661 -1
1662 18
1663 18
1664 18
1665 18
1666 18
1667 18
1668 18
1669 18
1670 18
1671 18
1672 18
1673 18
1674 18
1675 18
1676 18
1677 18
1678 18
1679 18
1680 18
1681 18
1682 18
1683 -1
1684 -1
1685 -1
1686 -1
1687 -1
1688 -1
1689 -1
1690 -1
1691 -1
1692 -1
1693 -1
1694 -1
1695 -1
1696 -1
1697 -1
1698 -1
1699 -1
1700 -1
1701 -1
1702 -1
1703 -1
1704 -1
1705 -1
1706 -1
1707 -1
1708 -1
1709 -1
1710 19
1711 19
1712 19
1713 19
1714 19
1715 19
1716 19
1717 19
1718 19
1719 19
1720 19
1721 19
1722 19
1723 19
1724 19
1725 19
1726 19
1727 19
1728 19
1729 19
1730 19
1731 19
1732 19
1733 19
1734 19
1735 19
1736 19
1737 19
1738 19
1739 19
1740 19
1741 19
1742 19
1743 19
1744 19
1745 19
1746 19
1747 19
1748 19
1749 19
1750 19
1751 19
1752 19
1753 19
1754 19
1755 19
1756 19
1757 19
1758 19
1759 19
1760 19
1761 19
1762 19
1763 19
1764 19
1765 19
1766 19
1767 19
1768 19
1769 -1
1770 -1
1771 -1
1772 -1
1773 -1
1774 -1
1775 -1
1776 20
1777 20
1778 20
1779 20
1780 20
1781 20
1782 20
1783 20
1784 20
1785 20
1786 20
1787 20
1788 20
1789 20
1790 20
1791 20
1792 20
1793 20
1794 20
1795 20
1796 20
1797 20
1798 20
1799 20
1800 20
1801 -1
1802 -1
1803 -1
1804 -1
1805 -1
1806 -1
1807 -1
1808 -1
1809 -1
1810 -1
1811 -1
1812 -1
1813 -1
1814 -1
1815 -1
1816 21
1817 21
1818 21
1819 -1
1820 -1
1821 -1
1822 -1
1823 -1
1824 -1
1825 -1
1826 -1
1827 -1
1828 -1
1829 -1
1830 -1
1831 -1
1832 -1
1833 -1
1834 -1
1835 -1
1836 -1
1837 -1
1838 -1
1839 -1
1840 -1
1841 -1
1842 -1
1843 -1
1844 -1
1845 -1
1846 -1
1847 -1
1848 -1
1849 -1
1850 -1
1851 -1
1852 -1
1853 -1
1854 -1
1855 -1
1856 -1
1857 -1
1858 -1
1859 -1
1860 -1
1861 -1
1862 -1
1863 -1
1864 -1
1865 -1
1866 -1
1867 -1
1868 -1
1869 -1
1870 -1
1871 -1
1872 -1
1873 -1
1874 -1
1875 -1
1876 -1
1877 -1
1878 -1
1879 -1
1880 22
1881 22
1882 22
1883 22
1884 22
1885 22
1886 22
1887 22
1888 22
1889 -1
1890 22
1891 -1
1892 -1
1893 -1
1894 -1
1895 -1
1896 -1
1897 -1
1898 -1
1899 -1
1900 -1
1901 -1
1902 -1
1903 -1
1904 -1
1905 21
1906 21
1907 21
1908 21
1909 21
1910 21
1911 21
1912 21
1913 21
1914 21
1915 21
1916 21
1917 21
1918 21
1919 -1
1920 -1
1921 -1
1922 -1
1923 -1
1924 -1
1925 -1
1926 -1
1927 -1
1928 -1
1929 -1
1930 21
1931 21
1932 21
1933 21
1934 21
1935 21
1936 21
1937 21
1938 21
1939 21
1940 21
1941 21
1942 21
1943 21
1944 21
1945 21
1946 21
1947 21
1948 21
1949 21
1950 21
1951 21
1952 21
1953 21
1954 21
1955 21
1956 21
1957 21
1958 21
1959 21
1960 21
1961 21
1962 21
1963 21
1964 -1
1965 -1
1966 -1
1967 -1
1968 -1
1969 -1
1970 -1
1971 -1
1972 22
1973 22
1974 22
1975 22
1976 22
1977 22
1978 22
1979 22
1980 22
1981 22
1982 22
1983 22
1984 22
1985 22
1986 22
1987 22
1988 22
1989 22
1990 22
1991 22
1992 22
1993 22
1994 22
1995 22
1996 22
1997 22
1998 22
1999 22
2000 22
2001 22
2002 22
2003 22
2004 22
2005 22
2006 22
2007 22
2008 22
2009 22
2010 22
2011 22
2012 22
2013 -1
2014 -1
2015 -1
2016 -1
2017 -1
2018 -1
2019 -1
2020 -1
2021 -1
2022 -1
2023 -1
2024 -1
2025 -1
2026 -1
2027 -1
2028 -1
2029 23
2030 -1
2031 23
2032 23
2033 23
2034 23
2035 23
2036 23
2037 23
2038 23
2039 23
2040 23
2041 23
2042 23
2043 23
2044 23
2045 23
2046 -1
2047 23
2048 23
2049 23
2050 23
2051 23
2052 23
2053 23
2054 -1
2055 -1
2056 -1
2057 -1
2058 -1
2059 -1
2060 -1
2061 -1
2062 -1
2063 -1
2064 -1
2065 -1
2066 -1
2067 -1
2068 -1
2069 -1
2070 -1
2071 -1
2072 -1
2073 -1
2074 -1
2075 -1
2076 -1
2077 24
2078 24
2079 24
2080 -1
2081 -1
2082 -1
2083 -1
2084 -1
2085 24
2086 24
2087 24
2088 24
2089 24
2090 24
2091 24
2092 24
2093 24
2094 24
2095 24
2096 24
2097 24
2098 24
2099 24
2100 24
2101 24
2102 24
2103 24
2104 24
2105 24
2106 24
2107 24
2108 24
2109 24
2110 24
2111 24
2112 24
2113 24
2114 24
2115 24
2116 24
2117 24
2118 24
2119 24
2120 24
2121 24
2122 24
2123 -1
2124 -1
2125 -1
2126 -1
2127 -1
2128 -1
2129 -1
2130 25
2131 25
2132 25
2133 25
2134 25
2135 25
2136 25
2137 25
2138 25
2139 25
2140 25
2141 25
2142 25
2143 25
2144 25
2145 25
2146 25
2147 25
2148 25
2149 25
2150 25
2151 25
2152 25
2153 25
2154 25
2155 25
2156 25
2157 25
2158 25
2159 25
2160 25
2161 25
2162 25
2163 25
2164 25
2165 25
2166 25
2167 25
2168 25
2169 25
2170 25
2171 25
2172 25
2173 25
2174 25
2175 25
2176 25
2177 25
2178 25
2179 25
2180 25
2181 25
2182 25
2183 25
2184 25
2185 25
2186 25
2187 25
2188 25
2189 25
2190 25
2191 25
2192 25
2193 25
2194 25
2195 25
2196 25
2197 25
2198 25
2199 25
2200 25
2201 25
2202 25
2203 25
2204 25
2205 25
2206 25
2207 25
2208 25
2209 25
2210 25
2211 25
2212 25
2213 25
2214 25
2215 25
2216 25
2217 25
2218 25
2219 -1
2220 -1
2221 -1
2222 -1
2223 -1
2224 -1
2225 -1
2226 -1
2227 -1
2228 -1
2229 -1
2230 -1
2231 -1
2232 26
2233 26
2234 26
2235 26
2236 26
2237 26
2238 26
2239 26
2240 26
2241 26
2242 26
2243 26
2244 26
2245 26
2246 26
2247 26
2248 26
2249 26
2250 26
2251 26
2252 26
2253 26
2254 26
2255 26
2256 26
2257 26
2258 26
2259 26
2260 26
2261 26
2262 26
2263 26
2264 26
2265 26
2266 26
2267 26
2268 26
2269 26
2270 26
2271 26
2272 26
2273 26
2274 26
2275 26
2276 26
2277 26
2278 26
2279 26
2280 26
2281 26
2282 26
2283 26
2284 26
2285 26
2286 26
2287 26
2288 26
2289 26
2290 26
2291 26
2292 26
2293 26
2294 26
2295 26
2296 26
2297 26
2298 26
2299 26
2300 26
2301 26
2302 26
2303 26
2304 26
2305 26
2306 26
2307 26
2308 26
2309 26
2310 26
2311 26
2312 26
2313 26
2314 26
2315 26
2316 -1
2317 -1
2318 -1
2319 -1
2320 -1
2321 -1
2322 -1
2323 27
2324 27
2325 27
2326 27
2327 27
2328 27
2329 27
2330 27
2331 27
2332 27
2333 27
2334 27
2335 27
2336 27
2337 27
2338 27
2339 27
2340 27
