0 -1
1 -1
2 -1
3 -1
4 -1
5 -1
6 -1
7 -1
8 -1
9 -1
10 -1
11 -1
12 -1
13 -1
14 0
15 0
16 0
17 0
18 0
19 0
20 0
21 0
22 0
23 0
24 0
25 0
26 0
27 0
28 0
29 0
30 0
31 0
32 0
33 0
34 0
35 0
36 0
37 0
38 0
39 0
40 0
41 0
42 0
43 0
44 0
45 0
46 0
47 0
48 0
49 0
50 0
51 0
52 0
53 0
54 0
55 0
56 0
57 0
58 0
59 0
60 0
61 0
62 0
63 0
64 0
65 0
66 0
67 0
68 0
69 0
70 0
71 0
72 0
73 0
74 0
75 0
76 0
77 0
78 0
79 -1
80 -1
81 -1
82 -1
83 -1
84 -1
85 -1
86 -1
87 -1
88 -1
89 -1
90 2
91 2
92 2
93 2
94 2
95 -1
96 -1
97 -1
98 -1
99 -1
100 -1
101 -1
102 -1
103 -1
104 -1
105 -1
106 -1
107 0
108 0
109 0
110 0
111 0
112 0
113 0
114 0
115 0
116 0
117 0
118 0
119 0
120 0
121 0
122 0
123 0
124 0
125 0
126 0
127 0
128 0
129 0
130 0
131 0
132 0
133 0
134 0
135 0
136 0
137 0
138 0
139 0
140 0
141 0
142 0
143 -1
144 -1
145 -1
146 -1
147 -1
148 -1
149 -1
150 1
151 1
152 1
153 1
154 1
155 1
156 1
157 1
158 1
159 1
160 1
161 1
162 1
163 1
164 1
165 1
166 1
167 1
168 -1
169 -1
170 -1
171 -1
172 -1
173 -1
174 -1
175 -1
176 -1
177 -1
178 -1
179 -1
180 -1
181 2
182 2
183 2
184 2
185 2
186 2
187 2
188 2
189 2
190 2
191 2
192 2
193 2
194 2
195 2
196 2
197 2
198 2
199 2
200 2
201 2
202 2
203 2
204 2
205 2
206 2
207 2
208 2
209 2
210 2
211 2
212 2
213 2
214 -1
215 -1
216 -1
217 -1
218 -1
219 -1
220 -1
221 -1
222 -1
223 3
224 3
225 3
226 3
227 3
228 3
229 3
230 3
231 3
232 3
233 3
234 3
235 3
236 3
237 3
238 3
239 3
240 3
241 3
242 3
243 3
244 3
245 3
246 3
247 3
248 3
249 3
250 3
251 3
252 3
253 3
254 3
255 3
256 3
257 3
258 3
259 3
260 3
261 3
262 3
263 -1
264 -1
265 -1
266 -1
267 -1
268 -1
269 -1
270 -1
271 -1
272 4
273 4
274 4
275 4
276 4
277 4
278 4
279 4
280 4
281 4
282 4
283 4
284 4
285 4
286 4
287 4
288 4
289 4
290 4
291 4
292 4
293 4
294 4
295 -1
296 -1
297 -1
298 -1
299 -1
300 -1
301 -1
302 -1
303 -1
304 5
305 5
306 5
307 5
308 5
309 5
310 5
311 5
312 5
313 5
314 5
315 5
316 5
317 5
318 5
319 5
320 5
321 5
322 5
323 5
324 5
325 5
326 5
327 5
328 5
329 5
330 -1
331 -1
332 -1
333 -1
334 -1
335 -1
336 -1
337 -1
338 -1
339 -1
340 -1
341 -1
342 -1
343 6
344 6
345 6
346 6
347 6
348 6
349 6
350 6
351 6
352 6
353 6
354 6
355 6
356 6
357 6
358 6
359 6
360 6
361 6
362 6
363 6
364 6
365 -1
366 6
367 -1
368 -1
369 -1
370 -1
371 -1
372 6
373 -1
374 6
375 -1
376 6
377 6
378 6
379 6
380 -1
381 -1
382 -1
383 -1
384 -1
385 -1
386 -1
387 6
388 6
389 6
390 6
391 6
392 6
393 6
394 6
395 6
396 6
397 6
398 6
399 6
400 6
401 6
402 6
403 6
404 6
405 6
406 6
407 6
408 6
409 -1
410 -1
411 -1
412 -1
413 -1
414 -1
415 -1
416 -1
417 -1
418 -1
419 7
420 7
421 7
422 7
423 7
424 7
425 7
426 7
427 7
428 7
429 7
430 7
431 7
432 7
433 7
434 7
435 7
436 7
437 7
438 7
439 7
440 7
441 7
442 7
443 7
444 7
445 7
446 7
447 7
448 7
449 7
450 7
451 7
452 7
453 7
454 7
455 7
456 7
457 7
458 7
459 7
460 7
461 7
462 7
463 7
464 7
465 7
466 7
467 7
468 7
469 7
470 7
471 7
472 7
473 7
474 7
475 7
476 7
477 7
478 7
479 7
480 -1
481 -1
482 -1
483 -1
484 -1
485 -1
486 -1
487 8
488 8
489 8
490 8
491 8
492 8
493 8
494 8
495 8
496 8
497 8
498 8
499 8
500 8
501 8
502 8
503 8
504 8
505 -1
506 -1
507 -1
508 -1
509 -1
510 -1
511 -1
512 -1
513 -1
514 9
515 -1
516 -1
517 -1
518 9
519 9
520 9
521 -1
522 -1
523 -1
524 -1
525 -1
526 9
527 -1
528 -1
529 -1
530 -1
531 -1
532 -1
533 -1
534 -1
535 -1
536 -1
537 -1
538 -1
539 -1
540 -1
541 10
542 10
543 10
544 10
545 10
546 10
547 10
548 10
549 10
550 10
551 10
552 10
553 10
554 10
555 10
556 10
557 10
558 10
559 10
560 -1
561 -1
562 -1
563 -1
564 -1
565 -1
566 -1
567 9
568 -1
569 -1
570 -1
571 9
572 -1
573 -1
574 -1
575 -1
576 -1
577 -1
578 -1
579 -1
580 -1
581 -1
582 11
583 11
584 11
585 11
586 11
587 11
588 11
589 11
590 11
591 11
592 11
593 11
594 11
595 11
596 11
597 11
598 11
599 11
600 11
601 11
602 11
603 11
604 11
605 11
606 11
607 11
608 11
609 11
610 11
611 11
612 11
613 11
614 11
615 11
616 11
617 11
618 11
619 11
620 -1
621 -1
622 -1
623 -1
624 -1
625 -1
626 -1
627 -1
628 -1
629 -1
630 -1
631 -1
632 -1
633 -1
634 -1
635 -1
636 -1
637 -1
638 -1
639 -1
640 -1
641 -1
642 -1
643 -1
644 12
645 12
646 12
647 12
648 12
649 12
650 12
651 12
652 12
653 12
654 12
655 12
656 12
657 12
658 12
659 12
660 12
661 12
662 12
663 12
664 12
665 12
666 12
667 12
668 12
669 12
670 12
671 12
672 12
673 12
674 12
675 12
676 12
677 12
678 12
679 12
680 12
681 12
682 12
683 -1
684 -1
685 -1
686 -1
687 -1
688 -1
689 -1
690 13
691 13
692 13
693 13
694 13
695 13
696 13
697 13
698 13
699 13
700 13
701 13
702 13
703 13
704 13
705 13
706 13
707 13
708 13
709 13
710 13
711 13
712 13
713 13
714 13
715 13
716 -1
717 -1
718 -1
719 -1
720 -1
721 -1
722 -1
723 -1
724 -1
725 -1
726 -1
727 -1
728 -1
729 -1
730 -1
731 -1
732 -1
733 -1
734 -1
735 14
736 14
737 14
738 14
739 14
740 14
741 14
742 14
743 14
744 14
745 14
746 14
747 14
748 14
749 14
750 14
751 14
752 14
753 14
754 14
755 -1
756 -1
757 -1
758 -1
759 -1
760 -1
761 -1
762 15
763 15
764 15
765 15
766 15
767 15
768 15
769 15
770 15
771 15
772 15
773 15
774 15
775 15
776 15
777 15
778 15
779 15
780 15
781 15
782 -1
783 -1
784 -1
785 -1
786 -1
787 -1
788 -1
789 -1
790 -1
791 -1
792 -1
793 -1
794 -1
795 -1
796 -1
797 -1
798 -1
799 16
800 16
801 16
802 16
803 -1
804 16
805 16
806 16
807 16
808 16
809 16
810 16
811 16
812 16
813 16
814 16
815 16
816 -1
817 -1
818 -1
819 -1
820 -1
821 -1
822 -1
823 -1
824 -1
825 -1
826 17
827 17
828 17
829 17
830 17
831 17
832 17
833 17
834 17
835 17
836 17
837 17
838 17
839 17
840 17
841 17
842 17
843 17
844 17
845 17
846 17
847 -1
848 -1
849 -1
850 -1
851 -1
852 -1
853 -1
854 -1
855 -1
856 18
857 18
858 18
859 18
860 18
861 18
862 18
863 18
864 18
865 18
866 18
867 18
868 18
869 18
870 18
871 18
872 18
873 18
874 18
875 18
876 18
877 18
878 18
879 18
880 18
881 18
882 18
883 18
884 18
885 18
886 18
887 18
888 -1
889 -1
890 -1
891 -1
892 -1
893 -1
894 -1
895 -1
896 -1
897 -1
898 -1
899 19
900 19
901 19
902 19
903 19
904 19
905 19
906 19
907 19
908 19
909 19
910 19
911 19
912 19
913 19
914 19
915 19
916 19
917 19
918 19
919 19
920 19
921 19
922 19
923 -1
924 -1
925 -1
926 -1
927 -1
928 -1
929 -1
930 20
931 20
932 20
933 20
934 20
935 20
936 20
937 20
938 20
939 20
940 20
941 20
942 20
943 20
944 20
945 20
946 20
947 20
948 -1
949 -1
950 -1
951 -1
952 -1
953 -1
954 -1
955 -1
956 -1
957 -1
958 -1
959 -1
960 -1
961 21
962 21
963 21
964 21
965 21
966 21
967 21
968 21
969 21
970 21
971 21
972 21
973 21
974 21
975 21
976 21
977 21
978 -1
979 -1
980 -1
981 -1
982 -1
983 -1
984 -1
985 22
986 22
987 22
988 22
989 22
990 22
991 22
992 22
993 22
994 22
995 22
996 22
997 22
998 22
999 22
1000 22
1001 22
1002 22
1003 22
1004 -1
1005 -1
1006 -1
1007 -1
1008 -1
1009 -1
1010 -1
1011 -1
1012 -1
1013 -1
1014 23
1015 23
1016 23
1017 23
1018 23
1019 23
1020 23
1021 23
1022 23
1023 23
1024 23
1025 23
1026 23
1027 23
1028 23
1029 23
1030 23
1031 23
1032 23
1033 23
1034 23
1035 23
1036 23
1037 23
1038 23
1039 23
1040 23
1041 23
1042 -1
1043 23
1044 -1
1045 -1
1046 -1
1047 -1
1048 -1
1049 -1
1050 -1
1051 -1
1052 -1
1053 -1
1054 -1
1055 -1
1056 -1
1057 -1
1058 -1
1059 24
1060 24
1061 24
1062 24
1063 24
1064 24
1065 24
1066 24
1067 24
1068 24
1069 24
1070 24
1071 24
1072 24
1073 24
1074 24
1075 24
1076 24
1077 24
1078 24
1079 24
1080 24
1081 24
1082 24
1083 24
1084 -1
1085 -1
1086 -1
1087 -1
1088 -1
1089 -1
1090 -1
1091 25
1092 25
1093 25
1094 25
1095 25
1096 25
1097 25
1098 25
1099 25
1100 25
1101 25
1102 25
1103 25
1104 25
1105 25
1106 25
1107 25
1108 25
1109 25
1110 25
1111 25
1112 25
1113 25
1114 25
1115 25
1116 25
1117 25
1118 25
1119 25
1120 -1
1121 -1
1122 -1
1123 -1
1124 -1
1125 -1
1126 -1
1127 -1
1128 -1
1129 -1
1130 -1
1131 26
1132 26
1133 26
1134 26
1135 26
1136 26
1137 26
1138 26
1139 26
1140 26
1141 26
1142 26
1143 26
1144 26
1145 26
1146 -1
1147 -1
1148 -1
1149 -1
1150 -1
1151 -1
1152 -1
1153 27
1154 27
1155 27
1156 27
1157 27
1158 27
