0 -1
1 -1
2 -1
3 -1
4 -1
5 -1
6 -1
7 -1
8 0
9 0
10 0
11 0
12 0
13 0
14 0
15 0
16 0
17 0
18 0
19 0
20 0
21 0
22 0
23 0
24 0
25 0
26 0
27 0
28 0
29 0
30 0
31 0
32 0
33 0
34 0
35 0
36 0
37 0
38 0
39 0
40 0
41 0
42 0
43 0
44 0
45 0
46 0
47 0
48 0
49 0
50 0
51 0
52 0
53 0
54 0
55 0
56 0
57 0
58 -1
59 -1
60 -1
61 -1
62 -1
63 -1
64 -1
65 1
66 1
67 1
68 1
69 1
70 1
71 1
72 1
73 1
74 1
75 1
76 1
77 1
78 1
79 1
80 1
81 1
82 1
83 1
84 1
85 1
86 1
87 1
88 1
89 1
90 1
91 -1
92 -1
93 -1
94 -1
95 -1
96 -1
97 -1
98 -1
99 -1
100 -1
101 -1
102 -1
103 -1
104 -1
105 -1
106 2
107 2
108 2
109 2
110 2
111 2
112 2
113 2
114 2
115 2
116 2
117 2
118 -1
119 -1
120 -1
121 2
122 2
123 2
124 2
125 2
126 2
127 2
128 2
129 2
130 2
131 2
132 2
133 2
134 2
135 2
136 2
137 2
138 2
139 2
140 2
141 2
142 2
143 2
144 2
145 2
146 2
147 2
148 2
149 2
150 2
151 2
152 2
153 2
154 2
155 2
156 2
157 2
158 2
159 2
160 2
161 2
162 2
163 2
164 2
165 2
166 2
167 2
168 2
169 -1
170 -1
171 -1
172 -1
173 -1
174 -1
175 -1
176 -1
177 -1
178 -1
179 -1
180 -1
181 -1
182 -1
183 -1
184 -1
185 -1
186 -1
187 -1
188 -1
189 -1
190 -1
191 -1
192 -1
193 -1
194 -1
195 -1
196 -1
197 -1
198 -1
199 -1
200 -1
201 -1
202 -1
203 -1
204 -1
205 -1
206 -1
207 -1
208 -1
209 -1
210 -1
211 -1
212 -1
213 -1
214 -1
215 2
216 2
217 2
218 2
219 2
220 2
221 2
222 2
223 2
224 2
225 2
226 2
227 2
228 2
229 2
230 2
231 2
232 2
233 2
234 2
235 2
236 2
237 -1
238 -1
239 -1
240 -1
241 -1
242 -1
243 -1
244 3
245 3
246 3
247 3
248 3
249 3
250 3
251 3
252 3
253 3
254 3
255 3
256 3
257 3
258 3
259 3
260 3
261 3
262 3
263 3
264 3
265 3
266 3
267 3
268 3
269 3
270 3
271 3
272 3
273 -1
274 -1
275 -1
276 -1
277 -1
278 -1
279 -1
280 -1
281 -1
282 -1
283 -1
284 -1
285 -1
286 4
287 -1
288 4
289 4
290 4
291 4
292 4
293 4
294 4
295 4
296 4
297 4
298 4
299 4
300 4
301 4
302 4
303 4
304 4
305 4
306 4
307 4
308 4
309 4
310 4
311 -1
312 -1
313 -1
314 -1
315 -1
316 -1
317 -1
318 -1
319 5
320 5
321 5
322 5
323 5
324 5
325 5
326 5
327 5
328 5
329 5
330 5
331 5
332 5
333 5
334 5
335 5
336 5
337 5
338 5
339 5
340 5
341 5
342 5
343 5
344 5
345 5
346 5
347 5
348 5
349 5
350 -1
351 5
352 5
353 5
354 5
355 -1
356 -1
357 -1
358 -1
359 -1
360 -1
361 -1
362 -1
363 -1
364 -1
365 -1
366 -1
367 -1
368 -1
369 -1
370 -1
371 -1
372 14
373 -1
374 14
375 14
376 14
377 14
378 14
379 14
380 14
381 14
382 14
383 14
384 14
385 14
386 -1
387 14
388 -1
389 -1
390 -1
391 -1
392 -1
393 -1
394 -1
395 -1
396 -1
397 -1
398 -1
399 -1
400 -1
401 -1
402 -1
403 -1
404 -1
405 -1
406 -1
407 -1
408 -1
409 -1
410 -1
411 -1
412 -1
413 -1
414 -1
415 -1
416 -1
417 -1
418 -1
419 -1
420 -1
421 -1
422 -1
423 -1
424 -1
425 -1
426 -1
427 -1
428 -1
429 -1
430 -1
431 -1
432 -1
433 -1
434 -1
435 -1
436 -1
437 -1
438 -1
439 7
440 7
441 7
442 7
443 7
444 7
445 7
446 7
447 7
448 7
449 7
450 7
451 7
452 7
453 7
454 7
455 7
456 7
457 7
458 7
459 7
460 7
461 7
462 7
463 7
464 7
465 7
466 7
467 7
468 7
469 7
470 7
471 7
472 7
473 7
474 7
475 7
476 7
477 7
478 7
479 7
480 7
481 7
482 7
483 7
484 7
485 7
486 7
487 7
488 7
489 7
490 7
491 7
492 7
493 7
494 7
495 7
496 7
497 7
498 7
499 7
500 7
501 7
502 7
503 7
504 7
505 7
506 7
507 7
508 7
509 7
510 7
511 7
512 -1
513 -1
514 -1
515 -1
516 -1
517 -1
518 -1
519 8
520 8
521 8
522 8
523 8
524 8
525 8
526 8
527 8
528 8
529 8
530 8
531 8
532 8
533 8
534 8
535 8
536 8
537 8
538 -1
539 -1
540 -1
541 -1
542 -1
543 -1
544 -1
545 -1
546 -1
547 -1
548 -1
549 -1
550 -1
551 -1
552 -1
553 -1
554 -1
555 -1
556 -1
557 10
558 -1
559 10
560 -1
561 10
562 -1
563 10
564 10
565 10
566 10
567 10
568 10
569 10
570 10
571 10
572 10
573 10
574 -1
575 -1
576 -1
577 -1
578 -1
579 -1
580 -1
581 9
582 9
583 9
584 9
585 9
586 9
587 9
588 9
589 9
590 9
591 9
592 9
593 9
594 9
595 -1
596 -1
597 -1
598 -1
599 -1
600 -1
601 -1
602 -1
603 -1
604 -1
605 -1
606 10
607 10
608 10
609 10
610 10
611 10
612 -1
613 10
614 -1
615 -1
616 -1
617 -1
618 -1
619 -1
620 -1
621 -1
622 -1
623 -1
624 -1
625 -1
626 -1
627 -1
628 -1
629 -1
630 -1
631 -1
632 -1
633 -1
634 -1
635 -1
636 -1
637 -1
638 -1
639 -1
640 -1
641 -1
642 -1
643 -1
644 -1
645 11
646 11
647 11
648 11
649 11
650 11
651 11
652 11
653 11
654 11
655 11
656 11
657 11
658 11
659 11
660 11
661 11
662 11
663 -1
664 -1
665 -1
666 -1
667 -1
668 -1
669 -1
670 0
671 0
672 0
673 0
674 0
675 0
676 0
677 0
678 -1
679 -1
680 -1
681 -1
682 -1
683 -1
684 -1
685 -1
686 12
687 12
688 12
689 12
690 12
691 12
692 12
693 12
694 12
695 12
696 12
697 12
698 12
699 12
700 12
701 12
702 12
703 12
704 12
705 12
706 12
707 -1
708 -1
709 -1
710 -1
711 -1
712 -1
713 -1
714 -1
715 -1
716 -1
717 -1
718 12
719 12
720 12
721 12
722 12
723 12
724 12
725 12
726 12
727 12
728 12
729 12
730 12
731 12
732 12
733 -1
734 -1
735 -1
736 -1
737 -1
738 -1
739 -1
740 13
741 13
742 13
743 13
744 13
745 13
746 13
747 13
748 13
749 13
750 13
751 13
752 13
753 13
754 13
755 13
756 13
757 13
758 -1
759 -1
760 -1
761 -1
762 -1
763 -1
764 -1
765 -1
766 -1
767 -1
768 -1
769 -1
770 -1
771 -1
772 -1
773 -1
774 14
775 14
776 14
777 14
778 -1
779 -1
780 -1
781 -1
782 -1
783 -1
784 -1
785 15
786 -1
787 -1
788 -1
789 -1
790 -1
791 -1
792 -1
793 14
794 14
795 14
796 14
797 14
798 14
799 14
800 14
801 14
802 14
803 14
804 14
805 14
806 14
807 14
808 14
809 14
810 14
811 14
812 14
813 14
814 14
815 14
816 14
817 14
818 14
819 14
820 14
821 14
822 14
823 14
824 14
825 14
826 14
827 14
828 14
829 14
830 14
831 14
832 14
833 14
834 14
835 14
836 14
837 14
838 14
839 14
840 14
841 14
842 14
843 14
844 14
845 14
846 14
847 14
848 14
849 14
850 14
851 14
852 -1
853 -1
854 -1
855 -1
856 -1
857 -1
858 -1
859 15
860 15
861 15
862 15
863 15
864 15
865 15
866 15
867 15
868 15
869 15
870 15
871 15
872 15
873 15
874 15
875 15
876 15
877 15
878 15
879 -1
880 -1
881 -1
882 -1
883 -1
884 -1
885 -1
886 -1
887 -1
888 -1
889 -1
890 -1
891 -1
892 -1
893 -1
894 -1
895 -1
896 -1
897 -1
898 -1
899 -1
900 -1
901 -1
902 -1
903 -1
904 -1
905 -1
906 -1
907 -1
908 -1
909 -1
910 -1
911 -1
912 -1
913 -1
914 -1
915 -1
916 -1
917 -1
918 -1
919 -1
920 -1
921 -1
922 -1
923 -1
924 16
925 16
926 16
927 -1
928 -1
929 -1
930 -1
931 -1
932 -1
933 -1
934 -1
935 -1
936 -1
937 -1
938 17
939 17
940 17
941 17
942 17
943 17
944 -1
945 -1
946 -1
947 -1
948 -1
949 -1
950 -1
951 17
952 17
953 17
954 17
955 17
956 17
957 17
958 17
959 17
960 17
961 17
962 17
963 17
964 17
965 17
966 17
967 17
968 17
969 17
970 17
971 17
972 17
973 17
974 17
975 17
976 17
977 17
978 17
979 17
980 17
981 17
982 17
983 17
984 17
985 17
986 17
987 17
988 17
989 17
990 17
991 17
992 17
993 17
994 17
995 17
996 17
997 17
998 17
999 17
1000 17
1001 17
1002 17
1003 17
1004 17
1005 17
1006 17
1007 17
1008 17
1009 17
1010 17
1011 17
1012 17
1013 17
1014 17
1015 17
1016 17
1017 17
1018 17
1019 17
1020 17
1021 17
1022 17
1023 -1
1024 -1
1025 -1
1026 -1
1027 -1
1028 -1
1029 -1
1030 -1
1031 -1
1032 -1
1033 -1
1034 -1
1035 18
1036 18
1037 18
1038 18
1039 18
1040 18
1041 18
1042 18
1043 18
1044 18
1045 18
1046 18
1047 18
1048 18
1049 18
1050 18
1051 18
1052 18
1053 18
1054 18
1055 18
1056 -1
1057 18
1058 18
1059 18
1060 18
1061 18
1062 18
1063 18
1064 18
1065 18
1066 18
1067 18
1068 18
1069 18
1070 18
1071 18
1072 18
1073 18
1074 18
1075 18
1076 18
1077 18
1078 18
1079 18
1080 18
1081 18
1082 18
1083 18
1084 18
1085 18
1086 18
1087 18
1088 18
1089 18
1090 18
1091 18
1092 18
1093 18
1094 18
1095 18
1096 -1
1097 -1
1098 -1
1099 -1
1100 -1
1101 -1
1102 -1
1103 -1
1104 -1
1105 -1
1106 -1
1107 -1
1108 -1
1109 -1
1110 -1
1111 -1
1112 -1
1113 -1
1114 -1
1115 -1
1116 19
1117 19
1118 19
1119 19
1120 19
1121 19
1122 19
1123 19
1124 19
1125 19
1126 19
1127 19
1128 19
1129 19
1130 19
1131 19
1132 19
1133 19
1134 19
1135 19
1136 19
1137 19
1138 19
1139 19
1140 19
1141 19
1142 19
1143 19
1144 19
1145 19
1146 19
1147 19
1148 -1
1149 -1
1150 -1
1151 -1
1152 -1
1153 -1
1154 -1
1155 20
1156 20
1157 20
1158 20
1159 20
1160 20
1161 20
1162 20
1163 20
1164 20
1165 20
1166 20
1167 20
1168 20
1169 20
1170 20
1171 20
1172 20
1173 20
1174 20
1175 -1
1176 -1
1177 -1
1178 -1
1179 -1
1180 -1
1181 -1
1182 -1
1183 21
1184 21
1185 21
1186 21
1187 21
1188 21
1189 21
1190 21
1191 21
1192 21
1193 21
1194 21
1195 21
1196 21
1197 21
1198 21
1199 21
1200 21
1201 21
1202 21
1203 21
1204 21
1205 21
1206 21
1207 21
1208 21
1209 21
1210 21
1211 21
1212 21
1213 21
1214 21
1215 21
1216 21
1217 21
1218 21
1219 21
1220 21
1221 21
1222 21
1223 21
1224 21
1225 21
1226 21
1227 21
1228 21
1229 21
1230 21
1231 -1
1232 -1
1233 -1
1234 -1
1235 -1
1236 -1
1237 -1
1238 22
1239 22
1240 22
1241 22
1242 22
1243 22
1244 22
1245 22
1246 22
1247 22
1248 22
1249 22
1250 22
1251 22
1252 22
1253 22
1254 22
1255 22
1256 22
1257 22
1258 22
1259 22
1260 22
1261 22
1262 22
1263 22
1264 22
1265 22
1266 22
1267 22
1268 22
1269 22
1270 22
1271 22
1272 22
1273 22
1274 22
1275 -1
1276 -1
1277 -1
1278 -1
1279 -1
1280 -1
1281 -1
1282 -1
1283 -1
1284 -1
1285 23
1286 23
1287 23
1288 23
1289 23
1290 23
1291 23
1292 23
1293 23
1294 23
1295 23
1296 23
1297 23
1298 23
1299 23
1300 23
1301 23
1302 23
1303 23
1304 23
1305 23
1306 23
1307 23
1308 23
1309 23
1310 23
1311 23
1312 23
1313 23
1314 23
1315 -1
1316 -1
1317 -1
1318 -1
1319 -1
1320 -1
1321 -1
1322 -1
1323 -1
1324 -1
1325 -1
1326 -1
1327 -1
1328 -1
1329 -1
1330 24
1331 24
1332 24
1333 24
1334 24
1335 24
1336 24
1337 24
1338 24
1339 24
1340 24
1341 24
1342 24
1343 24
1344 24
1345 24
1346 24
1347 24
1348 24
1349 24
1350 24
1351 24
1352 24
1353 24
1354 24
1355 24
1356 24
1357 24
1358 24
1359 24
1360 24
1361 24
1362 24
1363 24
1364 24
1365 -1
1366 -1
1367 -1
1368 -1
1369 -1
1370 -1
1371 -1
1372 25
1373 25
1374 25
1375 25
1376 25
1377 25
1378 25
1379 25
1380 25
1381 25
1382 25
1383 25
1384 25
1385 25
1386 25
1387 25
1388 25
1389 25
1390 25
1391 25
1392 25
1393 25
1394 25
1395 25
1396 25
1397 25
1398 25
1399 25
1400 25
1401 25
1402 25
1403 25
1404 25
1405 25
1406 25
1407 25
1408 25
1409 25
1410 25
1411 25
1412 25
1413 -1
1414 -1
1415 -1
1416 -1
1417 -1
1418 -1
1419 -1
1420 26
1421 26
1422 26
1423 26
1424 26
1425 26
1426 26
1427 26
1428 26
1429 26
1430 26
1431 26
1432 26
1433 26
1434 26
1435 26
1436 26
1437 26
1438 26
1439 26
1440 26
1441 -1
1442 -1
1443 -1
1444 -1
1445 -1
1446 -1
1447 -1
1448 27
1449 27
1450 27
1451 27
1452 27
1453 27
1454 27
1455 27
1456 27
1457 27
1458 27
1459 27
1460 27
1461 27
1462 27
1463 27
1464 27
1465 27
1466 27
1467 27
1468 27
1469 27
1470 27
1471 27
1472 27
1473 27
1474 -1
1475 -1
1476 -1
1477 -1
1478 -1
1479 -1
1480 -1
1481 2
1482 2
1483 2
1484 2
1485 2
1486 2
1487 2
1488 2
1489 2
1490 2
1491 2
1492 2
1493 2
1494 2
1495 -1
1496 -1
1497 -1
1498 -1
1499 -1
1500 -1
1501 -1
1502 -1
1503 27
1504 27
1505 27
1506 27
1507 27
1508 27
1509 27
1510 27
1511 27
1512 27
1513 27
1514 27
1515 27
1516 27
1517 27
1518 27
1519 27
1520 27
1521 27
1522 27
1523 27
1524 27
1525 27
1526 27
1527 27
1528 27
1529 27
1530 27
1531 27
1532 27
1533 27
1534 27
