0 -1
1 -1
2 -1
3 -1
4 -1
5 -1
6 -1
7 -1
8 -1
9 -1
10 -1
11 -1
12 -1
13 -1
14 -1
15 -1
16 -1
17 -1
18 -1
19 -1
20 -1
21 -1
22 -1
23 -1
24 -1
25 -1
26 -1
27 -1
28 -1
29 -1
30 -1
31 -1
32 -1
33 -1
34 -1
35 -1
36 -1
37 -1
38 -1
39 -1
40 -1
41 -1
42 -1
43 -1
44 -1
45 -1
46 -1
47 -1
48 -1
49 -1
50 -1
51 -1
52 -1
53 18
54 18
55 18
56 18
57 18
58 18
59 18
60 18
61 18
62 18
63 18
64 18
65 18
66 18
67 -1
68 -1
69 -1
70 -1
71 -1
72 -1
73 -1
74 -1
75 -1
76 -1
77 -1
78 -1
79 -1
80 -1
81 -1
82 -1
83 -1
84 -1
85 -1
86 -1
87 -1
88 -1
89 -1
90 -1
91 -1
92 -1
93 1
94 1
95 1
96 1
97 1
98 1
99 1
100 1
101 -1
102 -1
103 -1
104 -1
105 -1
106 -1
107 -1
108 -1
109 -1
110 -1
111 -1
112 -1
113 -1
114 -1
115 -1
116 -1
117 -1
118 -1
119 -1
120 2
121 2
122 2
123 2
124 2
125 2
126 2
127 2
128 2
129 2
130 2
131 2
132 2
133 2
134 2
135 2
136 2
137 2
138 2
139 2
140 2
141 2
142 2
143 2
144 2
145 2
146 2
147 2
148 2
149 2
150 2
151 2
152 2
153 2
154 2
155 2
156 2
157 2
158 2
159 2
160 2
161 2
162 2
163 2
164 2
165 2
166 2
167 2
168 2
169 2
170 2
171 2
172 2
173 2
174 2
175 2
176 2
177 2
178 2
179 2
180 2
181 2
182 -1
183 2
184 -1
185 2
186 2
187 2
188 2
189 2
190 2
191 2
192 -1
193 -1
194 -1
195 -1
196 -1
197 -1
198 -1
199 -1
200 -1
201 -1
202 -1
203 -1
204 -1
205 -1
206 -1
207 -1
208 -1
209 2
210 -1
211 2
212 2
213 2
214 -1
215 2
216 -1
217 -1
218 -1
219 -1
220 -1
221 -1
222 -1
223 -1
224 -1
225 2
226 -1
227 2
228 -1
229 2
230 -1
231 -1
232 -1
233 -1
234 -1
235 -1
236 -1
237 -1
238 -1
239 -1
240 -1
241 -1
242 -1
243 -1
244 -1
245 -1
246 -1
247 -1
248 3
249 3
250 3
251 3
252 3
253 3
254 3
255 3
256 3
257 3
258 3
259 3
260 3
261 -1
262 -1
263 -1
264 -1
265 -1
266 -1
267 -1
268 -1
269 -1
270 -1
271 -1
272 -1
273 -1
274 -1
275 -1
276 -1
277 -1
278 -1
279 -1
280 -1
281 -1
282 -1
283 -1
284 -1
285 -1
286 -1
287 -1
288 -1
289 -1
290 -1
291 -1
292 -1
293 -1
294 -1
295 -1
296 -1
297 -1
298 -1
299 -1
300 -1
301 -1
302 -1
303 -1
304 -1
305 -1
306 -1
307 -1
308 -1
309 -1
310 -1
311 -1
312 -1
313 -1
314 -1
315 -1
316 -1
317 -1
318 -1
319 -1
320 -1
321 -1
322 -1
323 -1
324 -1
325 -1
326 -1
327 -1
328 -1
329 -1
330 -1
331 -1
332 -1
333 -1
334 -1
335 -1
336 -1
337 -1
338 -1
339 -1
340 -1
341 -1
342 -1
343 -1
344 -1
345 -1
346 -1
347 -1
348 -1
349 -1
350 10
351 -1
352 10
353 10
354 10
355 10
356 10
357 -1
358 -1
359 -1
360 -1
361 -1
362 -1
363 -1
364 -1
365 -1
366 -1
367 -1
368 -1
369 -1
370 -1
371 -1
372 -1
373 -1
374 -1
375 -1
376 -1
377 -1
378 -1
379 -1
380 -1
381 -1
382 -1
383 -1
384 -1
385 -1
386 -1
387 -1
388 -1
389 -1
390 -1
391 -1
392 -1
393 -1
394 -1
395 -1
396 -1
397 -1
398 -1
399 -1
400 -1
401 -1
402 -1
403 -1
404 -1
405 -1
406 -1
407 -1
408 -1
409 -1
410 5
411 5
412 5
413 5
414 5
415 5
416 5
417 5
418 5
419 5
420 5
421 5
422 5
423 5
424 5
425 5
426 5
427 5
428 5
429 -1
430 -1
431 -1
432 -1
433 -1
434 -1
435 -1
436 -1
437 -1
438 -1
439 -1
440 -1
441 -1
442 7
443 -1
444 -1
445 -1
446 -1
447 -1
448 -1
449 -1
450 -1
451 -1
452 -1
453 -1
454 7
455 7
456 7
457 7
458 7
459 7
460 7
461 -1
462 -1
463 -1
464 -1
465 -1
466 -1
467 -1
468 -1
469 -1
470 -1
471 -1
472 -1
473 -1
474 -1
475 -1
476 2
477 -1
478 2
479 -1
480 -1
481 -1
482 -1
483 -1
484 -1
485 -1
486 -1
487 -1
488 8
489 8
490 8
491 8
492 8
493 8
494 8
495 8
496 8
497 -1
498 -1
499 -1
500 -1
501 -1
502 -1
503 -1
504 -1
505 -1
506 9
507 9
508 9
509 9
510 9
511 9
512 9
513 9
514 9
515 9
516 9
517 9
518 9
519 9
520 9
521 9
522 9
523 9
524 9
525 9
526 9
527 9
528 9
529 9
530 9
531 9
532 9
533 -1
534 -1
535 -1
536 -1
537 -1
538 -1
539 -1
540 10
541 10
542 10
543 10
544 10
545 10
546 10
547 10
548 10
549 10
550 10
551 10
552 10
553 10
554 10
555 -1
556 10
557 10
558 10
559 10
560 -1
561 10
562 10
563 10
564 10
565 10
566 10
567 10
568 10
569 -1
570 -1
571 -1
572 -1
573 -1
574 -1
575 -1
576 -1
577 -1
578 -1
579 -1
580 -1
581 -1
582 -1
583 11
584 11
585 11
586 -1
587 -1
588 -1
589 -1
590 -1
591 -1
592 -1
593 -1
594 -1
595 -1
596 -1
597 -1
598 -1
599 -1
600 -1
601 -1
602 -1
603 -1
604 -1
605 -1
606 -1
607 -1
608 -1
609 -1
610 -1
611 -1
612 -1
613 -1
614 -1
615 -1
616 -1
617 -1
618 -1
619 -1
620 -1
621 -1
622 -1
623 -1
624 -1
625 -1
626 -1
627 -1
628 -1
629 12
630 12
631 12
632 12
633 12
634 12
635 12
636 12
637 12
638 12
639 12
640 12
641 12
642 12
643 12
644 12
645 12
646 12
647 12
648 12
649 12
650 12
651 12
652 12
653 12
654 -1
655 12
656 12
657 12
658 12
659 -1
660 -1
661 -1
662 -1
663 -1
664 -1
665 -1
666 -1
667 -1
668 -1
669 -1
670 -1
671 -1
672 -1
673 -1
674 -1
675 -1
676 -1
677 -1
678 13
679 13
680 13
681 13
682 13
683 13
684 13
685 -1
686 -1
687 -1
688 -1
689 -1
690 -1
691 -1
692 -1
693 -1
694 14
695 -1
696 -1
697 -1
698 14
699 14
700 14
701 14
702 14
703 14
704 14
705 14
706 14
707 -1
708 14
709 14
710 14
711 14
712 14
713 14
714 14
715 14
716 14
717 14
718 14
719 14
720 14
721 14
722 14
723 14
724 14
725 14
726 14
727 14
728 14
729 -1
730 14
731 14
732 14
733 14
734 14
735 14
736 14
737 14
738 14
739 14
740 14
741 14
742 14
743 14
744 14
745 14
746 14
747 14
748 14
749 14
750 14
751 14
752 14
753 14
754 14
755 14
756 14
757 14
758 14
759 14
760 14
761 14
762 14
763 14
764 14
765 14
766 14
767 -1
768 -1
769 -1
770 -1
771 -1
772 -1
773 -1
774 15
775 15
776 15
777 15
778 15
779 15
780 15
781 15
782 15
783 15
784 15
785 15
786 15
787 15
788 15
789 15
790 -1
791 -1
792 -1
793 -1
794 -1
795 -1
796 -1
797 14
798 14
799 14
800 14
801 14
802 14
803 14
804 14
805 14
806 14
807 14
808 14
809 14
810 14
811 14
812 14
813 14
814 14
815 14
816 14
817 14
818 14
819 14
820 14
821 14
822 14
823 14
824 14
825 14
826 14
827 14
828 14
829 14
830 14
831 14
832 14
833 14
834 -1
835 -1
836 -1
837 -1
838 -1
839 -1
840 -1
841 -1
842 -1
843 -1
844 -1
845 -1
846 -1
847 -1
848 -1
849 -1
850 -1
851 -1
852 -1
853 -1
854 -1
855 -1
856 -1
857 -1
858 -1
859 -1
860 -1
861 -1
862 -1
863 -1
864 -1
865 -1
866 -1
867 -1
868 14
869 14
870 14
871 -1
872 -1
873 -1
874 -1
875 -1
876 -1
877 -1
878 -1
879 -1
880 -1
881 -1
882 -1
883 -1
884 -1
885 -1
886 -1
887 -1
888 -1
889 -1
890 -1
891 -1
892 -1
893 -1
894 -1
895 -1
896 -1
897 18
898 18
899 18
900 -1
901 18
902 18
903 18
904 -1
905 -1
906 -1
907 18
908 18
909 18
910 18
911 18
912 18
913 -1
914 18
915 -1
916 18
917 -1
918 18
919 18
920 18
921 18
922 18
923 18
924 18
925 18
926 18
927 18
928 18
929 18
930 18
931 18
932 18
933 18
934 18
935 18
936 18
937 18
938 18
939 18
940 18
941 18
942 18
943 18
944 18
945 -1
946 -1
947 -1
948 -1
949 -1
950 -1
951 -1
952 19
953 19
954 19
955 19
956 19
957 19
958 19
959 19
960 19
961 19
962 19
963 19
964 19
965 19
966 19
967 19
968 19
969 19
970 -1
971 -1
972 -1
973 -1
974 -1
975 -1
976 -1
977 20
978 20
979 20
980 20
981 20
982 20
983 20
984 20
985 20
986 20
987 20
988 20
989 20
990 20
991 20
992 20
993 20
994 -1
995 -1
996 -1
997 -1
998 -1
999 -1
1000 -1
1001 -1
1002 -1
1003 -1
1004 -1
1005 22
1006 22
1007 22
1008 -1
1009 -1
1010 -1
1011 -1
1012 -1
1013 -1
1014 -1
1015 -1
1016 -1
1017 -1
1018 -1
1019 -1
1020 -1
1021 -1
1022 -1
1023 -1
1024 -1
1025 -1
1026 -1
1027 -1
1028 -1
1029 -1
1030 -1
1031 21
1032 21
1033 21
1034 -1
1035 -1
1036 -1
1037 -1
1038 -1
1039 -1
1040 -1
1041 -1
1042 -1
1043 -1
1044 -1
1045 22
1046 22
1047 22
1048 22
1049 22
1050 22
1051 22
1052 22
1053 22
1054 22
1055 22
1056 22
1057 -1
1058 -1
1059 -1
1060 -1
1061 -1
1062 -1
1063 -1
1064 -1
1065 -1
1066 -1
1067 -1
1068 -1
1069 -1
1070 -1
1071 15
1072 15
1073 15
1074 -1
1075 -1
1076 -1
1077 -1
1078 -1
1079 -1
1080 -1
1081 15
1082 -1
1083 15
1084 15
1085 15
1086 15
1087 15
1088 15
1089 -1
1090 -1
1091 -1
1092 -1
1093 -1
1094 -1
1095 -1
1096 -1
1097 -1
1098 -1
1099 -1
1100 -1
1101 -1
1102 -1
1103 -1
1104 -1
1105 -1
1106 -1
1107 -1
1108 -1
1109 -1
1110 -1
1111 -1
1112 -1
1113 -1
1114 -1
1115 -1
1116 -1
1117 24
1118 24
1119 24
1120 24
1121 24
1122 24
1123 24
1124 24
1125 24
1126 24
1127 24
1128 24
1129 24
1130 24
1131 24
1132 24
1133 24
1134 24
1135 24
1136 24
1137 24
1138 24
1139 24
1140 24
1141 24
1142 24
1143 24
1144 24
1145 24
1146 24
1147 24
1148 -1
1149 -1
1150 -1
1151 -1
1152 -1
1153 -1
1154 -1
1155 -1
1156 -1
1157 -1
1158 -1
1159 -1
1160 -1
1161 -1
1162 -1
1163 -1
1164 -1
1165 25
1166 25
1167 25
1168 25
1169 25
1170 25
1171 25
1172 25
1173 -1
1174 -1
1175 -1
1176 -1
1177 -1
1178 -1
1179 -1
1180 -1
1181 -1
1182 -1
1183 -1
1184 -1
1185 -1
1186 -1
1187 -1
1188 -1
1189 -1
1190 -1
1191 -1
1192 -1
1193 -1
1194 26
1195 26
1196 26
1197 26
1198 26
1199 26
1200 26
1201 26
1202 26
1203 26
1204 26
1205 26
1206 26
1207 26
1208 26
1209 26
1210 26
1211 26
1212 26
1213 26
1214 26
1215 26
1216 26
1217 -1
1218 -1
1219 -1
1220 -1
1221 -1
1222 -1
1223 -1
1224 -1
1225 -1
1226 -1
1227 -1
1228 -1
1229 -1
1230 -1
1231 -1
1232 -1
