0 -1
1 -1
2 -1
3 -1
4 -1
5 -1
6 -1
7 -1
8 0
9 0
10 0
11 0
12 0
13 0
14 0
15 0
16 0
17 0
18 0
19 0
20 0
21 0
22 0
23 0
24 0
25 0
26 0
27 0
28 0
29 0
30 0
31 0
32 0
33 0
34 0
35 0
36 0
37 0
38 0
39 0
40 -1
41 -1
42 -1
43 -1
44 -1
45 -1
46 -1
47 1
48 1
49 1
50 1
51 1
52 1
53 1
54 1
55 1
56 -1
57 1
58 -1
59 -1
60 -1
61 1
62 1
63 1
64 1
65 1
66 1
67 1
68 -1
69 -1
70 -1
71 -1
72 -1
73 -1
74 -1
75 -1
76 2
77 2
78 2
79 2
80 2
81 2
82 2
83 2
84 2
85 -1
86 2
87 2
88 2
89 -1
90 2
91 -1
92 2
93 2
94 2
95 2
96 2
97 2
98 2
99 2
100 2
101 2
102 2
103 2
104 2
105 2
106 2
107 2
108 2
109 2
110 2
111 2
112 2
113 2
114 2
115 2
116 2
117 2
118 2
119 2
120 2
121 2
122 2
123 2
124 2
125 2
126 2
127 2
128 2
129 2
130 2
131 2
132 2
133 2
134 2
135 2
136 2
137 2
138 2
139 2
140 2
141 2
142 2
143 2
144 2
145 2
146 2
147 2
148 2
149 2
150 2
151 2
152 2
153 2
154 2
155 2
156 2
157 2
158 2
159 2
160 2
161 2
162 2
163 2
164 2
165 2
166 2
167 2
168 2
169 2
170 2
171 2
172 2
173 2
174 2
175 2
176 2
177 -1
178 -1
179 -1
180 -1
181 -1
182 -1
183 -1
184 3
185 3
186 3
187 3
188 3
189 3
190 3
191 3
192 3
193 3
194 3
195 3
196 3
197 3
198 3
199 3
200 3
201 3
202 3
203 3
204 3
205 3
206 3
207 3
208 3
209 3
210 3
211 3
212 3
213 3
214 -1
215 -1
216 -1
217 -1
218 -1
219 -1
220 -1
221 -1
222 -1
223 -1
224 -1
225 -1
226 -1
227 -1
228 4
229 4
230 4
231 4
232 4
233 4
234 4
235 4
236 4
237 4
238 4
239 4
240 4
241 4
242 4
243 4
244 4
245 4
246 4
247 4
248 4
249 4
250 4
251 4
252 4
253 4
254 4
255 -1
256 4
257 4
258 4
259 4
260 4
261 4
262 4
263 -1
264 -1
265 -1
266 -1
267 -1
268 -1
269 -1
270 -1
271 -1
272 -1
273 5
274 5
275 5
276 5
277 5
278 5
279 5
280 5
281 5
282 5
283 5
284 5
285 5
286 5
287 5
288 5
289 5
290 5
291 5
292 5
293 5
294 5
295 5
296 5
297 5
298 5
299 5
300 5
301 5
302 -1
303 -1
304 -1
305 -1
306 -1
307 -1
308 -1
309 -1
310 6
311 6
312 6
313 6
314 -1
315 6
316 -1
317 -1
318 -1
319 -1
320 -1
321 6
322 6
323 6
324 6
325 6
326 6
327 6
328 6
329 6
330 6
331 6
332 6
333 6
334 6
335 6
336 6
337 6
338 6
339 6
340 6
341 6
342 6
343 6
344 6
345 6
346 6
347 6
348 6
349 6
350 6
351 6
352 6
353 6
354 6
355 6
356 6
357 6
358 6
359 6
360 6
361 6
362 -1
363 -1
364 -1
365 -1
366 -1
367 -1
368 -1
369 -1
370 -1
371 -1
372 -1
373 7
374 7
375 7
376 7
377 7
378 7
379 7
380 7
381 7
382 7
383 7
384 7
385 7
386 7
387 7
388 7
389 7
390 7
391 7
392 7
393 7
394 -1
395 -1
396 -1
397 -1
398 -1
399 -1
400 -1
401 8
402 8
403 8
404 8
405 8
406 8
407 8
408 8
409 8
410 8
411 8
412 8
413 8
414 8
415 8
416 8
417 8
418 8
419 8
420 8
421 8
422 -1
423 -1
424 -1
425 -1
426 -1
427 -1
428 -1
429 -1
430 -1
431 9
432 -1
433 9
434 9
435 9
436 -1
437 -1
438 -1
439 9
440 9
441 9
442 9
443 9
444 9
445 -1
446 9
447 9
448 9
449 9
450 9
451 9
452 9
453 9
454 9
455 9
456 9
457 9
458 9
459 9
460 9
461 9
462 9
463 -1
464 -1
465 -1
466 -1
467 -1
468 -1
469 -1
470 10
471 10
472 10
473 10
474 10
475 10
476 10
477 10
478 10
479 10
480 10
481 10
482 10
483 10
484 10
485 10
486 10
487 10
488 10
489 10
490 10
491 -1
492 -1
493 -1
494 -1
495 -1
496 -1
497 -1
498 -1
499 -1
500 11
501 11
502 11
503 11
504 11
505 11
506 11
507 11
508 11
509 11
510 11
511 11
512 11
513 11
514 11
515 11
516 11
517 11
518 11
519 11
520 -1
521 -1
522 -1
523 -1
524 -1
525 -1
526 -1
527 -1
528 -1
529 -1
530 -1
531 -1
532 -1
533 -1
534 -1
535 -1
536 -1
537 -1
538 -1
539 -1
540 -1
541 12
542 12
543 12
544 12
545 12
546 12
547 12
548 12
549 12
550 12
551 12
552 12
553 12
554 12
555 12
556 12
557 12
558 12
559 12
560 12
561 12
562 12
563 12
564 12
565 12
566 12
567 12
568 12
569 12
570 12
571 12
572 -1
573 -1
574 -1
575 -1
576 -1
577 -1
578 -1
579 13
580 13
581 13
582 13
583 13
584 13
585 13
586 13
587 13
588 13
589 13
590 13
591 13
592 13
593 13
594 13
595 13
596 13
597 13
598 -1
599 -1
600 -1
601 -1
602 -1
603 -1
604 -1
605 14
606 14
607 14
608 14
609 14
610 14
611 14
612 14
613 14
614 14
615 14
616 14
617 14
618 14
619 14
620 14
621 14
622 14
623 14
624 14
625 14
626 -1
627 -1
628 -1
629 -1
630 -1
631 -1
632 -1
633 -1
634 -1
635 -1
636 -1
637 -1
638 -1
639 -1
640 -1
641 -1
642 -1
643 -1
644 -1
645 15
646 15
647 15
648 15
649 15
650 15
651 15
652 -1
653 -1
654 -1
655 -1
656 -1
657 -1
658 -1
659 -1
660 -1
661 -1
662 -1
663 16
664 16
665 16
666 16
667 16
668 16
669 16
670 16
671 16
672 16
673 16
674 16
675 16
676 16
677 16
678 16
679 16
680 16
681 16
682 16
683 16
684 16
685 16
686 16
687 16
688 -1
689 -1
690 -1
691 -1
692 -1
693 -1
694 -1
695 17
696 17
697 17
698 17
699 17
700 17
701 17
702 17
703 17
704 17
705 17
706 17
707 17
708 17
709 17
710 17
711 17
712 17
713 17
714 17
715 17
716 17
717 17
718 17
719 17
720 17
721 17
722 17
723 17
724 17
725 17
726 17
727 17
728 17
729 17
730 17
731 17
732 17
733 17
734 17
735 17
736 17
737 17
738 17
739 17
740 -1
741 -1
742 -1
743 -1
744 -1
745 -1
746 -1
747 -1
748 18
749 18
750 18
751 18
752 18
753 18
754 18
755 18
756 18
757 18
758 18
759 18
760 18
761 18
762 18
763 18
764 18
765 18
766 18
767 18
768 18
769 18
770 18
771 18
772 -1
773 -1
774 -1
775 -1
776 -1
777 -1
778 -1
779 -1
780 19
781 19
782 19
783 19
784 19
785 19
786 19
787 19
788 19
789 19
790 19
791 19
792 19
793 19
794 19
795 19
796 19
797 19
798 19
799 19
800 19
801 19
802 19
803 19
804 19
805 19
806 -1
807 -1
808 -1
809 -1
810 -1
811 -1
812 -1
813 20
814 20
815 20
816 20
817 20
818 20
819 20
820 20
821 20
822 20
823 20
824 20
825 20
826 20
827 20
828 20
829 20
830 20
831 20
832 20
833 -1
834 -1
835 -1
836 -1
837 -1
838 -1
839 -1
840 -1
841 -1
842 -1
843 -1
844 -1
845 -1
846 -1
847 -1
848 -1
849 -1
850 -1
851 21
852 21
853 21
854 21
855 21
856 21
857 21
858 -1
859 -1
860 -1
861 -1
862 -1
863 -1
864 -1
865 -1
866 -1
867 -1
868 -1
869 -1
870 -1
871 -1
872 -1
873 -1
874 -1
875 -1
876 -1
877 -1
878 -1
879 -1
880 -1
881 -1
882 22
883 22
884 22
885 22
886 22
887 22
888 22
889 22
890 22
891 22
892 22
893 22
894 22
895 22
896 22
897 22
898 22
899 22
900 22
901 22
902 22
903 22
904 -1
905 -1
906 -1
907 -1
908 -1
909 -1
910 -1
911 -1
912 23
913 23
914 23
915 23
916 23
917 23
918 23
919 -1
920 23
921 -1
922 23
923 23
924 23
925 23
926 23
927 23
928 23
929 23
930 23
931 23
932 23
933 -1
934 -1
935 -1
936 -1
937 -1
938 -1
939 -1
940 -1
941 -1
942 -1
943 24
944 24
945 24
946 24
947 24
948 24
949 24
950 24
951 24
952 24
953 24
954 24
955 24
956 24
957 24
958 24
959 24
960 24
961 24
962 24
963 24
964 24
965 24
966 24
967 24
968 24
969 24
970 24
971 24
972 24
973 24
974 -1
975 -1
976 -1
977 -1
978 -1
979 -1
980 -1
981 -1
982 -1
983 -1
984 -1
985 -1
986 -1
987 25
988 -1
989 25
990 25
991 25
992 25
993 25
994 25
995 25
996 25
997 -1
998 -1
999 -1
1000 -1
1001 -1
1002 -1
1003 -1
1004 -1
1005 -1
1006 -1
1007 -1
1008 -1
1009 -1
1010 26
1011 26
1012 26
1013 26
1014 26
1015 26
1016 26
1017 26
1018 26
1019 26
1020 26
1021 26
1022 26
1023 26
1024 26
1025 26
1026 26
1027 26
1028 26
1029 26
1030 26
1031 26
1032 26
1033 -1
1034 -1
1035 -1
1036 -1
1037 -1
1038 -1
1039 -1
1040 -1
1041 -1
1042 -1
1043 -1
1044 -1
1045 -1
1046 -1
1047 -1
1048 -1
1049 -1
1050 -1
1051 -1
1052 -1
1053 -1
1054 -1
1055 -1
1056 -1
1057 -1
1058 -1
1059 -1
1060 -1
1061 -1
1062 -1
1063 -1
1064 -1
1065 -1
1066 -1
1067 -1
1068 27
1069 27
1070 27
1071 27
1072 27
1073 27
1074 27
1075 27
1076 27
