0 -1
1 -1
2 -1
3 -1
4 -1
5 -1
6 -1
7 -1
8 0
9 0
10 0
11 0
12 0
13 0
14 0
15 0
16 0
17 0
18 0
19 0
20 0
21 0
22 0
23 0
24 0
25 0
26 0
27 0
28 0
29 0
30 0
31 0
32 0
33 0
34 0
35 0
36 0
37 0
38 0
39 0
40 0
41 0
42 0
43 0
44 -1
45 -1
46 -1
47 -1
48 -1
49 -1
50 -1
51 -1
52 -1
53 -1
54 -1
55 -1
56 -1
57 -1
58 -1
59 -1
60 -1
61 -1
62 -1
63 -1
64 -1
65 -1
66 -1
67 -1
68 -1
69 -1
70 -1
71 -1
72 -1
73 -1
74 -1
75 -1
76 -1
77 -1
78 -1
79 -1
80 -1
81 -1
82 -1
83 -1
84 -1
85 -1
86 -1
87 -1
88 -1
89 -1
90 -1
91 -1
92 -1
93 -1
94 -1
95 -1
96 -1
97 -1
98 2
99 -1
100 2
101 2
102 -1
103 2
104 -1
105 -1
106 -1
107 -1
108 -1
109 2
110 -1
111 -1
112 -1
113 -1
114 2
115 2
116 2
117 2
118 -1
119 2
120 2
121 -1
122 -1
123 -1
124 -1
125 -1
126 -1
127 -1
128 2
129 -1
130 2
131 2
132 2
133 -1
134 2
135 2
136 2
137 2
138 -1
139 -1
140 -1
141 2
142 2
143 2
144 -1
145 -1
146 2
147 -1
148 -1
149 -1
150 -1
151 -1
152 -1
153 -1
154 -1
155 -1
156 -1
157 -1
158 -1
159 -1
160 -1
161 -1
162 -1
163 -1
164 -1
165 -1
166 -1
167 -1
168 -1
169 -1
170 -1
171 -1
172 -1
173 -1
174 -1
175 -1
176 -1
177 -1
178 2
179 -1
180 -1
181 -1
182 -1
183 -1
184 -1
185 -1
186 -1
187 -1
188 -1
189 -1
190 -1
191 -1
192 -1
193 -1
194 -1
195 -1
196 -1
197 -1
198 -1
199 -1
200 -1
201 -1
202 -1
203 -1
204 -1
205 -1
206 -1
207 -1
208 -1
209 -1
210 -1
211 -1
212 -1
213 -1
214 -1
215 -1
216 -1
217 -1
218 -1
219 -1
220 -1
221 -1
222 -1
223 -1
224 -1
225 -1
226 -1
227 -1
228 -1
229 -1
230 -1
231 -1
232 -1
233 -1
234 -1
235 -1
236 -1
237 -1
238 -1
239 -1
240 -1
241 -1
242 -1
243 -1
244 -1
245 -1
246 -1
247 -1
248 -1
249 -1
250 -1
251 -1
252 -1
253 -1
254 -1
255 -1
256 -1
257 -1
258 -1
259 -1
260 -1
261 -1
262 -1
263 -1
264 -1
265 -1
266 -1
267 -1
268 -1
269 -1
270 -1
271 -1
272 -1
273 -1
274 -1
275 -1
276 -1
277 -1
278 -1
279 -1
280 -1
281 -1
282 -1
283 -1
284 -1
285 -1
286 -1
287 -1
288 -1
289 -1
290 -1
291 -1
292 -1
293 -1
294 -1
295 -1
296 -1
297 -1
298 -1
299 -1
300 -1
301 -1
302 -1
303 -1
304 -1
305 -1
306 -1
307 -1
308 -1
309 -1
310 -1
311 -1
312 -1
313 -1
314 -1
315 -1
316 -1
317 -1
318 -1
319 -1
320 -1
321 -1
322 -1
323 -1
324 -1
325 -1
326 -1
327 -1
328 -1
329 -1
330 -1
331 -1
332 -1
333 -1
334 -1
335 -1
336 -1
337 -1
338 -1
339 -1
340 -1
341 -1
342 -1
343 -1
344 -1
345 -1
346 -1
347 -1
348 -1
349 -1
350 -1
351 -1
352 -1
353 -1
354 -1
355 -1
356 -1
357 -1
358 -1
359 -1
360 -1
361 -1
362 -1
363 -1
364 -1
365 -1
366 -1
367 -1
368 -1
369 -1
370 -1
371 -1
372 -1
373 -1
374 -1
375 -1
376 -1
377 -1
378 -1
379 -1
380 -1
381 -1
382 -1
383 -1
384 5
385 5
386 5
387 5
388 5
389 5
390 5
391 5
392 5
393 5
394 5
395 5
396 5
397 5
398 5
399 5
400 5
401 5
402 5
403 5
404 5
405 5
406 5
407 5
408 5
409 5
410 5
411 5
412 5
413 5
414 5
415 5
416 5
417 5
418 5
419 -1
420 -1
421 -1
422 -1
423 -1
424 -1
425 -1
426 -1
427 -1
428 -1
429 -1
430 -1
431 -1
432 -1
433 -1
434 -1
435 -1
436 -1
437 -1
438 -1
439 -1
440 -1
441 -1
442 -1
443 -1
444 -1
445 -1
446 -1
447 -1
448 -1
449 -1
450 -1
451 -1
452 -1
453 -1
454 -1
455 -1
456 -1
457 -1
458 -1
459 6
460 6
461 6
462 6
463 6
464 -1
465 -1
466 -1
467 -1
468 -1
469 -1
470 -1
471 -1
472 -1
473 -1
474 -1
475 -1
476 -1
477 -1
478 -1
479 -1
480 -1
481 -1
482 -1
483 -1
484 -1
485 -1
486 -1
487 -1
488 -1
489 -1
490 -1
491 -1
492 -1
493 -1
494 -1
495 -1
496 -1
497 -1
498 -1
499 -1
500 -1
501 -1
502 -1
503 -1
504 -1
505 -1
506 -1
507 -1
508 -1
509 -1
510 -1
511 -1
512 -1
513 -1
514 -1
515 -1
516 -1
517 -1
518 -1
519 -1
520 -1
521 -1
522 -1
523 4
524 4
525 4
526 4
527 4
528 4
529 4
530 4
531 4
532 4
533 -1
534 -1
535 -1
536 -1
537 -1
538 -1
539 -1
540 -1
541 -1
542 -1
543 -1
544 -1
545 -1
546 -1
547 -1
548 -1
549 -1
550 -1
551 -1
552 -1
553 -1
554 -1
555 -1
556 -1
557 -1
558 -1
559 -1
560 -1
561 -1
562 -1
563 -1
564 -1
565 -1
566 -1
567 -1
568 -1
569 -1
570 -1
571 -1
572 -1
573 -1
574 -1
575 -1
576 -1
577 -1
578 -1
579 -1
580 -1
581 -1
582 -1
583 -1
584 -1
585 -1
586 -1
587 -1
588 -1
589 -1
590 -1
591 -1
592 -1
593 -1
594 -1
595 -1
596 -1
597 -1
598 -1
599 -1
600 -1
601 -1
602 -1
603 -1
604 -1
605 -1
606 -1
607 -1
608 -1
609 -1
610 -1
611 -1
612 -1
613 -1
614 -1
615 -1
616 -1
617 -1
618 -1
619 -1
620 -1
621 -1
622 -1
623 -1
624 -1
625 -1
626 -1
627 -1
628 -1
629 -1
630 -1
631 -1
632 -1
633 -1
634 -1
635 -1
636 -1
637 -1
638 -1
639 -1
640 -1
641 -1
642 -1
643 -1
644 -1
645 -1
646 -1
647 -1
648 7
649 7
650 7
651 7
652 7
653 7
654 7
655 7
656 7
657 7
658 7
659 7
660 7
661 7
662 7
663 7
664 7
665 7
666 7
667 7
668 7
669 7
670 7
671 7
672 7
673 7
674 7
675 7
676 -1
677 -1
678 -1
679 -1
680 -1
681 -1
682 -1
683 -1
684 -1
685 -1
686 -1
687 -1
688 -1
689 -1
690 -1
691 -1
692 -1
693 -1
694 -1
695 -1
696 -1
697 -1
698 -1
699 -1
700 -1
701 7
702 7
703 7
704 7
705 7
706 7
707 -1
708 -1
709 -1
710 -1
711 -1
712 -1
713 -1
714 -1
715 -1
716 -1
717 -1
718 -1
719 -1
720 -1
721 -1
722 -1
723 -1
724 -1
725 -1
726 -1
727 -1
728 -1
729 -1
730 -1
731 -1
732 -1
733 -1
734 -1
735 -1
736 9
737 9
738 9
739 9
740 -1
741 -1
742 -1
743 -1
744 -1
745 -1
746 -1
747 -1
748 -1
749 -1
750 -1
751 -1
752 -1
753 -1
754 -1
755 -1
756 -1
757 -1
758 -1
759 -1
760 -1
761 -1
762 -1
763 -1
764 -1
765 -1
766 -1
767 -1
768 -1
769 -1
770 -1
771 -1
772 -1
773 -1
774 -1
775 -1
776 -1
777 -1
778 -1
779 10
780 10
781 10
782 10
783 10
784 10
785 -1
786 10
787 10
788 10
789 -1
790 -1
791 -1
792 -1
793 -1
794 -1
795 -1
796 -1
797 -1
798 -1
799 -1
800 -1
801 -1
802 -1
803 -1
804 -1
805 -1
806 -1
807 -1
808 -1
809 -1
810 -1
811 -1
812 -1
813 -1
814 -1
815 -1
816 -1
817 -1
818 -1
819 -1
820 -1
821 -1
822 -1
823 -1
824 -1
825 -1
826 -1
827 -1
828 -1
829 -1
830 -1
831 -1
832 -1
833 -1
834 -1
835 -1
836 -1
837 11
838 11
839 11
840 11
841 11
842 11
843 11
844 11
845 11
846 11
847 11
848 11
849 11
850 11
851 11
852 11
853 11
854 11
855 11
856 11
857 11
858 11
859 11
860 11
861 11
862 11
863 11
864 11
865 11
866 11
867 11
868 11
869 11
870 11
871 11
872 11
873 11
874 11
875 -1
876 -1
877 -1
878 -1
879 -1
880 -1
881 -1
882 2
883 2
884 2
885 2
886 2
887 2
888 2
889 2
890 2
891 2
892 2
893 2
894 2
895 2
896 2
897 2
898 -1
899 -1
900 -1
901 -1
902 -1
903 -1
904 -1
905 -1
906 -1
907 -1
908 -1
909 -1
910 12
911 12
912 12
913 12
914 12
915 12
916 12
917 12
918 12
919 12
920 12
921 12
922 12
923 12
924 12
925 12
926 12
927 12
928 12
929 12
930 12
931 12
932 12
933 12
934 12
935 12
936 12
937 12
938 12
939 12
940 12
941 12
942 12
943 12
944 12
945 12
946 12
947 12
948 12
949 12
950 12
951 12
952 12
953 12
954 12
955 12
956 12
957 -1
958 -1
959 -1
960 -1
961 -1
962 -1
963 -1
964 13
965 13
966 13
967 13
968 13
969 13
970 13
971 13
972 13
973 13
974 13
975 13
976 13
977 13
978 13
979 13
980 13
981 13
982 13
983 13
984 13
985 13
986 13
987 13
988 13
989 13
990 -1
991 -1
992 -1
993 -1
994 -1
995 -1
996 -1
997 -1
998 -1
999 14
1000 14
1001 14
1002 14
1003 14
1004 14
1005 14
1006 14
1007 14
1008 14
1009 14
1010 14
1011 14
1012 14
1013 14
1014 14
1015 14
1016 14
1017 14
1018 14
1019 14
1020 14
1021 14
1022 14
1023 14
1024 14
1025 14
1026 14
1027 14
1028 14
1029 14
1030 14
1031 -1
1032 -1
1033 -1
1034 14
1035 14
1036 14
1037 14
1038 14
1039 -1
1040 14
1041 14
1042 14
1043 14
1044 14
1045 14
1046 14
1047 14
1048 14
1049 14
1050 14
1051 14
1052 14
1053 14
1054 14
1055 14
1056 14
1057 14
1058 14
1059 14
1060 14
1061 14
1062 14
1063 14
1064 -1
1065 14
1066 -1
1067 -1
1068 -1
1069 14
1070 14
1071 14
1072 14
1073 14
1074 14
1075 14
1076 14
1077 14
1078 14
1079 14
1080 14
1081 14
1082 14
1083 14
1084 14
1085 14
1086 14
1087 14
1088 14
1089 14
1090 14
1091 -1
1092 -1
1093 -1
1094 -1
1095 -1
1096 -1
1097 -1
1098 -1
1099 -1
1100 -1
1101 -1
1102 -1
1103 -1
1104 -1
1105 -1
1106 15
1107 15
1108 15
1109 -1
1110 15
1111 15
1112 15
1113 15
1114 15
1115 15
1116 15
1117 15
1118 15
1119 15
1120 15
1121 15
1122 15
1123 15
1124 15
1125 -1
1126 -1
1127 -1
1128 -1
1129 -1
1130 -1
1131 -1
1132 -1
1133 -1
1134 -1
1135 -1
1136 -1
1137 -1
1138 -1
1139 -1
1140 -1
1141 -1
1142 -1
1143 -1
1144 -1
1145 -1
1146 -1
1147 -1
1148 -1
1149 -1
1150 -1
1151 -1
1152 -1
1153 -1
1154 -1
1155 -1
1156 -1
1157 -1
1158 -1
1159 -1
1160 16
1161 16
1162 16
1163 16
1164 16
1165 16
1166 16
1167 16
1168 16
1169 16
1170 16
1171 16
1172 16
1173 16
1174 16
1175 -1
1176 -1
1177 -1
1178 -1
1179 -1
1180 -1
1181 -1
1182 -1
1183 -1
1184 -1
1185 -1
1186 16
1187 16
1188 16
1189 16
1190 16
1191 16
1192 16
1193 16
1194 16
1195 16
1196 16
1197 16
1198 16
1199 16
1200 -1
1201 -1
1202 -1
1203 -1
1204 -1
1205 16
1206 -1
1207 -1
1208 -1
1209 -1
1210 -1
1211 16
1212 -1
1213 -1
1214 -1
1215 16
1216 -1
1217 16
1218 -1
1219 16
1220 -1
1221 -1
1222 -1
1223 -1
1224 -1
1225 -1
1226 -1
1227 -1
1228 -1
1229 -1
1230 -1
1231 -1
1232 -1
1233 -1
1234 -1
1235 -1
1236 -1
1237 -1
1238 -1
1239 16
1240 16
1241 16
1242 -1
1243 -1
1244 -1
1245 16
1246 -1
1247 16
1248 -1
1249 16
1250 16
1251 16
1252 16
1253 -1
1254 -1
1255 -1
1256 16
1257 16
1258 16
1259 16
1260 -1
1261 16
1262 16
1263 16
1264 -1
1265 -1
1266 -1
1267 16
1268 -1
1269 16
1270 16
1271 16
1272 16
1273 -1
1274 -1
1275 -1
1276 -1
1277 -1
1278 -1
1279 -1
1280 -1
1281 -1
1282 -1
1283 -1
1284 -1
1285 -1
1286 -1
1287 -1
1288 -1
1289 -1
1290 -1
1291 -1
1292 -1
1293 -1
1294 -1
1295 -1
1296 -1
1297 -1
1298 -1
1299 -1
1300 -1
1301 -1
1302 -1
1303 -1
1304 -1
1305 -1
1306 -1
1307 -1
1308 -1
1309 -1
1310 -1
1311 -1
1312 -1
1313 -1
1314 -1
1315 -1
1316 -1
1317 -1
1318 -1
1319 -1
1320 -1
1321 -1
1322 -1
1323 -1
1324 -1
1325 -1
1326 -1
1327 -1
1328 -1
1329 -1
1330 -1
1331 -1
1332 -1
1333 -1
1334 -1
1335 -1
1336 -1
1337 -1
1338 -1
1339 -1
1340 -1
1341 -1
1342 -1
1343 -1
1344 -1
1345 -1
1346 -1
1347 -1
1348 -1
1349 -1
1350 -1
1351 -1
1352 -1
1353 -1
1354 -1
1355 -1
1356 -1
1357 -1
1358 -1
1359 -1
1360 -1
1361 -1
1362 -1
1363 -1
1364 -1
1365 -1
1366 -1
1367 -1
1368 -1
1369 -1
1370 -1
1371 -1
1372 -1
1373 -1
1374 -1
1375 -1
1376 -1
1377 -1
1378 -1
1379 -1
1380 -1
1381 -1
1382 -1
1383 -1
1384 -1
1385 -1
1386 -1
1387 -1
1388 -1
1389 -1
1390 -1
1391 -1
1392 -1
1393 -1
1394 -1
1395 -1
1396 -1
1397 -1
1398 -1
1399 -1
1400 -1
1401 -1
1402 -1
1403 -1
1404 -1
1405 -1
1406 -1
1407 -1
1408 -1
1409 -1
1410 -1
1411 -1
1412 -1
1413 -1
1414 -1
1415 -1
1416 -1
1417 -1
1418 -1
1419 -1
1420 -1
1421 -1
1422 -1
1423 -1
1424 -1
1425 -1
1426 -1
1427 -1
1428 -1
1429 -1
1430 -1
1431 -1
1432 -1
1433 -1
1434 -1
1435 -1
1436 -1
1437 -1
1438 -1
1439 -1
1440 -1
1441 -1
1442 -1
1443 -1
1444 -1
1445 -1
1446 -1
1447 -1
1448 -1
1449 -1
1450 -1
1451 -1
1452 -1
1453 -1
1454 24
1455 24
1456 24
1457 24
1458 24
1459 24
1460 24
1461 24
1462 24
1463 24
1464 24
1465 24
1466 24
1467 24
1468 24
1469 24
1470 24
1471 24
1472 24
1473 24
1474 24
1475 24
1476 24
1477 24
1478 24
1479 24
1480 24
1481 24
1482 24
1483 24
1484 -1
1485 -1
1486 -1
1487 -1
1488 -1
1489 -1
1490 -1
1491 -1
1492 -1
1493 14
1494 14
1495 14
1496 14
1497 -1
1498 -1
1499 -1
1500 -1
1501 -1
1502 -1
1503 -1
1504 16
1505 16
1506 16
1507 16
1508 16
1509 16
1510 16
1511 16
1512 16
1513 16
1514 16
1515 16
1516 16
1517 16
1518 16
1519 16
1520 16
1521 16
1522 16
1523 16
1524 16
1525 16
1526 16
1527 16
1528 16
1529 16
1530 16
1531 16
1532 16
1533 16
1534 16
1535 16
1536 16
1537 16
1538 16
1539 16
1540 16
1541 16
1542 16
1543 16
1544 16
1545 16
1546 16
1547 16
1548 16
1549 16
1550 16
1551 16
1552 16
1553 16
1554 16
1555 16
1556 16
1557 16
1558 16
1559 16
1560 16
1561 16
1562 -1
1563 16
1564 -1
1565 16
1566 16
1567 16
1568 16
1569 16
1570 16
1571 16
1572 16
1573 16
1574 -1
1575 -1
1576 -1
1577 16
1578 16
1579 16
1580 16
1581 16
1582 -1
1583 16
1584 -1
1585 -1
1586 -1
1587 -1
1588 -1
1589 -1
1590 -1
1591 -1
1592 -1
1593 16
1594 -1
1595 16
1596 -1
1597 16
1598 -1
1599 -1
1600 -1
1601 -1
1602 -1
1603 -1
1604 -1
1605 -1
1606 -1
1607 -1
1608 17
1609 17
1610 17
1611 17
1612 17
1613 17
1614 17
1615 17
1616 17
1617 17
1618 17
1619 17
1620 17
1621 -1
1622 -1
1623 -1
1624 -1
1625 -1
1626 -1
1627 -1
1628 17
1629 17
1630 17
1631 17
1632 17
1633 17
1634 17
1635 17
1636 17
1637 17
1638 17
1639 17
1640 17
1641 -1
1642 -1
1643 -1
1644 -1
1645 -1
1646 -1
1647 -1
1648 -1
1649 -1
1650 18
1651 18
1652 18
1653 18
1654 18
1655 18
1656 18
1657 18
1658 18
1659 18
1660 18
1661 18
1662 18
1663 18
1664 18
1665 18
1666 18
1667 18
1668 18
1669 18
1670 18
1671 18
1672 18
1673 18
1674 -1
1675 -1
1676 -1
1677 -1
1678 -1
1679 -1
1680 -1
1681 -1
1682 19
1683 19
1684 19
1685 19
1686 19
1687 19
1688 19
1689 19
1690 19
1691 19
1692 19
1693 19
1694 19
1695 19
1696 19
1697 19
1698 19
1699 19
1700 19
1701 -1
1702 -1
1703 -1
1704 -1
1705 -1
1706 -1
1707 -1
1708 20
1709 20
1710 20
1711 20
1712 20
1713 20
1714 20
1715 20
1716 20
1717 20
1718 20
1719 20
1720 20
1721 20
1722 20
1723 20
1724 20
1725 20
1726 20
1727 20
1728 20
1729 20
1730 20
1731 20
1732 20
1733 -1
1734 -1
1735 -1
1736 -1
1737 -1
1738 -1
1739 -1
1740 -1
1741 -1
1742 21
1743 21
1744 21
1745 21
1746 21
1747 21
1748 21
1749 21
1750 21
1751 21
1752 21
1753 21
1754 21
1755 21
1756 21
1757 21
1758 21
1759 21
1760 21
1761 21
1762 21
1763 21
1764 21
1765 21
1766 21
1767 21
1768 21
1769 21
1770 21
1771 -1
1772 -1
1773 -1
1774 -1
1775 -1
1776 -1
1777 -1
1778 22
1779 22
1780 22
1781 22
1782 22
1783 22
1784 22
1785 22
1786 22
1787 22
1788 22
1789 22
1790 22
1791 22
1792 22
1793 22
1794 22
1795 22
1796 22
1797 22
1798 22
1799 22
1800 22
1801 22
1802 22
1803 -1
1804 -1
1805 -1
1806 -1
1807 -1
1808 -1
1809 -1
1810 23
1811 23
1812 23
1813 23
1814 23
1815 23
1816 23
1817 23
1818 23
1819 23
1820 23
1821 23
1822 23
1823 23
1824 23
1825 23
1826 23
1827 23
1828 23
1829 23
1830 23
1831 23
1832 23
1833 23
1834 23
1835 23
1836 23
1837 23
1838 23
1839 23
1840 23
1841 23
1842 23
1843 23
1844 23
1845 -1
1846 -1
1847 -1
1848 -1
1849 -1
1850 -1
1851 -1
1852 -1
1853 -1
1854 -1
1855 -1
1856 -1
1857 -1
1858 -1
1859 -1
1860 -1
1861 -1
1862 24
1863 24
1864 24
1865 24
1866 24
1867 24
1868 24
1869 24
1870 24
1871 24
1872 24
1873 24
1874 24
1875 24
1876 24
1877 24
1878 24
1879 24
1880 24
1881 24
1882 24
1883 24
1884 24
1885 24
1886 24
1887 24
1888 24
1889 24
1890 24
1891 24
1892 24
1893 24
1894 24
1895 24
1896 24
1897 24
1898 24
1899 24
1900 24
1901 -1
1902 -1
1903 -1
1904 -1
1905 -1
1906 -1
1907 -1
1908 25
1909 25
1910 25
1911 25
1912 25
1913 25
1914 25
1915 25
1916 25
1917 25
1918 25
1919 25
1920 25
1921 25
1922 25
1923 25
1924 25
1925 25
1926 25
1927 25
1928 25
1929 25
1930 25
1931 25
1932 25
1933 25
1934 25
1935 25
1936 -1
1937 -1
1938 -1
1939 -1
1940 -1
1941 -1
1942 -1
1943 -1
1944 -1
1945 -1
1946 -1
1947 26
1948 26
1949 26
1950 26
1951 26
1952 26
1953 26
1954 26
1955 26
1956 26
1957 26
1958 26
1959 26
1960 26
1961 26
1962 26
1963 26
1964 26
1965 26
1966 26
1967 26
1968 26
1969 26
1970 26
1971 26
1972 26
1973 26
1974 26
1975 26
1976 26
1977 26
1978 26
1979 26
1980 26
1981 26
1982 26
1983 -1
1984 -1
1985 -1
1986 -1
1987 -1
1988 -1
1989 -1
1990 -1
1991 -1
1992 -1
1993 -1
1994 18
1995 18
1996 18
1997 18
1998 18
1999 18
2000 18
2001 18
2002 18
2003 18
2004 18
2005 18
2006 -1
2007 -1
2008 -1
2009 -1
2010 -1
2011 -1
2012 -1
2013 -1
2014 -1
2015 -1
2016 -1
2017 18
2018 -1
2019 18
