0 -1
1 -1
2 -1
3 -1
4 -1
5 -1
6 -1
7 -1
8 -1
9 -1
10 -1
11 -1
12 -1
13 -1
14 0
15 0
16 0
17 0
18 0
19 0
20 0
21 0
22 0
23 0
24 0
25 0
26 0
27 0
28 0
29 0
30 0
31 0
32 0
33 0
34 0
35 0
36 0
37 0
38 0
39 0
40 -1
41 -1
42 -1
43 -1
44 -1
45 -1
46 -1
47 -1
48 -1
49 -1
50 -1
51 -1
52 -1
53 -1
54 -1
55 -1
56 -1
57 -1
58 -1
59 -1
60 -1
61 -1
62 -1
63 -1
64 -1
65 -1
66 -1
67 -1
68 -1
69 -1
70 -1
71 0
72 0
73 0
74 0
75 0
76 0
77 0
78 0
79 0
80 0
81 0
82 0
83 0
84 0
85 0
86 0
87 0
88 0
89 0
90 0
91 0
92 0
93 0
94 0
95 0
96 0
97 0
98 0
99 0
100 0
101 0
102 -1
103 -1
104 -1
105 -1
106 -1
107 -1
108 -1
109 -1
110 -1
111 -1
112 -1
113 -1
114 -1
115 -1
116 -1
117 -1
118 -1
119 -1
120 -1
121 -1
122 -1
123 -1
124 -1
125 -1
126 -1
127 -1
128 -1
129 -1
130 -1
131 -1
132 -1
133 -1
134 -1
135 -1
136 -1
137 -1
138 -1
139 -1
140 -1
141 -1
142 -1
143 -1
144 -1
145 -1
146 -1
147 -1
148 -1
149 -1
150 1
151 1
152 1
153 1
154 1
155 1
156 1
157 1
158 1
159 1
160 1
161 1
162 1
163 1
164 1
165 1
166 1
167 1
168 1
169 1
170 1
171 1
172 1
173 1
174 1
175 1
176 1
177 1
178 1
179 1
180 1
181 1
182 1
183 1
184 1
185 1
186 -1
187 -1
188 -1
189 -1
190 -1
191 -1
192 -1
193 -1
194 2
195 2
196 2
197 2
198 2
199 2
200 2
201 2
202 2
203 2
204 2
205 2
206 2
207 2
208 2
209 2
210 2
211 2
212 2
213 2
214 2
215 2
216 2
217 2
218 2
219 2
220 2
221 2
222 2
223 2
224 2
225 2
226 2
227 2
228 2
229 2
230 2
231 2
232 2
233 2
234 2
235 2
236 2
237 2
238 2
239 2
240 2
241 2
242 2
243 2
244 2
245 2
246 2
247 2
248 2
249 2
250 2
251 2
252 2
253 2
254 2
255 2
256 2
257 2
258 2
259 2
260 2
261 2
262 2
263 2
264 2
265 2
266 2
267 2
268 2
269 2
270 2
271 2
272 2
273 2
274 2
275 2
276 2
277 2
278 2
279 2
280 2
281 2
282 2
283 2
284 2
285 2
286 2
287 2
288 2
289 2
290 2
291 2
292 2
293 2
294 2
295 2
296 2
297 2
298 2
299 2
300 2
301 2
302 2
303 2
304 -1
305 2
306 2
307 2
308 2
309 2
310 2
311 2
312 2
313 2
314 2
315 2
316 2
317 2
318 2
319 2
320 2
321 2
322 2
323 2
324 2
325 2
326 2
327 2
328 2
329 2
330 2
331 2
332 2
333 2
334 -1
335 2
336 2
337 2
338 2
339 2
340 2
341 2
342 2
343 2
344 2
345 2
346 2
347 -1
348 2
349 2
350 2
351 2
352 2
353 2
354 -1
355 2
356 2
357 2
358 2
359 2
360 -1
361 -1
362 -1
363 -1
364 -1
365 -1
366 -1
367 -1
368 -1
369 -1
370 -1
371 -1
372 -1
373 -1
374 -1
375 -1
376 -1
377 -1
378 -1
379 -1
380 -1
381 2
382 2
383 2
384 2
385 2
386 2
387 2
388 2
389 2
390 2
391 2
392 -1
393 2
394 -1
395 -1
396 -1
397 2
398 2
399 2
400 2
401 2
402 2
403 2
404 -1
405 -1
406 -1
407 -1
408 -1
409 2
410 -1
411 -1
412 -1
413 -1
414 -1
415 -1
416 -1
417 -1
418 -1
419 -1
420 -1
421 -1
422 -1
423 -1
424 -1
425 3
426 3
427 3
428 3
429 3
430 3
431 3
432 3
433 3
434 3
435 3
436 3
437 3
438 3
439 3
440 3
441 3
442 3
443 -1
444 -1
445 -1
446 -1
447 -1
448 3
449 3
450 3
451 3
452 3
453 3
454 3
455 -1
456 3
457 3
458 3
459 -1
460 -1
461 -1
462 -1
463 -1
464 -1
465 -1
466 -1
467 -1
468 -1
469 -1
470 -1
471 -1
472 -1
473 -1
474 -1
475 -1
476 -1
477 -1
478 -1
479 -1
480 -1
481 -1
482 -1
483 -1
484 -1
485 -1
486 -1
487 -1
488 -1
489 -1
490 -1
491 -1
492 -1
493 -1
494 -1
495 -1
496 -1
497 -1
498 3
499 3
500 3
501 -1
502 -1
503 -1
504 -1
505 -1
506 -1
507 -1
508 -1
509 -1
510 -1
511 -1
512 -1
513 -1
514 -1
515 -1
516 -1
517 -1
518 -1
519 -1
520 -1
521 -1
522 -1
523 -1
524 -1
525 -1
526 -1
527 -1
528 2
529 2
530 2
531 2
532 2
533 2
534 2
535 2
536 2
537 2
538 2
539 2
540 2
541 2
542 2
543 2
544 -1
545 2
546 -1
547 2
548 2
549 2
550 2
551 -1
552 2
553 -1
554 -1
555 -1
556 -1
557 -1
558 -1
559 -1
560 -1
561 -1
562 -1
563 -1
564 -1
565 -1
566 -1
567 -1
568 -1
569 -1
570 -1
571 -1
572 -1
573 4
574 4
575 4
576 4
577 4
578 4
579 4
580 4
581 4
582 4
583 4
584 4
585 4
586 4
587 4
588 4
589 4
590 4
591 4
592 -1
593 4
594 4
595 4
596 -1
597 -1
598 -1
599 -1
600 -1
601 -1
602 -1
603 -1
604 -1
605 -1
606 -1
607 -1
608 -1
609 -1
610 -1
611 -1
612 -1
613 -1
614 -1
615 -1
616 -1
617 -1
618 -1
619 -1
620 -1
621 -1
622 -1
623 -1
624 -1
625 -1
626 -1
627 -1
628 -1
629 -1
630 -1
631 -1
632 -1
633 -1
634 5
635 -1
636 5
637 5
638 5
639 -1
640 5
641 5
642 5
643 5
644 5
645 -1
646 -1
647 -1
648 -1
649 -1
650 -1
651 -1
652 5
653 5
654 5
655 -1
656 -1
657 -1
658 -1
659 -1
660 -1
661 -1
662 -1
663 -1
664 5
665 5
666 5
667 5
668 5
669 5
670 5
671 5
672 5
673 5
674 -1
675 5
676 5
677 5
678 5
679 5
680 5
681 5
682 5
683 -1
684 -1
685 -1
686 -1
687 -1
688 -1
689 -1
690 -1
691 -1
692 -1
693 -1
694 -1
695 -1
696 -1
697 -1
698 -1
699 -1
700 -1
701 -1
702 -1
703 -1
704 -1
705 -1
706 -1
707 -1
708 -1
709 -1
710 -1
711 -1
712 -1
713 -1
714 -1
715 -1
716 -1
717 -1
718 -1
719 -1
720 -1
721 -1
722 -1
723 -1
724 -1
725 -1
726 -1
727 -1
728 -1
729 -1
730 -1
731 -1
732 -1
733 -1
734 -1
735 -1
736 -1
737 -1
738 18
739 18
740 18
741 -1
742 -1
743 -1
744 -1
745 -1
746 -1
747 -1
748 -1
749 -1
750 -1
751 -1
752 -1
753 -1
754 -1
755 -1
756 -1
757 -1
758 -1
759 -1
760 -1
761 0
762 0
763 0
764 0
765 -1
766 -1
767 -1
768 -1
769 -1
770 -1
771 -1
772 -1
773 -1
774 -1
775 -1
776 -1
777 -1
778 -1
779 -1
780 -1
781 -1
782 -1
783 -1
784 -1
785 18
786 18
787 18
788 18
789 18
790 18
791 18
792 18
793 18
794 18
795 18
796 18
797 18
798 18
799 -1
800 -1
801 -1
802 -1
803 -1
804 -1
805 -1
806 -1
807 -1
808 -1
809 -1
810 -1
811 -1
812 -1
813 -1
814 -1
815 -1
816 -1
817 -1
818 -1
819 -1
820 -1
821 -1
822 -1
823 -1
824 -1
825 -1
826 -1
827 -1
828 -1
829 -1
830 -1
831 -1
832 -1
833 -1
834 -1
835 -1
836 -1
837 -1
838 -1
839 -1
840 -1
841 -1
842 18
843 18
844 18
845 18
846 18
847 18
848 18
849 18
850 18
851 18
852 18
853 18
854 18
855 18
856 18
857 18
858 18
859 18
860 18
861 18
862 18
863 18
864 18
865 18
866 18
867 18
868 18
869 18
870 18
871 18
872 18
873 18
874 18
875 18
876 18
877 18
878 18
879 -1
880 -1
881 -1
882 -1
883 -1
884 -1
885 -1
886 -1
887 -1
888 -1
889 -1
890 -1
891 -1
892 -1
893 -1
894 -1
895 -1
896 -1
897 -1
898 -1
899 -1
900 -1
901 -1
902 -1
903 -1
904 -1
905 -1
906 -1
907 -1
908 -1
909 -1
910 -1
911 -1
912 -1
913 -1
914 -1
915 -1
916 -1
917 -1
918 -1
919 -1
920 -1
921 -1
922 -1
923 -1
924 -1
925 -1
926 -1
927 -1
928 -1
929 -1
930 -1
931 -1
932 -1
933 -1
934 -1
935 -1
936 -1
937 -1
938 -1
939 -1
940 -1
941 -1
942 -1
943 6
944 6
945 6
946 6
947 6
948 6
949 6
950 6
951 6
952 6
953 -1
954 6
955 6
956 6
957 -1
958 6
959 6
960 6
961 6
962 6
963 6
964 6
965 6
966 6
967 6
968 6
969 6
970 6
971 6
972 6
973 6
974 6
975 6
976 6
977 6
978 6
979 6
980 6
981 6
982 6
983 6
984 6
985 6
986 6
987 6
988 6
989 6
990 6
991 6
992 6
993 6
994 6
995 6
996 6
997 6
998 6
999 6
1000 6
1001 6
1002 6
1003 6
1004 6
1005 6
1006 6
1007 6
1008 6
1009 6
1010 6
1011 6
1012 6
1013 6
1014 6
1015 -1
1016 -1
1017 -1
1018 -1
1019 -1
1020 -1
1021 -1
1022 -1
1023 -1
1024 -1
1025 -1
1026 -1
1027 -1
1028 -1
1029 -1
1030 7
1031 7
1032 7
1033 7
1034 7
1035 7
1036 7
1037 7
1038 7
1039 7
1040 7
1041 7
1042 7
1043 7
1044 7
1045 7
1046 7
1047 7
1048 7
1049 7
1050 7
1051 7
1052 7
1053 7
1054 7
1055 7
1056 7
1057 7
1058 7
1059 7
1060 7
1061 7
1062 7
1063 7
1064 7
1065 7
1066 7
1067 7
1068 7
1069 7
1070 7
1071 7
1072 7
1073 7
1074 7
1075 7
1076 7
1077 7
1078 7
1079 7
1080 -1
1081 -1
1082 -1
1083 -1
1084 -1
1085 -1
1086 -1
1087 7
1088 7
1089 7
1090 7
1091 7
1092 7
1093 7
1094 7
1095 7
1096 7
1097 7
1098 7
1099 7
1100 7
1101 7
1102 7
1103 7
1104 -1
1105 -1
1106 -1
1107 -1
1108 -1
1109 -1
1110 -1
1111 -1
1112 -1
1113 14
1114 14
1115 14
1116 14
1117 14
1118 14
1119 14
1120 -1
1121 -1
1122 -1
1123 -1
1124 -1
1125 -1
1126 -1
1127 -1
1128 -1
1129 7
1130 -1
1131 7
1132 7
1133 7
1134 7
1135 7
1136 7
1137 7
1138 7
1139 7
1140 7
1141 7
1142 7
1143 7
1144 7
1145 7
1146 7
1147 7
1148 7
1149 7
1150 7
1151 7
1152 7
1153 7
1154 7
1155 7
1156 7
1157 7
1158 7
1159 7
1160 7
1161 7
1162 7
1163 7
1164 7
1165 7
1166 7
1167 7
1168 7
1169 -1
1170 -1
1171 -1
1172 -1
1173 -1
1174 -1
1175 -1
1176 8
1177 8
1178 8
1179 8
1180 8
1181 8
1182 8
1183 8
1184 8
1185 8
1186 8
1187 8
1188 8
1189 8
1190 8
1191 8
1192 8
1193 8
1194 8
1195 8
1196 -1
1197 -1
1198 -1
1199 -1
1200 -1
1201 -1
1202 -1
1203 -1
1204 -1
1205 -1
1206 -1
1207 -1
1208 -1
1209 -1
1210 -1
1211 -1
1212 -1
1213 -1
1214 -1
1215 -1
1216 -1
1217 -1
1218 -1
1219 -1
1220 -1
1221 -1
1222 -1
1223 -1
1224 -1
1225 -1
1226 -1
1227 -1
1228 -1
1229 -1
1230 -1
1231 -1
1232 -1
1233 -1
1234 -1
1235 -1
1236 -1
1237 -1
1238 -1
1239 -1
1240 -1
1241 -1
1242 -1
1243 -1
1244 -1
1245 -1
1246 -1
1247 -1
1248 9
1249 9
1250 9
1251 9
1252 9
1253 9
1254 -1
1255 9
1256 -1
1257 9
1258 9
1259 9
1260 9
1261 9
1262 9
1263 9
1264 -1
1265 -1
1266 -1
1267 9
1268 9
1269 9
1270 9
1271 9
1272 9
1273 9
1274 9
1275 9
1276 9
1277 9
1278 9
1279 9
1280 -1
1281 -1
1282 -1
1283 -1
1284 -1
1285 -1
1286 -1
1287 -1
1288 -1
1289 -1
1290 -1
1291 -1
1292 -1
1293 -1
1294 -1
1295 -1
1296 -1
1297 -1
1298 -1
1299 -1
1300 -1
1301 -1
1302 -1
1303 -1
1304 -1
1305 -1
1306 -1
1307 -1
1308 -1
1309 -1
1310 -1
1311 -1
1312 -1
1313 -1
1314 -1
1315 -1
1316 -1
1317 -1
1318 -1
1319 -1
1320 -1
1321 -1
1322 -1
1323 -1
1324 -1
1325 -1
1326 -1
1327 -1
1328 -1
1329 -1
1330 -1
1331 -1
1332 -1
1333 -1
1334 -1
1335 -1
1336 -1
1337 -1
1338 -1
1339 -1
1340 -1
1341 -1
1342 -1
1343 -1
1344 -1
1345 -1
1346 -1
1347 -1
1348 -1
1349 -1
1350 -1
1351 -1
1352 -1
1353 -1
1354 -1
1355 -1
1356 -1
1357 -1
1358 -1
1359 -1
1360 -1
1361 -1
1362 -1
1363 -1
1364 -1
1365 -1
1366 -1
1367 -1
1368 -1
1369 -1
1370 -1
1371 -1
1372 -1
1373 -1
1374 -1
1375 -1
1376 -1
1377 -1
1378 -1
1379 -1
1380 -1
1381 -1
1382 -1
1383 -1
1384 -1
1385 -1
1386 -1
1387 -1
1388 -1
1389 -1
1390 -1
1391 -1
1392 -1
1393 -1
1394 -1
1395 -1
1396 -1
1397 -1
1398 -1
1399 -1
1400 -1
1401 -1
1402 -1
1403 -1
1404 -1
1405 -1
1406 -1
1407 -1
1408 -1
1409 -1
1410 -1
1411 -1
1412 -1
1413 -1
1414 -1
1415 -1
1416 -1
1417 -1
1418 -1
1419 -1
1420 -1
1421 -1
1422 -1
1423 -1
1424 -1
1425 -1
1426 -1
1427 -1
1428 -1
1429 -1
1430 -1
1431 -1
1432 -1
1433 -1
1434 -1
1435 -1
1436 -1
1437 -1
1438 -1
1439 -1
1440 -1
1441 -1
1442 -1
1443 -1
1444 -1
1445 -1
1446 -1
1447 -1
1448 4
1449 4
1450 4
1451 4
1452 4
1453 4
1454 4
1455 4
1456 -1
1457 -1
1458 -1
1459 4
1460 -1
1461 -1
1462 -1
1463 4
1464 4
1465 4
1466 4
1467 4
1468 4
1469 4
1470 -1
1471 -1
1472 -1
1473 -1
1474 -1
1475 -1
1476 -1
1477 -1
1478 -1
1479 -1
1480 -1
1481 -1
1482 -1
1483 -1
1484 -1
1485 -1
1486 -1
1487 -1
1488 -1
1489 -1
1490 -1
1491 -1
1492 -1
1493 -1
1494 -1
1495 -1
1496 -1
1497 -1
1498 -1
1499 -1
1500 -1
1501 -1
1502 -1
1503 -1
1504 -1
1505 -1
1506 -1
1507 -1
1508 -1
1509 -1
1510 -1
1511 -1
1512 -1
1513 -1
1514 -1
1515 -1
1516 -1
1517 -1
1518 -1
1519 -1
1520 -1
1521 -1
1522 14
1523 14
1524 14
1525 14
1526 14
1527 14
1528 14
1529 14
1530 14
1531 14
1532 14
1533 14
1534 14
1535 14
1536 14
1537 -1
1538 -1
1539 -1
1540 -1
1541 -1
1542 -1
1543 -1
1544 -1
1545 -1
1546 -1
1547 -1
1548 -1
1549 -1
1550 -1
1551 -1
1552 -1
1553 -1
1554 -1
1555 -1
1556 -1
1557 -1
1558 -1
1559 -1
1560 -1
1561 -1
1562 -1
1563 -1
1564 -1
1565 -1
1566 -1
1567 -1
1568 -1
1569 -1
1570 -1
1571 -1
1572 -1
1573 -1
1574 -1
1575 -1
1576 -1
1577 -1
1578 -1
1579 -1
1580 -1
1581 -1
1582 -1
1583 -1
1584 -1
1585 -1
1586 -1
1587 -1
1588 -1
1589 -1
1590 -1
1591 -1
1592 -1
1593 -1
1594 -1
1595 -1
1596 -1
1597 -1
1598 -1
1599 -1
1600 -1
1601 -1
1602 -1
1603 -1
1604 -1
1605 -1
1606 -1
1607 -1
1608 -1
1609 -1
1610 -1
1611 -1
1612 -1
1613 -1
1614 -1
1615 -1
1616 -1
1617 -1
1618 -1
1619 -1
1620 -1
1621 -1
1622 -1
1623 -1
1624 -1
1625 -1
1626 -1
1627 -1
1628 -1
1629 -1
1630 -1
1631 -1
1632 -1
1633 -1
1634 -1
1635 -1
1636 -1
1637 -1
1638 -1
1639 -1
1640 4
1641 4
1642 4
1643 4
1644 4
1645 4
1646 4
1647 4
1648 -1
1649 -1
1650 -1
1651 -1
1652 -1
1653 -1
1654 -1
1655 -1
1656 -1
1657 -1
1658 -1
1659 -1
1660 -1
1661 -1
1662 -1
1663 9
1664 -1
1665 9
1666 -1
1667 9
1668 9
1669 9
1670 -1
1671 -1
1672 -1
1673 -1
1674 -1
1675 -1
1676 -1
1677 -1
1678 -1
1679 -1
1680 10
1681 10
1682 10
1683 10
1684 10
1685 10
1686 10
1687 10
1688 -1
1689 10
1690 10
1691 10
1692 10
1693 10
1694 10
1695 10
1696 10
1697 10
1698 10
1699 10
1700 10
1701 10
1702 10
1703 10
1704 10
1705 10
1706 10
1707 10
1708 10
1709 10
1710 10
1711 10
1712 10
1713 -1
1714 -1
1715 -1
1716 -1
1717 -1
1718 -1
1719 -1
1720 -1
1721 -1
1722 -1
1723 -1
1724 -1
1725 -1
1726 -1
1727 -1
1728 -1
1729 -1
1730 -1
1731 -1
1732 -1
1733 -1
1734 -1
1735 -1
1736 -1
1737 -1
1738 -1
1739 -1
1740 -1
1741 -1
1742 -1
1743 -1
1744 -1
1745 -1
1746 -1
1747 -1
1748 -1
1749 -1
1750 -1
1751 -1
1752 -1
1753 -1
1754 -1
1755 -1
1756 -1
1757 -1
1758 -1
1759 -1
1760 -1
1761 -1
1762 -1
1763 -1
1764 -1
1765 -1
1766 -1
1767 -1
1768 -1
1769 2
1770 -1
1771 2
1772 -1
1773 2
1774 2
1775 2
1776 2
1777 -1
1778 -1
1779 -1
1780 -1
1781 -1
1782 -1
1783 -1
1784 -1
1785 -1
1786 -1
1787 -1
1788 -1
1789 -1
1790 -1
1791 -1
1792 -1
1793 -1
1794 11
1795 11
1796 11
1797 11
1798 11
1799 11
1800 11
1801 11
1802 11
1803 11
1804 11
1805 11
1806 11
1807 11
1808 11
1809 11
1810 11
1811 11
1812 11
1813 11
1814 11
1815 11
1816 11
1817 11
1818 11
1819 11
1820 11
1821 11
1822 11
1823 11
1824 11
1825 11
1826 11
1827 11
1828 11
1829 11
1830 11
1831 11
1832 11
1833 11
1834 11
1835 11
1836 11
1837 11
1838 -1
1839 -1
1840 -1
1841 -1
1842 -1
1843 -1
1844 -1
1845 -1
1846 -1
1847 0
1848 0
1849 0
1850 0
1851 -1
1852 0
1853 0
1854 0
1855 0
1856 0
1857 -1
1858 -1
1859 -1
1860 -1
1861 -1
1862 -1
1863 -1
1864 -1
1865 -1
1866 -1
1867 12
1868 12
1869 12
1870 12
1871 12
1872 12
1873 12
1874 12
1875 12
1876 12
1877 12
1878 12
1879 12
1880 12
1881 12
1882 12
1883 12
1884 12
1885 12
1886 12
1887 12
1888 12
1889 12
1890 12
1891 12
1892 12
1893 12
1894 12
1895 12
1896 12
1897 12
1898 12
1899 12
1900 12
1901 12
1902 12
1903 12
1904 12
1905 12
1906 12
1907 12
1908 12
1909 12
1910 12
1911 12
1912 12
1913 12
1914 12
1915 12
1916 12
1917 12
1918 12
1919 12
1920 12
1921 12
1922 -1
1923 -1
1924 -1
1925 -1
1926 -1
1927 -1
1928 -1
1929 13
1930 13
1931 13
1932 13
1933 13
1934 13
1935 13
1936 13
1937 13
1938 13
1939 13
1940 13
1941 13
1942 13
1943 13
1944 13
1945 13
1946 -1
1947 -1
1948 -1
1949 -1
1950 -1
1951 -1
1952 -1
1953 -1
1954 -1
1955 -1
1956 -1
1957 -1
1958 -1
1959 -1
1960 -1
1961 -1
1962 -1
1963 -1
1964 -1
1965 -1
1966 -1
1967 -1
1968 -1
1969 -1
1970 -1
1971 -1
1972 -1
1973 -1
1974 -1
1975 -1
1976 -1
1977 -1
1978 -1
1979 -1
1980 -1
1981 -1
1982 -1
1983 -1
1984 -1
1985 -1
1986 -1
1987 -1
1988 -1
1989 -1
1990 -1
1991 -1
1992 -1
1993 -1
1994 -1
1995 -1
1996 -1
1997 -1
1998 -1
1999 -1
2000 -1
2001 -1
2002 -1
2003 -1
2004 -1
2005 -1
2006 -1
2007 -1
2008 -1
2009 -1
2010 -1
2011 -1
2012 -1
2013 -1
2014 -1
2015 -1
2016 -1
2017 14
2018 14
2019 14
2020 14
2021 14
2022 14
2023 14
2024 14
2025 14
2026 -1
2027 -1
2028 -1
2029 -1
2030 -1
2031 -1
2032 -1
2033 16
2034 16
2035 16
2036 16
2037 16
2038 16
2039 16
2040 16
2041 16
2042 16
2043 16
2044 16
2045 16
2046 16
2047 16
2048 16
2049 16
2050 16
2051 16
2052 16
2053 16
2054 16
2055 16
2056 16
2057 16
2058 16
2059 16
2060 16
2061 16
2062 16
2063 16
2064 16
2065 16
2066 16
2067 16
2068 16
2069 16
2070 16
2071 16
2072 16
2073 16
2074 16
2075 16
2076 16
2077 16
2078 16
2079 16
2080 16
2081 16
2082 16
2083 16
2084 16
2085 16
2086 -1
2087 -1
2088 -1
2089 -1
2090 -1
2091 -1
2092 -1
2093 -1
2094 -1
2095 17
2096 17
2097 17
2098 17
2099 17
2100 17
2101 -1
2102 -1
2103 -1
2104 17
2105 17
2106 17
2107 -1
2108 -1
2109 -1
2110 -1
2111 -1
2112 -1
2113 -1
2114 -1
2115 -1
2116 -1
2117 -1
2118 -1
2119 -1
2120 -1
2121 -1
2122 -1
2123 -1
2124 -1
2125 -1
2126 -1
2127 -1
2128 -1
2129 -1
2130 -1
2131 -1
2132 -1
2133 -1
2134 -1
2135 -1
2136 -1
2137 -1
2138 27
2139 27
2140 27
2141 27
2142 -1
2143 -1
2144 -1
2145 -1
2146 -1
2147 -1
2148 -1
2149 -1
2150 -1
2151 -1
2152 -1
2153 -1
2154 -1
2155 -1
2156 -1
2157 -1
2158 17
2159 17
2160 17
2161 17
2162 17
2163 17
2164 17
2165 17
2166 17
2167 17
2168 17
2169 17
2170 17
2171 17
2172 17
2173 17
2174 17
2175 17
2176 17
2177 17
2178 17
2179 17
2180 17
2181 17
2182 17
2183 17
2184 17
2185 17
2186 17
2187 17
2188 17
2189 17
2190 17
2191 17
2192 17
2193 17
2194 -1
2195 -1
2196 -1
2197 -1
2198 -1
2199 -1
2200 -1
2201 -1
2202 -1
2203 -1
2204 -1
2205 -1
2206 -1
2207 -1
2208 -1
2209 -1
2210 -1
2211 -1
2212 -1
2213 -1
2214 -1
2215 -1
2216 -1
2217 18
2218 18
2219 18
2220 18
2221 18
2222 18
2223 18
2224 18
2225 18
2226 18
2227 18
2228 18
2229 18
2230 18
2231 18
2232 18
2233 18
2234 -1
2235 18
2236 18
2237 18
2238 18
2239 18
2240 18
2241 18
2242 18
2243 18
2244 18
2245 18
2246 18
2247 18
2248 18
2249 18
2250 18
2251 18
2252 18
2253 18
2254 18
2255 18
2256 18
2257 18
2258 18
2259 18
2260 18
2261 18
2262 18
2263 18
2264 18
2265 18
2266 18
2267 18
2268 18
2269 18
2270 18
2271 18
2272 18
2273 18
2274 -1
2275 18
2276 -1
2277 -1
2278 -1
2279 -1
2280 -1
2281 -1
2282 -1
2283 -1
2284 -1
2285 -1
2286 -1
2287 -1
2288 -1
2289 -1
2290 -1
2291 -1
2292 -1
2293 -1
2294 -1
2295 -1
2296 -1
2297 -1
2298 -1
2299 -1
2300 -1
2301 -1
2302 -1
2303 -1
2304 -1
2305 -1
2306 -1
2307 -1
2308 -1
2309 -1
2310 -1
2311 -1
2312 -1
2313 20
2314 20
2315 20
2316 20
2317 20
2318 20
2319 20
2320 20
2321 20
2322 20
2323 20
2324 20
2325 20
2326 20
2327 20
2328 20
2329 20
2330 20
2331 20
2332 20
2333 20
2334 20
2335 20
2336 20
2337 20
2338 20
2339 20
2340 20
2341 20
2342 20
2343 20
2344 20
2345 20
2346 20
2347 -1
2348 -1
2349 -1
2350 -1
2351 -1
2352 -1
2353 -1
2354 -1
2355 -1
2356 -1
2357 -1
2358 -1
2359 -1
2360 -1
2361 -1
2362 -1
2363 -1
2364 -1
2365 -1
2366 -1
2367 -1
2368 -1
2369 -1
2370 -1
2371 -1
2372 -1
2373 -1
2374 -1
2375 -1
2376 -1
2377 -1
2378 -1
2379 -1
2380 -1
2381 -1
2382 -1
2383 -1
2384 -1
2385 21
2386 -1
2387 -1
2388 -1
2389 -1
2390 -1
2391 -1
2392 -1
2393 -1
2394 -1
2395 21
2396 -1
2397 -1
2398 -1
2399 -1
2400 -1
2401 21
2402 21
2403 21
2404 -1
2405 21
2406 21
2407 21
2408 21
2409 21
2410 21
2411 -1
2412 21
2413 -1
2414 -1
2415 -1
2416 -1
2417 -1
2418 -1
2419 -1
2420 -1
2421 -1
2422 -1
2423 -1
2424 -1
2425 -1
2426 -1
2427 -1
2428 -1
2429 -1
2430 -1
2431 -1
2432 -1
2433 -1
2434 -1
2435 -1
2436 -1
2437 -1
2438 -1
2439 -1
2440 -1
2441 -1
2442 -1
2443 -1
2444 21
2445 -1
2446 -1
2447 -1
2448 21
2449 -1
2450 -1
2451 -1
2452 -1
2453 -1
2454 -1
2455 -1
2456 21
2457 21
2458 21
2459 21
2460 21
2461 21
2462 -1
2463 -1
2464 -1
2465 -1
2466 -1
2467 -1
2468 -1
2469 -1
2470 -1
2471 -1
2472 -1
2473 -1
2474 -1
2475 -1
2476 -1
2477 -1
2478 -1
2479 -1
2480 -1
2481 -1
2482 -1
2483 -1
2484 -1
2485 -1
2486 -1
2487 -1
2488 -1
2489 21
2490 21
2491 21
2492 -1
2493 -1
2494 -1
2495 -1
2496 -1
2497 -1
2498 -1
2499 -1
2500 -1
2501 -1
2502 -1
2503 -1
2504 -1
2505 -1
2506 -1
2507 -1
2508 -1
2509 -1
2510 -1
2511 -1
2512 -1
2513 -1
2514 -1
2515 -1
2516 -1
2517 -1
2518 -1
2519 -1
2520 -1
2521 -1
2522 -1
2523 -1
2524 -1
2525 12
2526 12
2527 12
2528 -1
2529 12
2530 12
2531 12
2532 12
2533 12
2534 12
2535 12
2536 12
2537 12
2538 -1
2539 12
2540 12
2541 12
2542 12
2543 12
2544 12
2545 12
2546 12
2547 12
2548 12
2549 12
2550 12
2551 -1
2552 -1
2553 -1
2554 12
2555 12
2556 12
2557 12
2558 12
2559 12
2560 12
2561 12
2562 12
2563 12
2564 12
2565 12
2566 -1
2567 -1
2568 -1
2569 -1
2570 -1
2571 -1
2572 -1
2573 -1
2574 -1
2575 -1
2576 -1
2577 -1
2578 23
2579 23
2580 23
2581 23
2582 23
2583 -1
2584 -1
2585 -1
2586 -1
2587 -1
2588 -1
2589 -1
2590 -1
2591 -1
2592 23
2593 -1
2594 -1
2595 -1
2596 -1
2597 -1
2598 -1
2599 -1
2600 -1
2601 -1
2602 -1
2603 -1
2604 26
2605 -1
2606 -1
2607 -1
2608 -1
2609 -1
2610 -1
2611 -1
2612 -1
2613 -1
2614 -1
2615 -1
2616 -1
2617 -1
2618 26
2619 26
2620 26
2621 26
2622 26
2623 -1
2624 -1
2625 -1
2626 -1
2627 -1
2628 -1
2629 -1
2630 -1
2631 -1
2632 -1
2633 -1
2634 -1
2635 -1
2636 -1
2637 26
2638 -1
2639 -1
2640 -1
2641 -1
2642 -1
2643 -1
2644 -1
2645 -1
2646 -1
2647 -1
2648 -1
2649 -1
2650 -1
2651 -1
2652 -1
2653 -1
2654 -1
2655 -1
2656 -1
2657 -1
2658 -1
2659 -1
2660 -1
2661 -1
2662 -1
2663 -1
2664 -1
2665 -1
2666 -1
2667 -1
2668 -1
2669 -1
2670 -1
2671 -1
2672 -1
2673 18
2674 18
2675 18
2676 18
2677 18
2678 18
2679 18
2680 -1
2681 -1
2682 -1
2683 -1
2684 -1
2685 -1
2686 -1
2687 -1
2688 -1
2689 18
2690 -1
2691 18
2692 18
2693 18
2694 18
2695 18
2696 18
2697 -1
2698 -1
2699 -1
2700 18
2701 18
2702 18
2703 18
2704 18
2705 18
2706 18
2707 18
2708 18
2709 18
2710 18
2711 18
2712 -1
2713 -1
2714 -1
2715 -1
2716 -1
2717 -1
2718 -1
2719 -1
2720 -1
2721 -1
2722 -1
2723 -1
2724 -1
2725 18
2726 -1
2727 -1
2728 -1
2729 18
2730 18
2731 18
2732 18
2733 18
2734 18
2735 18
2736 18
2737 18
2738 18
2739 18
2740 18
2741 18
2742 18
2743 18
2744 18
2745 18
2746 18
2747 -1
2748 -1
2749 -1
2750 -1
2751 -1
2752 -1
2753 -1
2754 26
2755 26
2756 26
2757 26
2758 26
2759 26
2760 26
2761 26
2762 26
2763 26
2764 26
2765 -1
2766 -1
2767 -1
2768 -1
2769 -1
2770 -1
2771 -1
2772 -1
2773 -1
2774 26
2775 26
2776 26
2777 26
2778 -1
2779 -1
2780 -1
2781 -1
2782 -1
2783 -1
2784 -1
2785 -1
2786 25
2787 25
2788 25
2789 25
2790 25
2791 25
2792 25
2793 25
2794 25
2795 25
2796 25
2797 25
2798 25
2799 25
2800 25
2801 25
2802 25
2803 25
2804 25
2805 25
2806 25
2807 25
2808 25
2809 25
2810 -1
2811 -1
2812 -1
2813 -1
2814 -1
2815 -1
2816 -1
2817 -1
2818 -1
2819 -1
2820 -1
2821 -1
2822 -1
2823 -1
2824 -1
2825 -1
2826 -1
2827 -1
2828 -1
2829 -1
2830 -1
2831 -1
2832 -1
2833 26
2834 26
2835 26
2836 26
2837 26
2838 26
2839 26
2840 26
2841 26
2842 26
2843 26
2844 26
2845 26
2846 26
2847 26
2848 26
2849 26
2850 26
2851 26
2852 26
2853 26
2854 26
2855 26
2856 26
2857 26
2858 26
2859 26
2860 26
2861 26
2862 26
2863 26
2864 26
2865 26
2866 26
2867 26
2868 26
2869 26
2870 26
2871 26
2872 26
2873 26
2874 26
2875 26
2876 26
2877 26
2878 26
2879 26
2880 26
2881 26
2882 26
2883 26
2884 26
2885 26
2886 26
2887 26
2888 26
2889 -1
2890 -1
2891 -1
2892 -1
2893 -1
2894 -1
2895 -1
2896 -1
2897 -1
2898 -1
2899 -1
