0 -1
1 -1
2 -1
3 -1
4 -1
5 -1
6 -1
7 -1
8 0
9 0
10 0
11 0
12 0
13 0
14 0
15 0
16 0
17 0
18 0
19 0
20 0
21 0
22 -1
23 -1
24 -1
25 -1
26 -1
27 -1
28 -1
29 -1
30 -1
31 -1
32 -1
33 -1
34 -1
35 -1
36 -1
37 -1
38 -1
39 -1
40 -1
41 -1
42 -1
43 -1
44 -1
45 -1
46 -1
47 -1
48 -1
49 1
50 -1
51 -1
52 -1
53 -1
54 -1
55 -1
56 -1
57 -1
58 -1
59 -1
60 -1
61 -1
62 -1
63 1
64 -1
65 -1
66 -1
67 -1
68 -1
69 -1
70 -1
71 -1
72 -1
73 -1
74 -1
75 -1
76 -1
77 -1
78 -1
79 -1
80 -1
81 -1
82 -1
83 2
84 2
85 2
86 2
87 2
88 2
89 2
90 2
91 2
92 2
93 2
94 2
95 2
96 2
97 2
98 2
99 2
100 -1
101 -1
102 -1
103 -1
104 -1
105 -1
106 -1
107 3
108 3
109 3
110 3
111 3
112 3
113 3
114 3
115 3
116 3
117 3
118 3
119 3
120 3
121 -1
122 -1
123 -1
124 -1
125 -1
126 -1
127 -1
128 -1
129 -1
130 -1
131 -1
132 -1
133 -1
134 -1
135 -1
136 -1
137 -1
138 -1
139 -1
140 -1
141 -1
142 4
143 4
144 4
145 4
146 4
147 4
148 4
149 4
150 4
151 4
152 4
153 4
154 4
155 4
156 4
157 4
158 4
159 4
160 4
161 4
162 4
163 4
164 4
165 4
166 4
167 4
168 4
169 4
170 4
171 -1
172 -1
173 -1
174 -1
175 -1
176 -1
177 -1
178 -1
179 -1
180 -1
181 5
182 5
183 5
184 5
185 5
186 5
187 5
188 5
189 5
190 5
191 5
192 5
193 5
194 5
195 5
196 5
197 5
198 5
199 5
200 -1
201 5
202 -1
203 5
204 -1
205 5
206 5
207 5
208 5
209 5
210 5
211 5
212 -1
213 5
214 -1
215 -1
216 -1
217 -1
218 -1
219 -1
220 -1
221 25
222 -1
223 25
224 -1
225 -1
226 -1
227 -1
228 -1
229 -1
230 -1
231 -1
232 -1
233 6
234 6
235 6
236 6
237 6
238 6
239 6
240 6
241 6
242 6
243 6
244 6
245 6
246 6
247 6
248 6
249 6
250 6
251 6
252 6
253 6
254 6
255 6
256 6
257 6
258 6
259 6
260 6
261 6
262 6
263 6
264 6
265 -1
266 -1
267 -1
268 -1
269 -1
270 -1
271 -1
272 -1
273 -1
274 7
275 7
276 7
277 7
278 7
279 7
280 7
281 7
282 7
283 7
284 7
285 7
286 7
287 7
288 7
289 7
290 7
291 7
292 7
293 7
294 7
295 7
296 7
297 7
298 7
299 -1
300 -1
301 -1
302 -1
303 -1
304 -1
305 -1
306 8
307 8
308 8
309 8
310 8
311 8
312 8
313 8
314 8
315 8
316 8
317 8
318 8
319 8
320 8
321 8
322 8
323 8
324 8
325 8
326 8
327 8
328 8
329 8
330 8
331 -1
332 -1
333 -1
334 -1
335 -1
336 -1
337 -1
338 -1
339 -1
340 -1
341 9
342 9
343 9
344 9
345 9
346 9
347 9
348 9
349 9
350 9
351 9
352 9
353 9
354 9
355 9
356 9
357 9
358 9
359 9
360 9
361 9
362 9
363 9
364 9
365 9
366 9
367 9
368 -1
369 -1
370 -1
371 -1
372 -1
373 -1
374 -1
375 10
376 10
377 10
378 10
379 10
380 10
381 10
382 10
383 10
384 10
385 10
386 10
387 10
388 10
389 10
390 10
391 10
392 10
393 10
394 10
395 10
396 10
397 10
398 10
399 10
400 10
401 -1
402 -1
403 -1
404 -1
405 -1
406 -1
407 -1
408 -1
409 -1
410 -1
411 -1
412 -1
413 -1
414 -1
415 11
416 11
417 11
418 11
419 11
420 11
421 11
422 11
423 11
424 11
425 11
426 11
427 11
428 11
429 11
430 -1
431 -1
432 -1
433 -1
434 -1
435 -1
436 -1
437 -1
438 -1
439 -1
440 -1
441 -1
442 -1
443 -1
444 -1
445 -1
446 -1
447 -1
448 -1
449 -1
450 -1
451 -1
452 -1
453 -1
454 -1
455 -1
456 -1
457 -1
458 -1
459 -1
460 -1
461 -1
462 -1
463 -1
464 -1
465 -1
466 -1
467 -1
468 -1
469 -1
470 12
471 12
472 12
473 12
474 12
475 12
476 12
477 12
478 12
479 12
480 -1
481 -1
482 -1
483 -1
484 -1
485 -1
486 -1
487 13
488 13
489 13
490 13
491 13
492 13
493 13
494 13
495 13
496 13
497 13
498 13
499 13
500 13
501 13
502 13
503 13
504 13
505 13
506 13
507 13
508 13
509 13
510 13
511 13
512 -1
513 -1
514 -1
515 -1
516 -1
517 -1
518 -1
519 -1
520 -1
521 14
522 14
523 14
524 14
525 14
526 14
527 14
528 14
529 14
530 14
531 14
532 14
533 14
534 14
535 14
536 14
537 14
538 14
539 14
540 14
541 14
542 14
543 14
544 14
545 14
546 14
547 14
548 14
549 14
550 14
551 14
552 14
553 14
554 14
555 -1
556 -1
557 -1
558 -1
559 -1
560 -1
561 -1
562 15
563 15
564 15
565 15
566 15
567 15
568 15
569 15
570 15
571 15
572 15
573 15
574 15
575 15
576 15
577 15
578 15
579 15
580 15
581 15
582 15
583 15
584 15
585 15
586 15
587 15
588 15
589 15
590 15
591 15
592 15
593 15
594 15
595 15
596 15
597 15
598 15
599 15
600 15
601 -1
602 -1
603 -1
604 -1
605 -1
606 -1
607 -1
608 -1
609 16
610 16
611 16
612 16
613 16
614 16
615 16
616 16
617 16
618 16
619 16
620 16
621 16
622 16
623 16
624 16
625 16
626 16
627 16
628 16
629 16
630 16
631 16
632 16
633 16
634 16
635 16
636 16
637 16
638 16
639 16
640 16
641 16
642 16
643 16
644 16
645 16
646 16
647 16
648 16
649 16
650 16
651 -1
652 -1
653 -1
654 -1
655 -1
656 -1
657 -1
658 -1
659 -1
660 -1
661 -1
662 -1
663 -1
664 -1
665 -1
666 -1
667 -1
668 -1
669 -1
670 -1
671 -1
672 -1
673 -1
674 -1
675 -1
676 -1
677 -1
678 -1
679 -1
680 -1
681 -1
682 -1
683 -1
684 -1
685 -1
686 -1
687 -1
688 -1
689 -1
690 -1
691 -1
692 -1
693 -1
694 -1
695 -1
696 -1
697 -1
698 -1
699 -1
700 -1
701 -1
702 -1
703 18
704 18
705 18
706 18
707 18
708 18
709 18
710 18
711 18
712 18
713 18
714 18
715 18
716 18
717 18
718 18
719 18
720 18
721 18
722 18
723 18
724 18
725 18
726 18
727 18
728 18
729 18
730 18
731 18
732 18
733 18
734 18
735 18
736 18
737 18
738 18
739 18
740 18
741 18
742 18
743 18
744 18
745 -1
746 -1
747 -1
748 -1
749 -1
750 -1
751 -1
752 -1
753 -1
754 -1
755 19
756 19
757 19
758 19
759 19
760 19
761 19
762 19
763 19
764 19
765 19
766 19
767 19
768 19
769 19
770 19
771 19
772 19
773 19
774 19
775 19
776 19
777 19
778 19
779 19
780 19
781 19
782 -1
783 -1
784 -1
785 -1
786 -1
787 -1
788 -1
789 20
790 20
791 20
792 20
793 20
794 20
795 20
796 20
797 20
798 20
799 20
800 20
801 20
802 20
803 20
804 20
805 20
806 20
807 20
808 20
809 20
810 20
811 20
812 20
813 20
814 20
815 20
816 20
817 -1
818 -1
819 -1
820 -1
821 -1
822 -1
823 -1
824 -1
825 -1
826 -1
827 -1
828 -1
829 -1
830 -1
831 -1
832 -1
833 -1
834 -1
835 21
836 -1
837 21
838 21
839 21
840 -1
841 21
842 -1
843 21
844 21
845 21
846 21
847 21
848 21
849 21
850 21
851 21
852 21
853 -1
854 -1
855 -1
856 -1
857 -1
858 -1
859 -1
860 22
861 22
862 22
863 22
864 22
865 22
866 22
867 22
868 22
869 22
870 22
871 22
872 22
873 22
874 22
875 22
876 22
877 22
878 22
879 22
880 22
881 22
882 22
883 22
884 22
885 22
886 -1
887 -1
888 -1
889 -1
890 -1
891 -1
892 -1
893 -1
894 -1
895 23
896 23
897 23
898 23
899 23
900 23
901 23
902 23
903 23
904 23
905 23
906 23
907 23
908 23
909 23
910 23
911 23
912 23
913 23
914 23
915 23
916 23
917 23
918 23
919 23
920 23
921 23
922 23
923 23
924 -1
925 -1
926 -1
927 -1
928 -1
929 -1
930 -1
931 -1
932 -1
933 -1
934 -1
935 -1
936 -1
937 -1
938 -1
939 -1
940 -1
941 -1
942 -1
943 -1
944 -1
945 -1
946 -1
947 -1
948 -1
949 -1
950 -1
951 -1
952 -1
953 -1
954 -1
955 -1
956 -1
957 -1
958 -1
959 -1
960 -1
961 -1
962 -1
963 -1
964 -1
965 -1
966 -1
967 -1
968 -1
969 -1
970 -1
971 -1
972 -1
973 -1
974 -1
975 -1
976 -1
977 -1
978 -1
979 -1
980 24
981 24
982 24
983 24
984 -1
985 -1
986 -1
987 -1
988 24
989 24
990 24
991 -1
992 24
993 24
994 24
995 24
996 24
997 24
998 24
999 24
1000 24
1001 24
1002 24
1003 24
1004 24
1005 24
1006 24
1007 24
1008 24
1009 24
1010 24
1011 24
1012 24
1013 24
1014 24
1015 24
1016 24
1017 24
1018 24
1019 24
1020 24
1021 24
1022 24
1023 24
1024 24
1025 24
1026 24
1027 24
1028 24
1029 24
1030 24
1031 24
1032 24
1033 24
1034 -1
1035 -1
1036 -1
1037 -1
1038 -1
1039 -1
1040 -1
1041 -1
1042 -1
1043 -1
1044 -1
1045 -1
1046 -1
1047 -1
1048 -1
1049 -1
1050 -1
1051 -1
1052 -1
1053 -1
1054 -1
1055 25
1056 25
1057 25
1058 25
1059 25
1060 25
1061 25
1062 25
1063 25
1064 25
1065 25
1066 25
1067 25
1068 -1
1069 25
1070 25
1071 25
1072 25
1073 -1
1074 -1
1075 -1
1076 -1
1077 -1
1078 -1
1079 -1
1080 -1
1081 -1
1082 -1
1083 -1
1084 -1
1085 -1
1086 -1
1087 -1
1088 26
1089 26
1090 26
1091 26
1092 26
1093 26
1094 26
1095 26
1096 26
1097 26
1098 26
1099 26
1100 26
1101 26
1102 26
1103 26
1104 26
1105 26
1106 26
1107 26
1108 26
1109 26
1110 26
1111 26
1112 26
1113 26
1114 26
1115 26
1116 26
1117 26
1118 26
1119 26
1120 26
1121 26
1122 26
1123 26
1124 26
1125 26
1126 26
1127 26
1128 26
1129 26
1130 26
1131 26
1132 26
1133 26
1134 26
1135 26
1136 26
1137 26
1138 26
1139 26
1140 26
1141 26
1142 26
1143 26
1144 26
1145 26
1146 26
1147 26
1148 26
1149 26
1150 26
1151 26
1152 26
1153 26
1154 -1
1155 -1
1156 -1
1157 -1
1158 -1
1159 -1
1160 -1
1161 -1
1162 -1
1163 -1
1164 -1
1165 -1
1166 -1
1167 -1
1168 -1
1169 18
1170 18
1171 18
1172 18
1173 18
1174 18
1175 18
1176 18
1177 18
1178 18
1179 18
1180 18
1181 18
1182 18
