0 -1
1 -1
2 -1
3 -1
4 -1
5 -1
6 -1
7 -1
8 0
9 0
10 0
11 0
12 0
13 0
14 0
15 0
16 0
17 0
18 0
19 0
20 0
21 0
22 0
23 0
24 0
25 0
26 0
27 0
28 0
29 0
30 0
31 0
32 0
33 0
34 0
35 0
36 0
37 0
38 0
39 0
40 0
41 0
42 0
43 0
44 0
45 0
46 0
47 0
48 0
49 0
50 0
51 0
52 0
53 0
54 0
55 0
56 0
57 0
58 0
59 0
60 0
61 0
62 0
63 -1
64 -1
65 -1
66 -1
67 -1
68 -1
69 -1
70 1
71 1
72 1
73 1
74 1
75 1
76 1
77 1
78 1
79 1
80 1
81 1
82 1
83 1
84 1
85 1
86 1
87 1
88 1
89 1
90 1
91 1
92 1
93 1
94 1
95 1
96 1
97 1
98 1
99 1
100 -1
101 -1
102 -1
103 -1
104 -1
105 -1
106 -1
107 -1
108 2
109 2
110 2
111 2
112 2
113 2
114 2
115 2
116 2
117 2
118 2
119 2
120 2
121 2
122 2
123 2
124 2
125 2
126 2
127 2
128 2
129 2
130 -1
131 -1
132 -1
133 -1
134 -1
135 -1
136 -1
137 3
138 3
139 3
140 3
141 3
142 3
143 3
144 3
145 3
146 3
147 3
148 3
149 3
150 3
151 3
152 3
153 3
154 3
155 3
156 3
157 3
158 3
159 3
160 3
161 -1
162 -1
163 -1
164 -1
165 -1
166 -1
167 -1
168 4
169 4
170 4
171 4
172 4
173 4
174 4
175 4
176 4
177 4
178 4
179 4
180 4
181 4
182 4
183 4
184 4
185 4
186 4
187 4
188 4
189 4
190 4
191 4
192 4
193 4
194 -1
195 -1
196 -1
197 -1
198 -1
199 -1
200 -1
201 5
202 5
203 5
204 5
205 5
206 5
207 5
208 5
209 5
210 5
211 5
212 5
213 5
214 5
215 5
216 5
217 5
218 5
219 5
220 5
221 5
222 5
223 5
224 5
225 5
226 5
227 5
228 5
229 5
230 5
231 5
232 5
233 5
234 5
235 5
236 5
237 5
238 -1
239 -1
240 -1
241 -1
242 -1
243 -1
244 -1
245 -1
246 6
247 -1
248 6
249 6
250 6
251 6
252 6
253 6
254 -1
255 -1
256 -1
257 6
258 6
259 6
260 6
261 6
262 6
263 6
264 6
265 6
266 6
267 6
268 6
269 -1
270 -1
271 -1
272 -1
273 -1
274 -1
275 -1
276 -1
277 7
278 7
279 7
280 7
281 7
282 7
283 7
284 7
285 7
286 7
287 7
288 7
289 7
290 7
291 7
292 7
293 7
294 7
295 7
296 -1
297 -1
298 -1
299 -1
300 -1
301 -1
302 -1
303 8
304 8
305 8
306 8
307 8
308 8
309 8
310 8
311 8
312 8
313 8
314 8
315 8
316 8
317 8
318 8
319 8
320 8
321 8
322 8
323 8
324 8
325 8
326 8
327 8
328 8
329 8
330 8
331 8
332 8
333 -1
334 -1
335 -1
336 -1
337 -1
338 -1
339 -1
340 9
341 9
342 9
343 9
344 9
345 9
346 9
347 9
348 9
349 9
350 9
351 9
352 9
353 9
354 9
355 9
356 9
357 9
358 9
359 9
360 9
361 9
362 9
363 -1
364 -1
365 -1
366 -1
367 -1
368 -1
369 -1
370 10
371 10
372 10
373 10
374 10
375 10
376 10
377 10
378 10
379 10
380 10
381 10
382 10
383 10
384 10
385 10
386 10
387 10
388 10
389 10
390 10
391 10
392 10
393 10
394 10
395 10
396 10
397 10
398 10
399 10
400 10
401 10
402 10
403 10
404 10
405 10
406 10
407 10
408 -1
409 -1
410 -1
411 -1
412 -1
413 -1
414 -1
415 -1
416 -1
417 -1
418 -1
419 -1
420 -1
421 -1
422 -1
423 -1
424 -1
425 -1
426 -1
427 -1
428 -1
429 11
430 11
431 11
432 -1
433 -1
434 -1
435 -1
436 -1
437 -1
438 -1
439 -1
440 -1
441 -1
442 -1
443 -1
444 -1
445 -1
446 -1
447 -1
448 12
449 12
450 12
451 12
452 12
453 12
454 12
455 12
456 12
457 12
458 12
459 12
460 12
461 12
462 12
463 12
464 12
465 12
466 12
467 12
468 12
469 -1
470 -1
471 -1
472 -1
473 -1
474 -1
475 -1
476 13
477 13
478 13
479 13
480 13
481 13
482 13
483 13
484 13
485 13
486 13
487 13
488 13
489 13
490 13
491 13
492 13
493 13
494 -1
495 -1
496 -1
497 -1
498 -1
499 -1
500 -1
501 14
502 14
503 14
504 14
505 14
506 14
507 14
508 14
509 14
510 -1
511 14
512 -1
513 14
514 14
515 14
516 14
517 14
518 14
519 14
520 14
521 14
522 14
523 14
524 14
525 14
526 14
527 -1
528 -1
529 -1
530 -1
531 -1
532 -1
533 -1
534 15
535 15
536 15
537 15
538 15
539 15
540 15
541 15
542 15
543 15
544 15
545 15
546 15
547 15
548 15
549 15
550 15
551 15
552 15
553 15
554 15
555 -1
556 -1
557 -1
558 -1
559 -1
560 -1
561 -1
562 -1
563 -1
564 -1
565 -1
566 -1
567 -1
568 16
569 -1
570 16
571 16
572 16
573 16
574 16
575 -1
576 -1
577 -1
578 -1
579 -1
580 16
581 16
582 16
583 16
584 16
585 -1
586 16
587 -1
588 -1
589 -1
590 -1
591 -1
592 -1
593 -1
594 -1
595 -1
596 17
597 17
598 17
599 17
600 17
601 17
602 17
603 17
604 17
605 17
606 17
607 17
608 17
609 17
610 17
611 17
612 17
613 17
614 17
615 17
616 -1
617 -1
618 -1
619 -1
620 -1
621 -1
622 -1
623 -1
624 -1
625 -1
626 18
627 18
628 18
629 18
630 18
631 18
632 18
633 18
634 18
635 18
636 18
637 18
638 18
639 18
640 18
641 18
642 18
643 18
644 18
645 18
646 -1
647 -1
648 -1
649 -1
650 -1
651 -1
652 -1
653 -1
654 19
655 19
656 19
657 19
658 19
659 19
660 19
661 19
662 19
663 19
664 19
665 19
666 19
667 19
668 19
669 19
670 19
671 19
672 19
673 19
674 19
675 -1
676 -1
677 -1
678 -1
679 -1
680 -1
681 -1
682 20
683 20
684 20
685 20
686 20
687 20
688 20
689 20
690 20
691 20
692 20
693 20
694 20
695 20
696 20
697 20
698 20
699 20
700 20
701 20
702 -1
703 -1
704 -1
705 -1
706 -1
707 -1
708 -1
709 -1
710 -1
711 -1
712 21
713 21
714 21
715 21
716 21
717 21
718 21
719 21
720 21
721 21
722 21
723 21
724 21
725 21
726 21
727 21
728 21
729 21
730 -1
731 -1
732 -1
733 -1
734 -1
735 -1
736 -1
737 -1
738 -1
739 -1
740 -1
741 -1
742 -1
743 -1
744 -1
745 -1
746 -1
747 -1
748 -1
749 22
750 22
751 22
752 22
753 22
754 -1
755 22
756 22
757 22
758 22
759 22
760 22
761 22
762 -1
763 -1
764 -1
765 -1
766 -1
767 -1
768 -1
769 -1
770 -1
771 -1
772 -1
773 -1
774 -1
775 -1
776 -1
777 -1
778 -1
779 -1
780 -1
781 -1
782 -1
783 -1
784 -1
785 -1
786 -1
787 -1
788 -1
789 -1
790 -1
791 -1
792 -1
793 -1
794 -1
795 -1
796 -1
797 -1
798 -1
799 -1
800 -1
801 -1
802 -1
803 -1
804 -1
805 -1
806 -1
807 -1
808 -1
809 -1
810 -1
811 -1
812 -1
813 -1
814 -1
815 -1
816 -1
817 24
818 24
819 24
820 24
821 24
822 24
823 24
824 24
825 24
826 24
827 24
828 24
829 24
830 24
831 24
832 24
833 24
834 24
835 24
836 24
837 24
838 24
839 24
840 -1
841 -1
842 -1
843 -1
844 -1
845 -1
846 -1
847 25
848 25
849 25
850 25
851 25
852 25
853 25
854 25
855 25
856 25
857 25
858 25
859 25
860 25
861 25
862 25
863 25
864 25
865 25
866 -1
867 -1
868 -1
869 -1
870 -1
871 -1
872 -1
873 -1
874 -1
875 -1
876 -1
877 -1
878 -1
879 -1
880 26
881 26
882 26
883 26
884 26
885 26
886 26
887 26
888 26
889 26
890 26
891 26
892 26
893 26
894 26
895 26
896 26
897 26
898 26
899 26
900 26
901 26
902 26
903 26
904 26
905 26
906 -1
907 -1
908 -1
909 -1
910 -1
911 -1
912 -1
913 -1
914 -1
915 -1
916 -1
917 -1
918 -1
919 -1
920 -1
921 -1
922 -1
923 27
924 27
925 27
926 27
927 27
928 27
929 27
