0 -1
1 -1
2 -1
3 -1
4 -1
5 -1
6 -1
7 -1
8 -1
9 -1
10 -1
11 -1
12 -1
13 0
14 0
15 0
16 0
17 0
18 0
19 0
20 0
21 0
22 0
23 0
24 0
25 0
26 0
27 0
28 0
29 0
30 0
31 0
32 0
33 0
34 0
35 0
36 0
37 0
38 0
39 0
40 0
41 0
42 0
43 0
44 0
45 0
46 0
47 0
48 0
49 0
50 0
51 0
52 0
53 0
54 0
55 0
56 0
57 0
58 0
59 0
60 0
61 0
62 0
63 0
64 0
65 0
66 0
67 0
68 0
69 0
70 0
71 0
72 0
73 0
74 0
75 0
76 0
77 0
78 0
79 -1
80 -1
81 -1
82 -1
83 -1
84 -1
85 -1
86 -1
87 -1
88 -1
89 -1
90 -1
91 -1
92 -1
93 -1
94 -1
95 -1
96 -1
97 -1
98 -1
99 -1
100 1
101 -1
102 1
103 1
104 1
105 -1
106 -1
107 -1
108 -1
109 -1
110 -1
111 -1
112 -1
113 -1
114 2
115 2
116 2
117 2
118 2
119 2
120 2
121 2
122 2
123 2
124 2
125 2
126 2
127 2
128 2
129 2
130 2
131 2
132 2
133 2
134 2
135 2
136 2
137 2
138 2
139 2
140 2
141 2
142 2
143 2
144 2
145 -1
146 -1
147 -1
148 -1
149 -1
150 -1
151 -1
152 3
153 3
154 3
155 3
156 3
157 3
158 3
159 3
160 3
161 3
162 3
163 3
164 3
165 3
166 3
167 3
168 3
169 3
170 3
171 3
172 3
173 -1
174 -1
175 -1
176 -1
177 -1
178 -1
179 -1
180 -1
181 -1
182 -1
183 -1
184 -1
185 -1
186 -1
187 -1
188 -1
189 -1
190 -1
191 -1
192 -1
193 -1
194 -1
195 -1
196 -1
197 -1
198 -1
199 -1
200 -1
201 -1
202 4
203 4
204 4
205 4
206 4
207 4
208 4
209 -1
210 4
211 4
212 4
213 4
214 4
215 4
216 4
217 4
218 4
219 4
220 4
221 4
222 4
223 4
224 4
225 4
226 4
227 4
228 4
229 4
230 4
231 4
232 4
233 4
234 4
235 4
236 4
237 4
238 4
239 4
240 4
241 4
242 4
243 4
244 4
245 4
246 -1
247 -1
248 -1
249 -1
250 -1
251 -1
252 -1
253 5
254 5
255 5
256 5
257 5
258 5
259 5
260 5
261 5
262 5
263 5
264 5
265 5
266 5
267 5
268 5
269 5
270 5
271 5
272 5
273 5
274 5
275 5
276 5
277 5
278 5
279 5
280 5
281 5
282 5
283 5
284 5
285 5
286 -1
287 -1
288 -1
289 -1
290 -1
291 -1
292 -1
293 -1
294 -1
295 -1
296 -1
297 -1
298 -1
299 -1
300 -1
301 -1
302 -1
303 -1
304 -1
305 -1
306 -1
307 -1
308 -1
309 -1
310 -1
311 -1
312 -1
313 6
314 6
315 6
316 6
317 6
318 6
319 6
320 6
321 -1
322 6
323 6
324 6
325 6
326 6
327 6
328 6
329 6
330 6
331 6
332 -1
333 6
334 -1
335 -1
336 -1
337 -1
338 -1
339 -1
340 -1
341 6
342 6
343 6
344 6
345 6
346 6
347 -1
348 -1
349 -1
350 -1
351 -1
352 -1
353 -1
354 -1
355 -1
356 -1
357 -1
358 -1
359 -1
360 -1
361 -1
362 -1
363 -1
364 -1
365 -1
366 -1
367 -1
368 -1
369 -1
370 -1
371 -1
372 -1
373 -1
374 -1
375 -1
376 -1
377 -1
378 -1
379 -1
380 -1
381 -1
382 -1
383 -1
384 -1
385 -1
386 -1
387 -1
388 -1
389 -1
390 -1
391 -1
392 -1
393 -1
394 -1
395 -1
396 -1
397 -1
398 -1
399 -1
400 -1
401 -1
402 -1
403 -1
404 -1
405 -1
406 -1
407 -1
408 -1
409 -1
410 -1
411 -1
412 -1
413 -1
414 -1
415 -1
416 -1
417 -1
418 -1
419 -1
420 -1
421 -1
422 27
423 27
424 27
425 27
426 27
427 27
428 27
429 27
430 27
431 -1
432 -1
433 -1
434 -1
435 -1
436 -1
437 -1
438 -1
439 -1
440 -1
441 -1
442 -1
443 -1
444 -1
445 -1
446 -1
447 -1
448 -1
449 -1
450 -1
451 -1
452 -1
453 -1
454 -1
455 -1
456 17
457 17
458 17
459 -1
460 -1
461 -1
462 -1
463 -1
464 -1
465 -1
466 -1
467 -1
468 -1
469 -1
470 -1
471 -1
472 -1
473 -1
474 -1
475 -1
476 -1
477 -1
478 -1
479 -1
480 -1
481 -1
482 -1
483 -1
484 -1
485 -1
486 -1
487 -1
488 -1
489 -1
490 -1
491 -1
492 -1
493 -1
494 -1
495 -1
496 -1
497 -1
498 -1
499 -1
500 -1
501 -1
502 -1
503 -1
504 -1
505 -1
506 -1
507 -1
508 -1
509 -1
510 -1
511 -1
512 -1
513 -1
514 -1
515 -1
516 -1
517 -1
518 -1
519 -1
520 -1
521 -1
522 -1
523 -1
524 -1
525 -1
526 -1
527 -1
528 -1
529 7
530 7
531 7
532 7
533 7
534 7
535 7
536 7
537 7
538 7
539 7
540 7
541 7
542 7
543 7
544 7
545 7
546 7
547 7
548 7
549 7
550 -1
551 -1
552 -1
553 -1
554 -1
555 -1
556 -1
557 8
558 8
559 8
560 8
561 8
562 8
563 8
564 8
565 8
566 8
567 8
568 8
569 8
570 8
571 8
572 8
573 8
574 8
575 8
576 8
577 8
578 8
579 -1
580 -1
581 -1
582 -1
583 -1
584 -1
585 -1
586 -1
587 -1
588 -1
589 -1
590 9
591 9
592 9
593 9
594 9
595 9
596 9
597 9
598 9
599 9
600 9
601 9
602 9
603 9
604 9
605 9
606 9
607 9
608 9
609 9
610 9
611 9
612 9
613 9
614 9
615 9
616 9
617 9
618 9
619 9
620 9
621 9
622 9
623 9
624 9
625 9
626 9
627 9
628 -1
629 -1
630 -1
631 -1
632 -1
633 -1
634 -1
635 10
636 10
637 10
638 10
639 10
640 10
641 10
642 10
643 10
644 10
645 10
646 10
647 10
648 10
649 10
650 10
651 10
652 10
653 10
654 10
655 10
656 10
657 10
658 10
659 10
660 10
661 10
662 -1
663 -1
664 -1
665 -1
666 -1
667 -1
668 -1
669 11
670 11
671 11
672 11
673 11
674 11
675 11
676 11
677 11
678 11
679 11
680 11
681 11
682 11
683 11
684 11
685 11
686 11
687 11
688 11
689 11
690 11
691 11
692 11
693 11
694 -1
695 -1
696 -1
697 -1
698 -1
699 -1
700 -1
701 -1
702 -1
703 -1
704 -1
705 -1
706 -1
707 -1
708 -1
709 -1
710 -1
711 -1
712 -1
713 12
714 12
715 12
716 12
717 12
718 12
719 12
720 12
721 12
722 12
723 12
724 12
725 12
726 12
727 12
728 12
729 12
730 12
731 12
732 12
733 12
734 12
735 12
736 12
737 12
738 12
739 12
740 12
741 12
742 -1
743 -1
744 -1
745 -1
746 -1
747 -1
748 -1
749 13
750 13
751 13
752 13
753 13
754 13
755 13
756 13
757 13
758 13
759 13
760 13
761 13
762 13
763 13
764 13
765 13
766 13
767 -1
768 -1
769 -1
770 -1
771 -1
772 -1
773 -1
774 -1
775 -1
776 -1
777 14
778 14
779 14
780 14
781 14
782 14
783 14
784 14
785 14
786 14
787 -1
788 14
789 -1
790 14
791 14
792 14
793 14
794 14
795 14
796 14
797 14
798 -1
799 -1
800 -1
801 -1
802 -1
803 -1
804 -1
805 15
806 15
807 15
808 15
809 15
810 15
811 15
812 15
813 15
814 15
815 15
816 15
817 15
818 15
819 15
820 15
821 15
822 15
823 15
824 15
825 15
826 15
827 -1
828 -1
829 -1
830 -1
831 -1
832 -1
833 -1
834 -1
835 -1
836 -1
837 -1
838 -1
839 -1
840 -1
841 -1
842 -1
843 16
844 16
845 16
846 16
847 16
848 16
849 16
850 16
851 16
852 16
853 16
854 16
855 16
856 16
857 16
858 16
859 16
860 16
861 16
862 16
863 16
864 16
865 16
866 16
867 16
868 16
869 16
870 16
871 16
872 16
873 16
874 16
875 16
876 16
877 16
878 16
879 16
880 16
881 16
882 16
883 16
884 16
885 16
886 16
887 16
888 16
889 16
890 16
891 16
892 16
893 16
894 16
895 16
896 16
897 16
898 16
899 16
900 16
901 16
902 16
903 16
904 16
905 16
906 16
907 16
908 16
909 16
910 16
911 16
912 16
913 16
914 16
915 16
916 16
917 16
918 16
919 16
920 16
921 16
922 16
923 16
924 16
925 16
926 16
927 16
928 16
929 16
930 16
931 16
932 16
933 -1
934 16
935 -1
936 16
937 16
938 16
939 16
940 -1
941 16
942 16
943 16
944 16
945 16
946 16
947 16
948 16
949 16
950 16
951 16
952 16
953 16
954 16
955 16
956 16
957 16
958 16
959 16
960 16
961 16
962 16
963 16
964 16
965 16
966 -1
967 -1
968 -1
969 -1
970 -1
971 -1
972 -1
973 -1
974 -1
975 -1
976 -1
977 -1
978 17
979 17
980 17
981 17
982 17
983 17
984 17
985 17
986 17
987 17
988 17
989 17
990 17
991 17
992 17
993 17
994 17
995 17
996 17
997 17
998 17
999 17
1000 17
1001 17
1002 17
1003 17
1004 17
1005 17
1006 17
1007 -1
1008 -1
1009 -1
1010 -1
1011 -1
1012 -1
1013 -1
1014 18
1015 18
1016 18
1017 18
1018 18
1019 18
1020 18
1021 18
1022 18
1023 18
1024 18
1025 18
1026 18
1027 18
1028 18
1029 18
1030 18
1031 18
1032 18
1033 18
1034 18
1035 18
1036 18
1037 18
1038 18
1039 18
1040 18
1041 18
1042 18
1043 18
1044 18
1045 18
1046 -1
1047 -1
1048 -1
1049 -1
1050 -1
1051 -1
1052 -1
1053 -1
1054 -1
1055 -1
1056 -1
1057 19
1058 19
1059 19
1060 19
1061 19
1062 19
1063 19
1064 19
1065 19
1066 19
1067 19
1068 19
1069 19
1070 19
1071 19
1072 19
1073 19
1074 19
1075 19
1076 19
1077 19
1078 19
1079 19
1080 19
1081 19
1082 19
1083 -1
1084 -1
1085 -1
1086 -1
1087 -1
1088 -1
1089 -1
1090 20
1091 20
1092 20
1093 20
1094 20
1095 20
1096 20
1097 20
1098 20
1099 20
1100 20
1101 20
1102 20
1103 20
1104 20
1105 20
1106 20
1107 20
1108 20
1109 20
1110 20
1111 20
1112 20
1113 20
1114 20
1115 -1
1116 -1
1117 -1
1118 -1
1119 -1
1120 -1
1121 -1
1122 -1
1123 -1
1124 -1
1125 -1
1126 -1
1127 -1
1128 -1
1129 -1
1130 -1
1131 -1
1132 -1
1133 -1
1134 -1
1135 -1
1136 -1
1137 -1
1138 -1
1139 -1
1140 -1
1141 -1
1142 -1
1143 -1
1144 -1
1145 22
1146 22
1147 22
1148 22
1149 22
1150 22
1151 22
1152 22
1153 22
1154 22
1155 22
1156 22
1157 22
1158 22
1159 22
1160 22
1161 22
1162 22
1163 22
1164 22
1165 22
1166 22
1167 22
1168 22
1169 -1
1170 -1
1171 -1
1172 -1
1173 -1
1174 -1
1175 -1
1176 -1
1177 -1
1178 -1
1179 23
1180 23
1181 23
1182 23
1183 23
1184 23
1185 23
1186 23
1187 23
1188 23
1189 23
1190 23
1191 23
1192 23
1193 23
1194 23
1195 23
1196 23
1197 23
1198 23
1199 23
1200 -1
1201 -1
1202 -1
1203 -1
1204 -1
1205 -1
1206 -1
1207 -1
1208 -1
1209 -1
1210 24
1211 24
1212 24
1213 24
1214 24
1215 24
1216 24
1217 24
1218 24
1219 24
1220 24
1221 24
1222 24
1223 24
1224 24
1225 24
1226 24
1227 24
1228 24
1229 24
1230 24
1231 24
1232 24
1233 24
1234 24
1235 24
1236 24
1237 24
1238 24
1239 24
1240 24
1241 24
1242 24
1243 24
1244 24
1245 24
1246 24
1247 24
1248 24
1249 24
1250 24
1251 -1
1252 -1
1253 -1
1254 -1
1255 -1
1256 -1
1257 -1
1258 25
1259 25
1260 25
1261 25
1262 25
1263 25
1264 25
1265 25
1266 25
1267 25
1268 25
1269 25
1270 25
1271 25
1272 25
1273 25
1274 25
1275 25
1276 25
1277 25
1278 25
1279 25
1280 -1
1281 -1
1282 -1
1283 -1
1284 -1
1285 -1
1286 -1
1287 -1
1288 -1
1289 -1
1290 -1
1291 -1
1292 -1
1293 -1
1294 26
1295 26
1296 26
1297 26
1298 26
1299 26
1300 26
1301 26
1302 26
1303 26
1304 26
1305 26
1306 26
1307 26
1308 26
1309 26
1310 26
1311 26
1312 26
1313 26
1314 26
1315 26
1316 26
1317 26
1318 26
1319 26
1320 26
1321 26
1322 26
1323 26
1324 26
1325 26
1326 26
1327 26
1328 26
1329 26
1330 26
1331 26
1332 26
1333 26
1334 26
1335 26
1336 26
1337 26
1338 26
1339 26
1340 26
1341 26
1342 26
1343 26
1344 26
1345 -1
1346 -1
1347 -1
1348 -1
1349 -1
1350 -1
1351 -1
1352 -1
1353 -1
1354 -1
1355 -1
1356 -1
1357 -1
1358 -1
1359 -1
1360 -1
1361 -1
1362 -1
1363 -1
1364 -1
1365 -1
1366 -1
1367 -1
1368 -1
1369 -1
1370 -1
1371 -1
1372 -1
