0 -1
1 -1
2 -1
3 -1
4 -1
5 -1
6 -1
7 -1
8 -1
9 -1
10 -1
11 -1
12 -1
13 -1
14 -1
15 -1
16 -1
17 -1
18 -1
19 -1
20 -1
21 -1
22 -1
23 -1
24 -1
25 -1
26 -1
27 -1
28 -1
29 -1
30 -1
31 -1
32 -1
33 -1
34 -1
35 -1
36 -1
37 -1
38 -1
39 -1
40 -1
41 -1
42 -1
43 -1
44 -1
45 -1
46 -1
47 -1
48 -1
49 -1
50 -1
51 -1
52 -1
53 -1
54 -1
55 -1
56 -1
57 -1
58 -1
59 -1
60 -1
61 -1
62 -1
63 -1
64 -1
65 -1
66 -1
67 -1
68 -1
69 -1
70 -1
71 -1
72 -1
73 -1
74 -1
75 -1
76 -1
77 -1
78 -1
79 -1
80 -1
81 -1
82 -1
83 -1
84 -1
85 -1
86 -1
87 -1
88 -1
89 -1
90 -1
91 -1
92 -1
93 -1
94 -1
95 -1
96 -1
97 -1
98 -1
99 -1
100 -1
101 -1
102 -1
103 -1
104 -1
105 -1
106 -1
107 -1
108 -1
109 -1
110 -1
111 -1
112 -1
113 -1
114 -1
115 -1
116 -1
117 -1
118 -1
119 0
120 0
121 0
122 0
123 0
124 0
125 0
126 0
127 0
128 0
129 0
130 0
131 0
132 0
133 0
134 0
135 0
136 0
137 0
138 0
139 0
140 0
141 0
142 0
143 -1
144 -1
145 -1
146 -1
147 -1
148 -1
149 -1
150 -1
151 -1
152 0
153 0
154 0
155 0
156 0
157 -1
158 -1
159 -1
160 -1
161 -1
162 -1
163 -1
164 -1
165 -1
166 23
167 23
168 23
169 23
170 23
171 23
172 23
173 23
174 23
175 23
176 -1
177 -1
178 -1
179 -1
180 -1
181 -1
182 -1
183 -1
184 -1
185 -1
186 -1
187 -1
188 0
189 0
190 0
191 0
192 0
193 0
194 0
195 0
196 0
197 0
198 0
199 0
200 0
201 0
202 0
203 0
204 -1
205 -1
206 -1
207 -1
208 -1
209 -1
210 -1
211 0
212 0
213 0
214 0
215 -1
216 0
217 0
218 0
219 0
220 0
221 0
222 0
223 0
224 0
225 0
226 0
227 0
228 0
229 0
230 -1
231 -1
232 -1
233 0
234 -1
235 0
236 -1
237 0
238 0
239 0
240 0
241 -1
242 0
243 0
244 0
245 0
246 0
247 0
248 0
249 0
250 0
251 0
252 0
253 0
254 0
255 0
256 0
257 0
258 0
259 0
260 0
261 -1
262 -1
263 -1
264 -1
265 -1
266 -1
267 -1
268 2
269 2
270 2
271 -1
272 -1
273 -1
274 -1
275 -1
276 -1
277 -1
278 0
279 0
280 0
281 0
282 0
283 0
284 0
285 0
286 0
287 0
288 0
289 0
290 0
291 -1
292 -1
293 -1
294 -1
295 -1
296 -1
297 -1
298 2
299 2
300 2
301 -1
302 -1
303 -1
304 -1
305 -1
306 -1
307 -1
308 0
309 0
310 0
311 -1
312 -1
313 -1
314 -1
315 -1
316 -1
317 -1
318 -1
319 -1
320 -1
321 -1
322 -1
323 -1
324 -1
325 -1
326 -1
327 -1
328 -1
329 -1
330 -1
331 -1
332 -1
333 -1
334 -1
335 -1
336 1
337 1
338 1
339 1
340 1
341 -1
342 -1
343 -1
344 -1
345 -1
346 -1
347 -1
348 2
349 2
350 2
351 -1
352 -1
353 -1
354 -1
355 -1
356 -1
357 -1
358 -1
359 -1
360 1
361 1
362 1
363 1
364 1
365 1
366 -1
367 -1
368 -1
369 -1
370 -1
371 -1
372 -1
373 2
374 2
375 2
376 2
377 2
378 2
379 2
380 2
381 2
382 2
383 2
384 2
385 2
386 2
387 2
388 2
389 2
390 2
391 2
392 2
393 2
394 2
395 2
396 2
397 2
398 2
399 -1
400 2
401 -1
402 2
403 2
404 2
405 2
406 2
407 -1
408 2
409 -1
410 2
411 2
412 2
413 2
414 2
415 2
416 2
417 2
418 2
419 2
420 2
421 -1
422 -1
423 -1
424 -1
425 -1
426 -1
427 -1
428 3
429 3
430 3
431 3
432 3
433 3
434 3
435 3
436 3
437 3
438 3
439 3
440 3
441 3
442 3
443 3
444 3
445 3
446 3
447 3
448 3
449 3
450 3
451 3
452 3
453 3
454 3
455 3
456 3
457 3
458 3
459 3
460 3
461 3
462 3
463 3
464 3
465 3
466 3
467 -1
468 -1
469 -1
470 -1
471 -1
472 -1
473 -1
474 -1
475 -1
476 -1
477 -1
478 -1
479 4
480 4
481 4
482 4
483 4
484 4
485 4
486 4
487 4
488 4
489 4
490 4
491 -1
492 -1
493 -1
494 -1
495 -1
496 -1
497 -1
498 -1
499 -1
500 -1
501 -1
502 -1
503 -1
504 -1
505 -1
506 -1
507 -1
508 -1
509 -1
510 -1
511 -1
512 -1
513 -1
514 -1
515 -1
516 -1
517 -1
518 -1
519 -1
520 -1
521 -1
522 -1
523 -1
524 5
525 5
526 5
527 -1
528 5
529 -1
530 -1
531 -1
532 -1
533 -1
534 5
535 5
536 5
537 5
538 5
539 5
540 5
541 -1
542 -1
543 -1
544 -1
545 -1
546 -1
547 -1
548 -1
549 -1
550 -1
551 -1
552 -1
553 -1
554 -1
555 -1
556 -1
557 -1
558 -1
559 -1
560 -1
561 -1
562 -1
563 -1
564 -1
565 -1
566 -1
567 -1
568 -1
569 -1
570 -1
571 -1
572 -1
573 -1
574 -1
575 -1
576 -1
577 -1
578 -1
579 -1
580 -1
581 -1
582 -1
583 -1
584 -1
585 -1
586 -1
587 -1
588 -1
589 6
590 6
591 6
592 6
593 6
594 6
595 6
596 -1
597 6
598 6
599 6
600 6
601 -1
602 6
603 -1
604 -1
605 -1
606 -1
607 -1
608 -1
609 -1
610 -1
611 -1
612 -1
613 -1
614 -1
615 7
616 7
617 7
618 7
619 7
620 7
621 7
622 7
623 7
624 7
625 7
626 7
627 7
628 7
629 7
630 7
631 7
632 7
633 7
634 7
635 7
636 7
637 7
638 7
639 7
640 7
641 7
642 7
643 7
644 7
645 7
646 -1
647 -1
648 -1
649 -1
650 -1
651 -1
652 -1
653 8
654 8
655 8
656 8
657 8
658 8
659 8
660 8
661 8
662 8
663 8
664 8
665 8
666 8
667 8
668 8
669 8
670 8
671 8
672 8
673 8
674 8
675 8
676 8
677 8
678 8
679 8
680 8
681 8
682 -1
683 -1
684 -1
685 -1
686 -1
687 -1
688 -1
689 -1
690 -1
691 9
692 9
693 9
694 9
695 9
696 9
697 9
698 9
699 9
700 9
701 9
702 9
703 9
704 9
705 9
706 9
707 9
708 9
709 9
710 9
711 9
712 9
713 9
714 9
715 9
716 9
717 9
718 9
719 9
720 9
721 9
722 9
723 9
724 -1
725 -1
726 -1
727 -1
728 -1
729 -1
730 -1
731 -1
732 -1
733 -1
734 -1
735 -1
736 -1
737 -1
738 -1
739 -1
740 -1
741 -1
742 -1
743 -1
744 -1
745 -1
746 -1
747 -1
748 10
749 10
750 10
751 10
752 10
753 10
754 10
755 10
756 10
757 10
758 10
759 10
760 10
761 10
762 10
763 10
764 10
765 -1
766 -1
767 -1
768 -1
769 -1
770 -1
771 -1
772 -1
773 -1
774 -1
775 -1
776 11
777 11
778 11
779 11
780 11
781 11
782 11
783 11
784 11
785 11
786 11
787 11
788 11
789 11
790 11
791 11
792 11
793 11
794 11
795 11
796 11
797 11
798 11
799 11
800 11
801 11
802 11
803 11
804 11
805 11
806 -1
807 -1
808 -1
809 -1
810 -1
811 -1
812 -1
813 0
814 0
815 0
816 0
817 0
818 0
819 0
820 0
821 0
822 0
823 0
824 0
825 0
826 0
827 0
828 0
829 0
830 0
831 0
832 0
833 0
834 0
835 -1
836 -1
837 -1
838 -1
839 -1
840 -1
841 -1
842 -1
843 -1
844 -1
845 -1
846 -1
847 -1
848 -1
849 -1
850 -1
851 -1
852 -1
853 -1
854 -1
855 -1
856 12
857 12
858 12
859 12
860 12
861 -1
862 -1
863 -1
864 -1
865 -1
866 -1
867 -1
868 -1
869 -1
870 -1
871 -1
872 2
873 2
874 2
875 2
876 2
877 2
878 2
879 2
880 2
881 -1
882 -1
883 -1
884 -1
885 -1
886 -1
887 -1
888 -1
889 -1
890 -1
891 -1
892 -1
893 -1
894 -1
895 -1
896 -1
897 -1
898 -1
899 -1
900 -1
901 -1
902 -1
903 -1
904 -1
905 -1
906 -1
907 -1
908 -1
909 -1
910 -1
911 -1
912 -1
913 -1
914 -1
915 -1
916 -1
917 -1
918 -1
919 -1
920 -1
921 -1
922 -1
923 -1
924 -1
925 -1
926 -1
927 -1
928 -1
929 -1
930 -1
931 -1
932 -1
933 -1
934 -1
935 -1
936 -1
937 -1
938 14
939 14
940 14
941 14
942 14
943 14
944 14
945 14
946 14
947 14
948 14
949 14
950 14
951 14
952 -1
953 -1
954 -1
955 -1
956 -1
957 -1
958 -1
959 -1
960 -1
961 -1
962 -1
963 -1
964 -1
965 -1
966 -1
967 -1
968 -1
969 -1
970 -1
971 -1
972 -1
973 -1
974 -1
975 -1
976 -1
977 -1
978 15
979 15
980 15
981 15
982 15
983 15
984 15
985 15
986 15
987 -1
988 -1
989 -1
990 -1
991 -1
992 -1
993 -1
994 -1
995 -1
996 -1
997 16
998 16
999 16
1000 16
1001 16
1002 16
1003 16
1004 16
1005 16
1006 16
1007 16
1008 16
1009 16
1010 16
1011 16
1012 16
1013 16
1014 16
1015 16
1016 16
1017 16
1018 16
1019 16
1020 16
1021 16
1022 16
1023 16
1024 16
1025 16
1026 16
1027 16
1028 16
1029 16
1030 16
1031 16
1032 16
1033 -1
1034 -1
1035 -1
1036 -1
1037 -1
1038 -1
1039 -1
1040 -1
1041 -1
1042 -1
1043 -1
1044 -1
1045 -1
1046 -1
1047 17
1048 17
1049 17
1050 17
1051 17
1052 17
1053 17
1054 17
1055 17
1056 17
1057 17
1058 17
1059 17
1060 17
1061 17
1062 17
1063 17
1064 17
1065 17
1066 17
1067 17
1068 17
1069 17
1070 17
1071 17
1072 17
1073 17
1074 17
1075 17
1076 17
1077 17
1078 17
1079 17
1080 17
1081 -1
1082 -1
1083 -1
1084 -1
1085 -1
1086 -1
1087 -1
1088 -1
1089 -1
1090 -1
1091 -1
1092 -1
1093 -1
1094 -1
1095 -1
1096 -1
1097 -1
1098 -1
1099 -1
1100 -1
1101 -1
1102 -1
1103 -1
1104 -1
1105 -1
1106 -1
1107 -1
1108 -1
1109 -1
1110 -1
1111 -1
1112 -1
1113 -1
1114 -1
1115 -1
1116 -1
1117 -1
1118 -1
1119 -1
1120 -1
1121 -1
1122 -1
1123 -1
1124 -1
1125 -1
1126 -1
1127 -1
1128 -1
1129 -1
1130 -1
1131 -1
1132 -1
1133 -1
1134 -1
1135 -1
1136 -1
1137 -1
1138 -1
1139 -1
1140 -1
1141 -1
1142 -1
1143 -1
1144 -1
1145 -1
1146 -1
1147 -1
1148 -1
1149 19
1150 19
1151 19
1152 19
1153 19
1154 -1
1155 19
1156 19
1157 19
1158 -1
1159 19
1160 -1
1161 -1
1162 -1
1163 -1
1164 -1
1165 -1
1166 -1
1167 -1
1168 -1
1169 -1
1170 -1
1171 -1
1172 -1
1173 -1
1174 -1
1175 -1
1176 -1
1177 -1
1178 -1
1179 -1
1180 -1
1181 -1
1182 -1
1183 -1
1184 -1
1185 -1
1186 -1
1187 -1
1188 -1
1189 -1
1190 -1
1191 -1
1192 -1
1193 -1
1194 -1
1195 -1
1196 -1
1197 -1
1198 -1
1199 -1
1200 -1
1201 -1
1202 2
1203 -1
1204 2
1205 2
1206 2
1207 2
1208 2
1209 2
1210 2
1211 -1
1212 -1
1213 -1
1214 -1
1215 -1
1216 -1
1217 -1
1218 20
1219 20
1220 20
1221 20
1222 20
1223 20
1224 20
1225 20
1226 20
1227 20
1228 20
1229 20
1230 20
1231 20
1232 20
1233 20
1234 20
1235 20
1236 20
1237 20
1238 20
1239 20
1240 20
1241 -1
1242 -1
1243 -1
1244 -1
1245 -1
1246 -1
1247 -1
1248 -1
1249 15
1250 -1
1251 -1
1252 -1
1253 -1
1254 -1
1255 -1
1256 -1
1257 -1
1258 -1
1259 -1
1260 -1
1261 -1
1262 -1
1263 -1
1264 -1
1265 -1
1266 -1
1267 -1
1268 -1
1269 -1
1270 -1
1271 -1
1272 -1
1273 -1
1274 -1
1275 -1
1276 -1
1277 -1
1278 -1
1279 -1
1280 -1
1281 -1
1282 -1
1283 22
1284 22
1285 22
1286 22
1287 22
1288 22
1289 22
1290 22
1291 -1
1292 -1
1293 -1
1294 -1
1295 -1
1296 -1
1297 -1
1298 -1
1299 -1
1300 -1
1301 -1
1302 -1
1303 -1
1304 -1
1305 -1
1306 -1
1307 -1
1308 22
1309 22
1310 22
1311 -1
1312 -1
1313 -1
1314 -1
1315 -1
1316 -1
1317 -1
1318 -1
1319 -1
1320 -1
1321 -1
1322 -1
1323 -1
1324 -1
1325 -1
1326 -1
1327 -1
1328 -1
1329 -1
1330 -1
1331 -1
1332 -1
1333 -1
1334 -1
1335 -1
1336 -1
1337 -1
1338 -1
1339 -1
1340 -1
1341 -1
1342 -1
1343 -1
1344 -1
1345 -1
1346 -1
1347 -1
1348 -1
1349 -1
1350 -1
1351 -1
1352 -1
1353 -1
1354 -1
1355 -1
1356 -1
1357 -1
1358 -1
1359 -1
1360 -1
1361 -1
1362 -1
1363 -1
1364 -1
1365 -1
1366 -1
1367 -1
1368 -1
1369 -1
1370 24
1371 24
1372 24
1373 24
1374 24
1375 -1
1376 -1
1377 -1
1378 24
1379 24
1380 24
1381 24
1382 24
1383 24
1384 24
1385 24
1386 24
1387 24
1388 24
1389 24
1390 24
1391 24
1392 24
1393 24
1394 24
1395 24
1396 24
1397 24
1398 24
1399 24
1400 24
1401 24
1402 24
1403 24
1404 24
1405 24
1406 24
1407 24
1408 24
1409 24
1410 24
1411 24
1412 24
1413 24
1414 24
1415 24
1416 24
1417 24
1418 -1
1419 -1
1420 -1
1421 -1
1422 -1
1423 -1
1424 -1
1425 25
1426 25
1427 25
1428 25
1429 25
1430 25
1431 25
1432 25
1433 25
1434 25
1435 25
1436 25
1437 25
1438 25
1439 25
1440 25
1441 25
1442 25
1443 25
1444 25
1445 25
1446 25
1447 25
1448 25
1449 25
1450 25
1451 25
1452 25
1453 25
1454 25
1455 25
1456 25
1457 -1
1458 -1
1459 -1
1460 -1
1461 -1
1462 -1
1463 -1
1464 -1
1465 -1
1466 26
1467 26
1468 26
1469 26
1470 26
1471 26
1472 26
1473 26
1474 26
1475 26
1476 26
1477 26
1478 26
1479 26
1480 26
1481 26
1482 26
1483 26
1484 26
1485 26
1486 26
1487 26
1488 26
1489 26
1490 26
1491 26
1492 26
1493 26
1494 26
1495 26
1496 26
1497 26
1498 26
1499 26
1500 26
1501 -1
1502 -1
1503 -1
1504 -1
1505 -1
1506 -1
1507 -1
1508 -1
1509 -1
1510 -1
1511 -1
1512 -1
1513 -1
1514 -1
1515 -1
1516 -1
1517 -1
1518 -1
1519 -1
1520 -1
1521 -1
1522 -1
1523 -1
1524 -1
1525 -1
1526 -1
1527 -1
1528 27
1529 27
1530 27
1531 27
1532 27
1533 27
1534 27
